0 146
1 150
2 154
3 158
4 162
5 166
6 170
7 174
8 178
9 182
10 186
11 190
12 194
13 198
14 202
15 206
16 210
17 214
18 218
19 222
20 226
21 230
22 234
23 238
24 242
25 246
26 250
27 254
28 258
29 262
30 266
31 270
32 274
33 278
34 282
35 286
36 290
37 294
38 298
39 302
40 306
41 310
42 314
43 318
44 322
45 326
46 330
47 334
48 338
49 342
50 346
51 350
52 354
53 358
54 362
55 366
56 370
57 374
58 378
59 382
60 386
61 390
62 394
63 398
64 402
65 406
66 410
67 414
68 418
69 422
70 426
71 430
72 434
73 438
74 442
75 446
76 450
77 454
78 458
79 462
80 466
81 470
82 474
83 478
84 482
85 486
86 490
87 494
88 498
89 502
90 506
91 510
92 514
93 518
94 522
95 526
96 530
97 534
98 538
99 542
100 546
101 550
102 554
103 558
104 562
105 566
106 570
107 574
108 578
109 582
110 586
111 590
112 594
113 598
114 602
115 606
116 610
117 614
118 618
119 622
120 626
121 630
122 634
123 638
124 642
125 646
126 650
127 654
128 658
129 662
130 666
131 670
132 674
133 678
134 682
135 686
136 690
137 694
138 698
139 702
140 706
141 710
142 714
143 718
144 722
145 726
146 730
147 734
148 738
149 742
150 746
151 750
152 754
153 758
154 762
155 766
156 770
157 774
158 778
159 782
160 786
161 790
162 794
163 798
164 802
165 806
166 810
167 814
168 818
169 822
170 826
171 830
172 834
173 838
174 842
175 846
176 850
177 853
178 856
179 860
180 864
181 868
182 872
183 876
184 880
185 884
186 888
187 892
188 896
189 900
190 904
191 908
192 912
193 916
194 920
195 924
196 928
197 932
198 936
199 940
200 943
201 947
202 950
203 953
204 957
205 961
206 965
207 969
208 973
209 977
210 981
211 984
212 988
213 991
214 994
215 997
216 1001
217 1005
218 1009
219 1013
220 1017
221 1021
222 1025
223 1029
224 1033
225 1037
226 1041
227 1045
228 1049
229 1053
230 1057
231 1061
232 1065
233 1069
234 1073
235 1077
236 1081
237 1085
238 1089
239 1093
240 1097
241 1101
242 1105
243 1109
244 1113
245 1117
246 1121
247 1125
248 1129
249 1133
250 1137
251 1141
252 1145
253 1149
254 1153
255 1157
256 1161
257 1165
258 1169
259 1173
260 1177
261 1181
262 1185
263 1189
264 1193
265 1197
266 1201
267 1205
268 1209
269 1213
270 1217
271 1221
272 1225
273 1229
274 1233
275 1237
276 1241
277 1245
278 1249
279 1253
280 1257
281 1261
282 1265
283 1269
284 1273
285 1277
286 1281
287 1285
288 1288
289 1292
290 1296
291 1300
292 1304
293 1308
294 1312
295 1316
296 1320
297 1324
298 1328
299 1332
300 1336
301 1340
302 1344
303 1348
304 1352
305 1356
306 1360
307 1364
308 1368
309 1372
310 1376
311 1380
312 1384
313 1388
314 1392
315 1396
316 1400
317 1404
318 1408
319 1412
320 1416
321 1420
322 1424
323 1428
324 1432
325 1436
326 1440
327 1444
328 1448
329 1452
330 1456
331 1460
332 1464
333 1468
334 1472
335 1476
336 1480
337 1484
338 1488
339 1492
340 1496
341 1500
342 1504
343 1508
344 1512
345 1516
346 1520
347 1524
348 1528
349 1532
350 1536
351 1540
352 1544
353 1548
354 1552
355 1556
356 1560
357 1564
358 1568
359 1572
360 1576
361 1580
362 1584
363 1588
364 1592
365 1596
366 1600
367 1604
368 1608
369 1612
370 1616
371 1620
372 1624
373 1628
374 1632
375 1636
376 1640
377 1644
378 1648
379 1652
380 1656
381 1660
382 1664
383 1668
384 1672
385 1676
386 1680
387 1684
388 1688
389 1692
390 1696
391 1700
392 1704
393 1708
394 1712
395 1716
396 1720
397 1724
398 1728
399 1732
400 1736
401 1740
402 1744
403 1748
404 1752
405 1756
406 1760
407 1764
408 1768
409 1772
410 1776
411 1780
412 1784
413 1788
414 1792
415 1796
416 1800
417 1804
418 1808
419 1812
420 1816
421 1820
422 1824
423 1828
424 1832
425 1836
426 1840
427 1844
428 1848
429 1852
430 1856
431 1860
432 1864
433 1868
434 1872
435 1876
436 1880
437 1884
438 1888
439 1892
440 1896
441 1900
442 1904
443 1908
444 1912
445 1916
446 1920
447 1924
448 1928
449 1932
450 1936
451 1940
452 1944
453 1948
454 1952
455 1956
456 1960
457 1964
458 1968
459 1972
460 1976
461 1980
462 1984
463 1988
464 1992
465 1996
466 2000
467 2004
468 2008
469 2012
470 2016
471 2020
472 2024
473 2028
474 2032
475 2036
476 2040
477 2044
478 2048
479 2052
480 2056
481 2060
482 2064
483 2068
484 2072
485 2076
486 2080
487 2084
488 2088
489 2092
490 2096
491 2100
492 2104
493 2108
494 2112
495 2116
496 2120
497 2124
498 2128
499 2132
500 2136
501 2140
502 2144
503 2148
504 2152
505 2156
506 2160
507 2164
508 2168
509 2172
510 2176
511 2180
512 2184
513 2188
514 2192
515 2196
516 2200
517 2204
518 2208
519 2212
520 2216
521 2220
522 2224
523 2228
524 2232
525 2236
526 2240
527 2244
528 2248
529 2252
530 2256
531 2260
532 2264
533 2268
534 2272
535 2276
536 2280
537 2284
538 2287
539 2292
540 2296
541 2300
542 2304
543 2308
544 2312
545 2316
546 2320
547 2323
548 2327
549 2332
550 2336
551 2340
552 2344
553 2348
554 2352
555 2355
556 2359
557 2363
558 2367
559 2372
560 2376
561 2380
562 2384
563 2388
564 2392
565 2396
566 2400
567 2403
568 2407
569 2411
570 2416
571 2420
572 2423
573 2427
574 2431
575 2435
576 2439
577 2443
578 2447
579 2451
580 2454
581 2459
582 2463
583 2467
584 2471
585 2475
586 2479
587 2483
588 2487
589 2491
590 2494
591 2498
592 2502
593 2506
594 2510
595 2513
596 2517
597 2521
598 2525
599 2529
600 2533
601 2537
602 2541
603 2545
604 2549
605 2553
606 2557
607 2561
608 2565
609 2569
610 2572
611 2576
612 2581
613 2585
614 2589
615 2593
616 2597
617 2601
618 2605
619 2608
620 2612
621 2616
622 2621
623 2625
624 2629
625 2633
626 2637
627 2640
628 2644
629 2648
630 2652
631 2656
632 2660
633 2665
634 2669
635 2673
636 2676
637 2680
638 2684
639 2688
640 2692
641 2696
642 2700
643 2705
644 2709
645 2712
646 2716
647 2720
648 2724
649 2728
650 2732
651 2736
652 2740
653 2745
654 2748
655 2752
656 2756
657 2760
658 2764
659 2768
660 2772
661 2776
662 2780
663 2784
664 2788
665 2792
666 2796
667 2800
668 2804
669 2808
670 2812
671 2816
672 2820
673 2824
674 2828
675 2832
676 2836
677 2840
678 2844
679 2848
680 2852
681 2856
682 2860
683 2864
684 2868
685 2872
686 2876
687 2880
688 2884
689 2888
690 2892
691 2896
692 2900
693 2904
694 2908
695 2912
696 2916
697 2920
698 2924
699 2928
700 2932
701 2936
702 2940
703 2944
704 2948
705 2952
706 2956
707 2960
708 2964
709 2968
710 2972
711 2976
712 2980
713 2983
714 2987
715 2991
716 2995
717 2999
718 3003
719 3007
720 3011
721 3015
722 3019
723 3023
724 3027
725 3031
726 3035
727 3039
728 3043
729 3047
730 3051
731 3055
732 3059
733 3063
734 3067
735 3071
736 3075
737 3079
738 3083
739 3087
740 3091
741 3095
742 3099
743 3103
744 3107
745 3111
746 3115
747 3119
748 3123
749 3127
750 3131
751 3135
752 3139
753 3143
754 3147
755 3151
756 3155
757 3159
758 3163
759 3167
760 3171
761 3175
762 3179
763 3183
764 3187
765 3191
766 3195
767 3199
768 3203
769 3207
770 3211
771 3215
772 3219
773 3223
774 3227
775 3231
776 3235
777 3239
778 3243
779 3247
780 3251
781 3255
782 3259
783 3263
784 3267
785 3271
786 3275
787 3279
788 3283
789 3287
790 3291
791 3295
792 3299
793 3303
794 3307
795 3311
796 3315
797 3319
798 3323
799 3327
800 3331
801 3335
802 3339
803 3343
804 3347
805 3351
806 3355
807 3359
808 3363
809 3367
810 3371
811 3375
812 3379
813 3383
814 3387
815 3391
816 3395
817 3399
818 3403
819 3407
820 3411
821 3415
822 3418
823 3421
824 3425
825 3429
826 3432
827 3436
828 3440
829 3444
830 3448
831 3451
832 3455
833 3459
834 3463
835 3467
836 3471
837 3475
838 3479
839 3483
840 3487
841 3491
842 3495
843 3499
844 3503
845 3507
846 3511
847 3515
848 3518
849 3522
850 3526
851 3530
852 3534
853 3538
854 3542
855 3546
856 3550
857 3554
858 3558
859 3562
860 3566
861 3570
862 3574
863 3578
864 3582
865 3586
866 3590
867 3594
868 3598
869 3602
870 3606
871 3610
872 3614
873 3618
874 3622
875 3626
876 3630
877 3634
878 3638
879 3642
880 3646
881 3650
882 3654
883 3658
884 3662
885 3666
886 3670
887 3674
888 3678
889 3682
890 3686
891 3690
892 3694
893 3698
894 3702
895 3706
896 3710
897 3714
898 3718
899 3722
900 3726
901 3730
902 3734
903 3738
904 3742
905 3746
906 3750
907 3754
908 3758
909 3762
910 3766
911 3770
912 3774
913 3778
914 3782
915 3786
916 3790
917 3794
918 3798
919 3802
920 3806
921 3810
922 3814
923 3818
924 3822
925 3826
926 3830
927 3834
928 3838
929 3842
930 3846
931 3850
932 3854
933 3858
934 3862
935 3866
936 3870
937 3874
938 3878
939 3882
940 3886
941 3890
942 3894
943 3897
944 3901
945 3905
946 3909
947 3913
948 3917
949 3921
950 3925
951 3929
952 3933
953 3937
954 3941
955 3945
956 3949
957 3953
958 3957
959 3961
960 3965
961 3969
962 3973
963 3977
964 3981
965 3985
966 3989
967 3993
968 3997
969 4001
970 4005
971 4009
972 4013
973 4017
974 4021
975 4025
976 4029
977 4033
978 4037
979 4041
980 4045
981 4049
982 4053
983 4057
984 4061
985 4065
986 4069
987 4073
988 4077
989 4081
990 4085
991 4089
992 4093
993 4097
994 4101
995 4105
996 4109
997 4113
998 4117
999 4121
1000 4125
1001 4129
1002 4133
1003 4137
1004 4141
1005 4145
1006 4149
1007 4153
1008 4157
1009 4161
1010 4165
1011 4169
1012 4173
1013 4177
1014 4181
1015 4185
1016 4189
1017 4193
1018 4197
1019 4201
1020 4205
1021 4209
1022 4213
1023 4217
1024 4221
1025 4225
1026 4229
1027 4233
1028 4237
1029 4241
1030 4245
1031 4249
1032 4253
1033 4257
1034 4261
1035 4265
1036 4269
1037 4273
1038 4277
1039 4281
1040 4285
1041 4289
1042 4293
1043 4297
1044 4301
1045 4305
1046 4309
1047 4313
1048 4317
1049 4321
1050 4325
1051 4329
1052 4333
1053 4337
1054 4341
1055 4345
1056 4349
1057 4353
1058 4357
1059 4361
1060 4365
1061 4369
1062 4373
1063 4377
1064 4381
1065 4385
1066 4389
1067 4393
1068 4397
1069 4401
1070 4405
1071 4409
1072 4413
1073 4417
1074 4421
1075 4425
1076 4429
1077 4433
1078 4437
1079 4441
1080 4445
1081 4449
1082 4453
1083 4457
1084 4461
1085 4465
1086 4469
1087 4473
1088 4477
1089 4481
1090 4485
1091 4489
1092 4493
1093 4497
1094 4501
1095 4505
1096 4509
1097 4513
1098 4517
1099 4521
1100 4525
1101 4529
1102 4533
1103 4537
1104 4541
1105 4545
1106 4549
1107 4553
1108 4557
1109 4561
1110 4565
1111 4569
1112 4573
1113 4577
1114 4581
1115 4585
1116 4589
1117 4593
1118 4597
1119 4601
1120 4605
1121 4609
1122 4613
1123 4617
1124 4621
1125 4625
1126 4629
1127 4633
1128 4637
1129 4641
1130 4645
1131 4649
1132 4653
1133 4657
1134 4661
1135 4665
1136 4669
1137 4673
1138 4677
1139 4681
1140 4685
1141 4689
1142 4693
1143 4697
1144 4701
1145 4705
1146 4709
1147 4713
1148 4717
1149 4721
1150 4725
1151 4729
1152 4733
1153 4737
1154 4741
1155 4745
1156 4749
1157 4753
1158 4757
1159 4761
1160 4765
1161 4769
1162 4773
1163 4777
1164 4781
1165 4784
1166 4788
1167 4792
1168 4796
1169 4800
1170 4804
1171 4808
1172 4812
1173 4816
1174 4820
1175 4824
1176 4828
1177 4832
1178 4836
1179 4840
1180 4844
1181 4848
1182 4852
1183 4856
1184 4860
1185 4864
1186 4868
1187 4872
1188 4876
1189 4880
1190 4884
1191 4888
1192 4892
1193 4896
1194 4900
1195 4904
1196 4908
1197 4912
1198 4916
1199 4920
1200 4924
1201 4928
1202 4932
1203 4936
1204 4940
1205 4944
1206 4948
1207 4952
1208 4956
1209 4960
1210 4964
1211 4968
1212 4972
1213 4976
1214 4980
1215 4984
1216 4988
1217 4992
1218 4996
1219 5000
1220 5004
1221 5008
1222 5012
1223 5016
1224 5020
1225 5024
1226 5028
1227 5032
1228 5036
1229 5040
1230 5044
1231 5048
1232 5052
1233 5056
1234 5060
1235 5064
1236 5068
1237 5072
1238 5076
1239 5080
1240 5084
1241 5088
1242 5092
1243 5096
1244 5100
1245 5104
1246 5108
1247 5112
1248 5116
1249 5120
1250 5124
1251 5128
1252 5132
1253 5136
1254 5140
1255 5144
1256 5148
1257 5152
1258 5156
1259 5160
1260 5164
1261 5168
1262 5172
1263 5176
1264 5180
1265 5184
1266 5188
1267 5192
1268 5196
1269 5200
1270 5204
1271 5208
1272 5212
1273 5216
1274 5220
1275 5224
1276 5228
1277 5232
1278 5236
1279 5240
1280 5244
1281 5248
1282 5252
1283 5256
1284 5260
1285 5264
1286 5268
1287 5272
1288 5276
1289 5280
1290 5284
1291 5288
1292 5292
1293 5296
1294 5300
1295 5304
1296 5308
1297 5312
1298 5316
1299 5320
1300 5324
1301 5328
1302 5332
1303 5336
1304 5340
1305 5344
1306 5348
1307 5352
1308 5356
1309 5360
1310 5364
1311 5368
1312 5372
1313 5376
1314 5380
1315 5384
1316 5388
1317 5392
1318 5396
1319 5400
1320 5404
1321 5408
1322 5412
1323 5416
1324 5420
1325 5424
1326 5428
1327 5432
1328 5436
1329 5440
1330 5444
1331 5448
1332 5452
1333 5456
1334 5460
1335 5464
1336 5468
1337 5472
1338 5476
1339 5480
1340 5484
1341 5488
1342 5492
1343 5496
1344 5500
1345 5504
1346 5508
1347 5512
1348 5516
1349 5520
1350 5524
1351 5528
1352 5531
1353 5534
1354 5537
1355 5540
1356 5544
1357 5548
1358 5551
1359 5554
1360 5558
1361 5562
1362 5566
1363 5570
1364 5574
1365 5578
1366 5582
1367 5586
1368 5590
1369 5593
1370 5597
1371 5601
1372 5605
1373 5609
1374 5613
1375 5617
1376 5621
1377 5625
1378 5629
1379 5633
1380 5637
1381 5641
1382 5645
1383 5649
1384 5652
1385 5656
1386 5660
1387 5664
1388 5668
1389 5672
1390 5676
1391 5680
1392 5684
1393 5688
1394 5692
1395 5696
1396 5700
1397 5704
1398 5708
1399 5712
1400 5716
1401 5720
1402 5724
1403 5728
1404 5732
1405 5736
1406 5740
1407 5744
1408 5748
1409 5752
1410 5756
1411 5760
1412 5764
1413 5768
1414 5772
1415 5776
1416 5780
1417 5784
1418 5788
1419 5792
1420 5796
1421 5800
1422 5804
1423 5808
1424 5812
1425 5816
1426 5820
1427 5824
1428 5828
1429 5832
1430 5836
1431 5840
1432 5844
1433 5848
1434 5852
1435 5856
1436 5860
1437 5864
1438 5868
1439 5872
1440 5876
1441 5880
1442 5884
1443 5888
1444 5892
1445 5896
1446 5900
1447 5904
1448 5908
1449 5912
1450 5916
1451 5920
1452 5924
1453 5928
1454 5932
1455 5936
1456 5940
1457 5944
1458 5948
1459 5952
1460 5956
1461 5960
1462 5964
1463 5968
1464 5972
1465 5976
1466 5980
1467 5984
1468 5988
1469 5992
1470 5996
1471 6000
1472 6004
1473 6008
1474 6012
1475 6016
1476 6020
1477 6024
1478 6028
1479 6032
1480 6036
1481 6040
1482 6044
1483 6048
1484 6052
1485 6056
1486 6060
1487 6064
1488 6068
1489 6072
1490 6076
1491 6080
1492 6084
1493 6088
1494 6092
1495 6096
1496 6100
1497 6104
1498 6108
1499 6112
1500 6116
1501 6120
1502 6123
1503 6126
1504 6129
1505 6132
1506 6135
1507 6139
1508 6143
1509 6147
1510 6150
1511 6154
1512 6158
1513 6162
1514 6166
1515 6170
1516 6174
1517 6178
1518 6182
1519 6186
1520 6190
1521 6194
1522 6198
1523 6202
1524 6206
1525 6210
1526 6214
1527 6218
1528 6222
1529 6226
1530 6230
1531 6234
1532 6238
1533 6242
1534 6246
1535 6250
1536 6254
1537 6258
1538 6262
1539 6266
1540 6270
1541 6274
1542 6278
1543 6282
1544 6286
1545 6290
1546 6294
1547 6298
1548 6302
1549 6306
1550 6310
1551 6314
1552 6318
1553 6322
1554 6326
1555 6330
1556 6334
1557 6338
1558 6342
1559 6346
1560 6350
1561 6354
1562 6358
1563 6362
1564 6366
1565 6370
1566 6374
1567 6378
1568 6382
1569 6386
1570 6390
1571 6394
1572 6398
1573 6402
1574 6406
1575 6410
1576 6414
1577 6418
1578 6422
1579 6426
1580 6430
1581 6434
1582 6438
1583 6442
1584 6446
1585 6450
1586 6454
1587 6458
1588 6462
1589 6466
1590 6470
1591 6474
1592 6478
1593 6482
1594 6486
1595 6490
1596 6494
1597 6498
1598 6502
1599 6506
1600 6510
1601 6514
1602 6518
1603 6522
1604 6526
1605 6530
1606 6534
1607 6538
1608 6542
1609 6546
1610 6550
1611 6554
1612 6558
1613 6562
1614 6566
1615 6570
1616 6574
1617 6578
1618 6582
1619 6586
1620 6590
1621 6594
1622 6598
1623 6602
1624 6606
1625 6610
1626 6614
1627 6618
1628 6622
1629 6626
1630 6630
1631 6634
1632 6638
1633 6642
1634 6646
1635 6650
1636 6654
1637 6658
1638 6662
1639 6666
1640 6670
1641 6674
1642 6678
1643 6682
1644 6686
1645 6690
1646 6694
1647 6698
1648 6702
1649 6706
1650 6710
1651 6714
1652 6718
1653 6722
1654 6726
1655 6730
1656 6734
1657 6738
1658 6742
1659 6746
1660 6750
1661 6754
1662 6758
1663 6762
1664 6766
1665 6770
1666 6774
1667 6778
1668 6782
1669 6786
1670 6790
1671 6794
1672 6798
1673 6802
1674 6806
1675 6810
1676 6814
1677 6818
1678 6822
1679 6826
1680 6830
1681 6834
1682 6838
1683 6842
1684 6846
1685 6850
1686 6854
1687 6858
1688 6862
1689 6866
1690 6870
1691 6874
1692 6878
1693 6882
1694 6886
1695 6890
1696 6894
1697 6898
1698 6902
1699 6906
1700 6910
1701 6914
1702 6918
1703 6922
1704 6926
1705 6930
1706 6934
1707 6938
1708 6942
1709 6946
1710 6950
1711 6954
1712 6957
1713 6961
1714 6965
1715 6968
1716 6972
1717 6976
1718 6980
1719 6984
1720 6988
1721 6992
1722 6996
1723 7000
1724 7004
1725 7008
1726 7012
1727 7016
1728 7020
1729 7024
1730 7028
1731 7032
1732 7036
1733 7040
1734 7044
1735 7048
1736 7052
1737 7056
1738 7060
1739 7064
1740 7068
1741 7072
1742 7076
1743 7080
1744 7084
1745 7088
1746 7092
1747 7096
1748 7100
1749 7104
1750 7108
1751 7112
1752 7116
1753 7120
1754 7124
1755 7128
1756 7132
1757 7136
1758 7140
1759 7144
1760 7148
1761 7152
1762 7156
1763 7160
1764 7164
1765 7168
1766 7172
1767 7176
1768 7180
1769 7184
1770 7188
1771 7192
1772 7196
1773 7200
1774 7204
1775 7208
1776 7212
1777 7216
1778 7220
1779 7224
1780 7228
1781 7232
1782 7236
1783 7240
1784 7244
1785 7248
1786 7252
1787 7256
1788 7260
1789 7264
1790 7268
1791 7272
1792 7276
1793 7280
1794 7284
1795 7288
1796 7292
1797 7296
1798 7300
1799 7304
1800 7308
1801 7312
1802 7316
1803 7320
1804 7324
1805 7328
1806 7332
1807 7336
1808 7340
1809 7344
1810 7348
1811 7352
1812 7356
1813 7360
1814 7364
1815 7368
1816 7372
1817 7376
1818 7380
1819 7384
1820 7388
1821 7392
1822 7396
1823 7400
1824 7404
1825 7408
1826 7412
1827 7416
1828 7420
1829 7424
1830 7428
1831 7432
1832 7436
1833 7440
1834 7444
1835 7448
1836 7452
1837 7456
1838 7460
1839 7464
1840 7468
1841 7472
1842 7476
1843 7480
1844 7484
1845 7488
1846 7492
1847 7496
1848 7500
1849 7504
1850 7508
1851 7512
1852 7516
1853 7520
1854 7524
1855 7528
1856 7532
1857 7536
1858 7540
1859 7544
1860 7548
1861 7552
1862 7556
1863 7560
1864 7564
1865 7568
1866 7572
1867 7576
1868 7580
1869 7584
1870 7588
1871 7592
1872 7596
1873 7600
1874 7604
1875 7608
1876 7612
1877 7616
1878 7620
1879 7624
1880 7628
1881 7632
1882 7636
1883 7640
1884 7644
1885 7648
1886 7652
1887 7656
1888 7660
1889 7664
1890 7668
1891 7672
1892 7676
1893 7680
1894 7684
1895 7688
1896 7692
1897 7696
1898 7700
1899 7704
1900 7708
1901 7712
1902 7716
1903 7720
1904 7724
1905 7728
1906 7732
1907 7736
1908 7740
1909 7744
1910 7748
1911 7752
1912 7756
1913 7760
1914 7764
1915 7768
1916 7772
1917 7776
1918 7780
1919 7784
1920 7788
1921 7792
1922 7796
1923 7800
1924 7804
1925 7808
1926 7812
1927 7816
1928 7820
1929 7824
1930 7828
1931 7832
1932 7836
1933 7840
1934 7844
1935 7848
1936 7852
1937 7856
1938 7860
1939 7864
1940 7868
1941 7872
1942 7876
1943 7880
1944 7884
1945 7888
1946 7892
1947 7896
1948 7900
1949 7904
1950 7908
1951 7912
1952 7916
1953 7920
1954 7924
1955 7928
1956 7932
1957 7936
1958 7940
1959 7944
1960 7948
1961 7952
1962 7956
1963 7960
1964 7964
1965 7968
1966 7972
1967 7976
1968 7980
1969 7984
1970 7988
1971 7992
1972 7996
1973 8000
1974 8004
1975 8008
1976 8012
1977 8016
1978 8020
1979 8024
1980 8028
1981 8032
1982 8036
1983 8040
1984 8044
1985 8048
1986 8052
1987 8056
1988 8060
1989 8064
1990 8068
1991 8072
1992 8076
1993 8080
1994 8084
1995 8088
1996 8092
1997 8096
1998 8100
1999 8104
2000 8108
2001 8112
2002 8116
2003 8120
2004 8124
2005 8128
2006 8132
2007 8136
2008 8140
2009 8144
2010 8148
2011 8152
2012 8156
2013 8160
2014 8164
2015 8168
2016 8172
2017 8176
2018 8180
2019 8184
2020 8188
2021 8192
2022 8196
2023 8200
2024 8204
2025 8208
2026 8212
2027 8216
2028 8220
2029 8224
2030 8228
2031 8232
2032 8236
2033 8240
2034 8244
2035 8248
2036 8252
2037 8256
2038 8260
2039 8264
2040 8268
2041 8272
2042 8276
2043 8280
2044 8284
2045 8288
2046 8292
2047 8296
2048 8300
2049 8304
2050 8308
2051 8312
2052 8316
2053 8320
2054 8324
2055 8328
2056 8332
2057 8336
2058 8340
2059 8344
2060 8348
2061 8352
2062 8356
2063 8360
2064 8364
2065 8368
2066 8372
2067 8376
2068 8380
2069 8384
2070 8388
2071 8391
2072 8395
2073 8399
2074 8403
2075 8407
2076 8411
2077 8415
2078 8419
2079 8423
2080 8427
2081 8431
2082 8435
2083 8439
2084 8443
2085 8447
2086 8451
2087 8454
2088 8458
2089 8462
2090 8466
2091 8470
2092 8474
2093 8478
2094 8482
2095 8486
2096 8490
2097 8494
2098 8498
2099 8502
2100 8506
2101 8510
2102 8514
2103 8518
2104 8522
2105 8526
2106 8530
2107 8534
2108 8538
2109 8542
2110 8546
2111 8550
2112 8554
2113 8558
2114 8562
2115 8566
2116 8570
2117 8574
2118 8578
2119 8582
2120 8586
2121 8590
2122 8594
2123 8598
2124 8602
2125 8606
2126 8610
2127 8614
2128 8618
2129 8622
2130 8626
2131 8630
2132 8634
2133 8638
2134 8642
2135 8646
2136 8650
2137 8654
2138 8658
2139 8662
2140 8666
2141 8670
2142 8674
2143 8678
2144 8682
2145 8686
2146 8690
2147 8694
2148 8698
2149 8702
2150 8706
2151 8710
2152 8714
2153 8718
2154 8722
2155 8726
2156 8730
2157 8734
2158 8738
2159 8742
2160 8746
2161 8750
2162 8754
2163 8758
2164 8762
2165 8766
2166 8770
2167 8774
2168 8778
2169 8782
2170 8786
2171 8790
2172 8794
2173 8798
2174 8802
2175 8806
2176 8810
2177 8814
2178 8818
2179 8822
2180 8826
2181 8830
2182 8834
2183 8838
2184 8842
2185 8846
2186 8850
2187 8854
2188 8858
2189 8862
2190 8866
2191 8870
2192 8874
2193 8878
2194 8882
2195 8886
2196 8890
2197 8894
2198 8898
2199 8902
2200 8906
2201 8910
2202 8914
2203 8918
2204 8922
2205 8926
2206 8930
2207 8934
2208 8938
2209 8942
2210 8946
2211 8950
2212 8954
2213 8958
2214 8962
2215 8966
2216 8970
2217 8974
2218 8978
2219 8982
2220 8986
2221 8990
2222 8994
2223 8998
2224 9002
2225 9006
2226 9010
2227 9014
2228 9018
2229 9022
2230 9026
2231 9030
2232 9034
2233 9038
2234 9042
2235 9046
2236 9050
2237 9054
2238 9058
2239 9062
2240 9066
2241 9070
2242 9074
2243 9078
2244 9082
2245 9086
2246 9090
2247 9094
2248 9098
2249 9102
2250 9106
2251 9110
2252 9114
2253 9118
2254 9122
2255 9126
2256 9130
2257 9134
2258 9138
2259 9142
2260 9146
2261 9150
2262 9154
2263 9158
2264 9162
2265 9166
2266 9170
2267 9174
2268 9178
2269 9182
2270 9186
2271 9190
2272 9194
2273 9198
2274 9202
2275 9206
2276 9210
2277 9214
2278 9218
2279 9222
2280 9226
2281 9230
2282 9234
2283 9238
2284 9242
2285 9246
2286 9250
2287 9254
2288 9258
2289 9262
2290 9266
2291 9270
2292 9274
2293 9278
2294 9282
2295 9286
2296 9290
2297 9294
2298 9298
2299 9302
2300 9306
2301 9310
2302 9314
2303 9318
2304 9322
2305 9326
2306 9330
2307 9334
2308 9338
2309 9342
2310 9346
2311 9350
2312 9354
2313 9358
2314 9362
2315 9366
2316 9370
2317 9374
2318 9378
2319 9382
2320 9386
2321 9390
2322 9394
2323 9398
2324 9402
2325 9406
2326 9410
2327 9414
2328 9418
2329 9422
2330 9426
2331 9430
2332 9434
2333 9438
2334 9442
2335 9446
2336 9450
2337 9454
2338 9458
2339 9462
2340 9466
2341 9470
2342 9474
2343 9478
2344 9482
2345 9486
2346 9490
2347 9494
2348 9498
2349 9502
2350 9506
2351 9510
2352 9514
2353 9518
2354 9522
2355 9526
2356 9530
2357 9534
2358 9538
2359 9542
2360 9546
2361 9550
2362 9554
2363 9558
2364 9562
2365 9566
2366 9570
2367 9574
2368 9578
2369 9582
2370 9586
2371 9590
2372 9594
2373 9598
2374 9602
2375 9606
2376 9610
2377 9614
2378 9618
2379 9622
2380 9626
2381 9630
2382 9634
2383 9638
2384 9642
2385 9646
2386 9650
2387 9654
2388 9658
2389 9662
2390 9666
2391 9670
2392 9674
2393 9678
2394 9682
2395 9686
2396 9690
2397 9694
2398 9698
2399 9702
2400 9706
2401 9710
2402 9714
2403 9718
2404 9722
2405 9726
2406 9730
2407 9734
2408 9738
2409 9742
2410 9746
2411 9750
2412 9754
2413 9758
2414 9762
2415 9766
2416 9770
2417 9774
2418 9778
2419 9782
2420 9786
2421 9790
2422 9794
2423 9798
2424 9802
2425 9806
2426 9810
2427 9814
2428 9818
2429 9822
2430 9826
2431 9830
2432 9834
2433 9838
2434 9842
2435 9846
2436 9850
2437 9854
2438 9858
2439 9862
2440 9866
2441 9870
2442 9874
2443 9878
2444 9882
2445 9886
2446 9890
2447 9894
2448 9898
2449 9902
2450 9906
2451 9910
2452 9914
2453 9918
2454 9922
2455 9926
2456 9930
2457 9934
2458 9938
2459 9942
2460 9946
2461 9950
2462 9954
2463 9958
2464 9962
2465 9966
2466 9970
2467 9974
2468 9978
2469 9982
2470 9986
2471 9990
2472 9994
2473 9998
2474 10002
2475 10006
2476 10010
2477 10014
2478 10018
2479 10022
2480 10026
2481 10030
2482 10034
2483 10038
2484 10042
2485 10046
2486 10050
2487 10054
2488 10058
2489 10062
2490 10066
2491 10070
2492 10074
2493 10078
2494 10082
2495 10086
2496 10090
2497 10094
2498 10098
2499 10102
2500 10106
2501 10110
2502 10114
2503 10118
2504 10122
2505 10126
2506 10130
2507 10134
2508 10138
2509 10142
2510 10146
2511 10150
2512 10154
2513 10158
2514 10162
2515 10166
2516 10170
2517 10174
2518 10178
2519 10182
2520 10186
2521 10190
2522 10194
2523 10198
2524 10202
2525 10206
2526 10210
2527 10214
2528 10218
2529 10222
2530 10226
2531 10230
2532 10234
2533 10238
2534 10242
2535 10246
2536 10250
2537 10254
2538 10258
2539 10262
2540 10266
2541 10270
2542 10274
2543 10278
2544 10282
2545 10286
2546 10290
2547 10294
2548 10298
2549 10302
2550 10306
2551 10310
2552 10314
2553 10318
2554 10322
2555 10326
2556 10330
2557 10334
2558 10338
2559 10342
2560 10346
2561 10350
2562 10354
2563 10358
2564 10362
2565 10366
2566 10370
2567 10374
2568 10378
2569 10382
2570 10386
2571 10390
2572 10394
2573 10398
2574 10402
2575 10406
2576 10410
2577 10414
2578 10418
2579 10422
2580 10426
2581 10430
2582 10434
2583 10438
2584 10442
2585 10446
2586 10450
2587 10454
2588 10458
2589 10462
2590 10466
2591 10470
2592 10474
2593 10478
2594 10482
2595 10486
2596 10490
2597 10494
2598 10498
2599 10502
2600 10506
2601 10510
2602 10514
2603 10518
2604 10522
2605 10526
2606 10530
2607 10534
2608 10538
2609 10542
2610 10546
2611 10550
2612 10554
2613 10558
2614 10562
2615 10566
2616 10570
2617 10574
2618 10578
2619 10582
2620 10586
2621 10590
2622 10594
2623 10598
2624 10602
2625 10606
2626 10610
2627 10614
2628 10618
2629 10622
2630 10626
2631 10630
2632 10634
2633 10638
2634 10642
2635 10646
2636 10650
2637 10654
2638 10658
2639 10662
2640 10666
2641 10670
2642 10674
2643 10678
2644 10682
2645 10686
2646 10690
2647 10694
2648 10698
2649 10702
2650 10706
2651 10710
2652 10714
2653 10718
2654 10722
2655 10726
2656 10730
2657 10734
2658 10738
2659 10742
2660 10746
2661 10750
2662 10754
2663 10758
2664 10762
2665 10766
2666 10770
2667 10774
2668 10778
2669 10782
2670 10786
2671 10790
2672 10794
2673 10798
2674 10802
2675 10806
2676 10810
2677 10814
2678 10818
2679 10822
2680 10826
2681 10830
2682 10834
2683 10838
2684 10842
2685 10846
2686 10850
2687 10854
2688 10858
2689 10862
2690 10866
2691 10870
2692 10874
2693 10878
2694 10882
2695 10886
2696 10890
2697 10894
2698 10898
2699 10902
2700 10906
2701 10910
2702 10914
2703 10918
2704 10922
2705 10926
2706 10930
2707 10934
2708 10938
2709 10942
2710 10946
2711 10950
2712 10954
2713 10958
2714 10962
2715 10966
2716 10970
2717 10974
2718 10978
2719 10982
2720 10986
2721 10990
2722 10994
2723 10998
2724 11002
2725 11006
2726 11010
2727 11014
2728 11018
2729 11022
2730 11026
2731 11030
2732 11034
2733 11038
2734 11042
2735 11046
2736 11050
2737 11054
2738 11058
2739 11062
2740 11066
2741 11070
2742 11074
2743 11078
2744 11082
2745 11086
2746 11090
2747 11094
2748 11098
2749 11102
2750 11105
2751 11109
2752 11113
2753 11117
2754 11121
2755 11125
2756 11128
2757 11132
2758 11136
2759 11140
2760 11144
2761 11148
2762 11152
2763 11156
2764 11160
2765 11164
2766 11168
2767 11172
2768 11176
2769 11180
2770 11184
2771 11188
2772 11192
2773 11196
2774 11200
2775 11204
2776 11208
2777 11212
2778 11216
2779 11220
2780 11224
2781 11228
2782 11232
2783 11236
2784 11240
2785 11244
2786 11248
2787 11252
2788 11256
2789 11260
2790 11264
2791 11268
2792 11272
2793 11276
2794 11280
2795 11284
2796 11288
2797 11292
2798 11296
2799 11300
2800 11304
2801 11308
2802 11312
2803 11316
2804 11320
2805 11324
2806 11328
2807 11332
2808 11336
2809 11340
2810 11344
2811 11348
2812 11352
2813 11356
2814 11360
2815 11364
2816 11368
2817 11372
2818 11376
2819 11380
2820 11384
2821 11388
2822 11392
2823 11396
2824 11400
2825 11404
2826 11408
2827 11412
2828 11416
2829 11420
2830 11424
2831 11428
2832 11432
2833 11436
2834 11440
2835 11444
2836 11448
2837 11452
2838 11456
2839 11460
2840 11464
2841 11468
2842 11472
2843 11476
2844 11480
2845 11484
2846 11488
2847 11492
2848 11496
2849 11500
2850 11504
2851 11508
2852 11512
2853 11516
2854 11520
2855 11524
2856 11528
2857 11532
2858 11536
2859 11540
2860 11544
2861 11548
2862 11552
2863 11556
2864 11560
2865 11564
2866 11568
2867 11572
2868 11576
2869 11580
2870 11584
2871 11588
2872 11592
2873 11596
2874 11600
2875 11604
2876 11608
2877 11612
2878 11616
2879 11620
2880 11624
2881 11628
2882 11632
2883 11636
2884 11640
2885 11644
2886 11648
2887 11652
2888 11656
2889 11660
2890 11664
2891 11668
2892 11672
2893 11676
2894 11680
2895 11684
2896 11688
2897 11692
2898 11696
2899 11700
2900 11704
2901 11708
2902 11712
2903 11716
2904 11720
2905 11724
2906 11728
2907 11732
2908 11736
2909 11740
2910 11744
2911 11748
2912 11752
2913 11756
2914 11760
2915 11764
2916 11768
2917 11772
2918 11776
2919 11780
2920 11784
2921 11788
2922 11792
2923 11796
