#timestamp tx ty tz qx qy qz qw
783.328763436000 0.000000000000 0.000000000000 -0.000000000000 0.000000000000 0.000000000000 0.000000000000 1.000000000000
783.428712403000 0.009445000000 -0.016193000000 -0.012075000000 -0.010285000000 -0.009724000000 0.012139000000 0.999826000000
783.528811431000 0.014060000000 -0.033381000000 -0.019270000000 -0.016309000000 -0.019972000000 0.028605000000 0.999258000000
783.628760431000 0.008604000000 -0.048644000000 -0.023084000000 -0.013979000000 -0.025117000000 0.046842000000 0.998489000000
783.728709436000 -0.004412000000 -0.060436000000 -0.024823000000 -0.002699000000 -0.021075000000 0.061750000000 0.997865000000
783.828808465000 -0.019642000000 -0.067510000000 -0.024285000000 0.019968000000 -0.011734000000 0.067625000000 0.997442000000
783.928757465000 -0.032259000000 -0.064172000000 -0.019771000000 0.049060000000 -0.005162000000 0.073767000000 0.996055000000
784.028706465000 -0.045399000000 -0.051676000000 -0.012536000000 0.075602000000 0.008691000000 0.073761000000 0.994368000000
784.128655465000 -0.049097000000 -0.037263000000 -0.002410000000 0.086621000000 0.014960000000 0.063854000000 0.994080000000
784.228754464000 -0.044678000000 -0.023712000000 0.006223000000 0.090330000000 0.016546000000 0.041522000000 0.994908000000
784.328703464000 -0.036802000000 -0.005974000000 0.012472000000 0.101533000000 0.017173000000 0.020379000000 0.994475000000
784.428652464000 -0.026915000000 0.011565000000 0.015887000000 0.111391000000 0.015149000000 0.009165000000 0.993619000000
784.528751403000 -0.015647000000 0.020872000000 0.016229000000 0.110355000000 0.008634000000 -0.009816000000 0.993806000000
784.628700474000 -0.006656000000 0.025362000000 0.012067000000 0.104758000000 0.002151000000 -0.020524000000 0.994284000000
784.728649464000 0.001247000000 0.026490000000 0.003515000000 0.101856000000 -0.002921000000 -0.021616000000 0.994560000000
784.828598464000 0.008189000000 0.020600000000 -0.007260000000 0.095711000000 -0.010805000000 -0.018810000000 0.995173000000
784.928697436000 0.010789000000 0.011817000000 -0.018178000000 0.089775000000 -0.015644000000 -0.010795000000 0.995781000000
785.028646464000 0.009196000000 0.000792000000 -0.027022000000 0.085914000000 -0.016849000000 0.000466000000 0.996160000000
785.128595436000 0.003730000000 -0.007698000000 -0.033691000000 0.091760000000 -0.016029000000 0.016382000000 0.995517000000
785.228694431000 -0.004114000000 -0.019060000000 -0.038192000000 0.092097000000 -0.014363000000 0.029418000000 0.995212000000
785.328643436000 -0.013735000000 -0.028262000000 -0.037866000000 0.093553000000 -0.012847000000 0.041751000000 0.994656000000
785.428592464000 -0.026747000000 -0.031052000000 -0.034118000000 0.099199000000 -0.001450000000 0.050040000000 0.993808000000
785.528541431000 -0.036922000000 -0.026335000000 -0.023804000000 0.110745000000 0.007882000000 0.053143000000 0.992396000000
785.628640464000 -0.041937000000 -0.017172000000 -0.012743000000 0.116796000000 0.016347000000 0.046025000000 0.991954000000
785.728589402000 -0.041968000000 -0.003883000000 -0.002852000000 0.121280000000 0.022416000000 0.035386000000 0.991734000000
785.828538464000 -0.036611000000 0.008579000000 0.003597000000 0.119914000000 0.024294000000 0.023104000000 0.992218000000
785.928637464000 -0.023957000000 0.016991000000 0.004939000000 0.112178000000 0.021093000000 0.010402000000 0.993410000000
786.028586464000 -0.006673000000 0.024122000000 0.001809000000 0.103675000000 0.013970000000 0.001504000000 0.994512000000
786.128535436000 0.011968000000 0.033005000000 -0.006499000000 0.104258000000 0.014649000000 0.011370000000 0.994377000000
786.228484469000 0.027413000000 0.032140000000 -0.018626000000 0.085676000000 0.020283000000 0.002751000000 0.996113000000
786.328583659000 0.038263000000 0.023379000000 -0.034195000000 0.056570000000 0.037731000000 0.004899000000 0.997673000000
786.428532469000 0.044430000000 0.011701000000 -0.049508000000 0.037437000000 0.055382000000 0.021727000000 0.997527000000
786.528481431000 0.046431000000 -0.006068000000 -0.062348000000 0.012580000000 0.061340000000 0.028098000000 0.997642000000
786.628580436000 0.043711000000 -0.025220000000 -0.072411000000 -0.002643000000 0.063205000000 0.036669000000 0.997323000000
786.728529464000 0.038897000000 -0.044310000000 -0.079185000000 -0.009034000000 0.069648000000 0.071518000000 0.994964000000
786.828478464000 0.030978000000 -0.058911000000 -0.082285000000 -0.014376000000 0.073688000000 0.098814000000 0.992270000000
786.928427431000 0.022223000000 -0.063389000000 -0.081394000000 -0.002188000000 0.072718000000 0.115036000000 0.990694000000
787.028526464000 0.009315000000 -0.059228000000 -0.075901000000 0.008816000000 0.071943000000 0.114354000000 0.990792000000
787.128475435000 -0.008063000000 -0.049016000000 -0.067571000000 0.018229000000 0.083882000000 0.102417000000 0.991031000000
787.228424435000 -0.021450000000 -0.033640000000 -0.055257000000 0.034869000000 0.084703000000 0.088907000000 0.991819000000
787.328523464000 -0.029910000000 -0.018741000000 -0.041950000000 0.045446000000 0.082118000000 0.072125000000 0.992970000000
787.428472431000 -0.032099000000 -0.004009000000 -0.027919000000 0.059326000000 0.079667000000 0.057687000000 0.993381000000
787.528421435000 -0.028157000000 0.009201000000 -0.018343000000 0.069002000000 0.080664000000 0.050130000000 0.993086000000
787.628370464000 -0.021292000000 0.020428000000 -0.013370000000 0.091654000000 0.089678000000 0.034852000000 0.991132000000
787.728469435000 -0.008944000000 0.026223000000 -0.009849000000 0.100878000000 0.066685000000 0.016937000000 0.992517000000
787.828418431000 0.007663000000 0.027783000000 -0.011216000000 0.093870000000 0.036519000000 -0.005595000000 0.994899000000
787.928367431000 0.026355000000 0.028078000000 -0.018493000000 0.090818000000 0.011748000000 0.001659000000 0.995797000000
788.028466435000 0.038545000000 0.020193000000 -0.030816000000 0.078942000000 0.025271000000 0.008304000000 0.996524000000
788.128415435000 0.046525000000 0.007330000000 -0.040854000000 0.072394000000 0.028279000000 0.018858000000 0.996797000000
788.228364464000 0.045572000000 -0.007171000000 -0.049278000000 0.069874000000 0.036629000000 0.026907000000 0.996520000000
788.328313464000 0.037006000000 -0.023847000000 -0.052871000000 0.057124000000 0.042850000000 0.023368000000 0.997173000000
788.428412469000 0.024642000000 -0.037877000000 -0.052512000000 0.046891000000 0.051868000000 0.032779000000 0.997014000000
788.528361464000 0.010007000000 -0.045613000000 -0.049568000000 0.041833000000 0.070041000000 0.061337000000 0.994777000000
788.628310411000 -0.005487000000 -0.047459000000 -0.043713000000 0.053986000000 0.087267000000 0.073717000000 0.991986000000
788.728409402000 -0.021003000000 -0.039616000000 -0.032701000000 0.080327000000 0.092892000000 0.062139000000 0.990483000000
788.828358430000 -0.032793000000 -0.025704000000 -0.018730000000 0.092945000000 0.110380000000 0.053104000000 0.988108000000
788.928307435000 -0.038013000000 -0.010394000000 -0.004073000000 0.099595000000 0.118610000000 0.029149000000 0.987503000000
789.028256435000 -0.036884000000 0.007156000000 0.006301000000 0.107008000000 0.121757000000 0.005440000000 0.986760000000
789.128355430000 -0.026010000000 0.019392000000 0.009448000000 0.095927000000 0.109142000000 -0.034580000000 0.988782000000
789.228304464000 -0.010633000000 0.028532000000 0.004807000000 0.088193000000 0.097251000000 -0.056859000000 0.989713000000
789.328253402000 0.006383000000 0.027066000000 -0.006328000000 0.076190000000 0.086675000000 -0.080407000000 0.990059000000
789.428352464000 0.024338000000 0.017471000000 -0.020400000000 0.067736000000 0.068403000000 -0.078893000000 0.992224000000
789.528301464000 0.037100000000 0.000421000000 -0.035178000000 0.055686000000 0.051763000000 -0.055417000000 0.995565000000
789.628250430000 0.041538000000 -0.022061000000 -0.045575000000 0.038932000000 0.038397000000 -0.039607000000 0.997718000000
789.728349464000 0.038439000000 -0.040981000000 -0.052212000000 0.027475000000 0.032118000000 -0.011124000000 0.999044000000
789.828298421000 0.030619000000 -0.054044000000 -0.055009000000 0.029183000000 0.031669000000 0.004895000000 0.999060000000
789.928247435000 0.017318000000 -0.062702000000 -0.053577000000 0.037472000000 0.032412000000 0.016576000000 0.998634000000
790.028196516000 -0.001889000000 -0.061229000000 -0.046820000000 0.048772000000 0.054077000000 0.041808000000 0.996468000000
790.128295464000 -0.019742000000 -0.054608000000 -0.036125000000 0.063407000000 0.063375000000 0.039446000000 0.995192000000
790.228244435000 -0.034247000000 -0.042751000000 -0.024678000000 0.075388000000 0.079650000000 0.030589000000 0.993497000000
790.328193464000 -0.042177000000 -0.024058000000 -0.013449000000 0.088472000000 0.091373000000 0.008613000000 0.991841000000
790.428292435000 -0.044665000000 -0.003506000000 -0.004588000000 0.099537000000 0.101785000000 -0.010183000000 0.989762000000
790.528241430000 -0.040510000000 0.010514000000 0.001772000000 0.095746000000 0.103388000000 -0.044373000000 0.989027000000
790.628190435000 -0.028961000000 0.019908000000 0.005237000000 0.089581000000 0.094136000000 -0.066249000000 0.989305000000
790.728139464000 -0.014436000000 0.028649000000 0.004469000000 0.093842000000 0.080427000000 -0.072977000000 0.989646000000
790.828238430000 -0.000087000000 0.029967000000 -0.000930000000 0.092016000000 0.065939000000 -0.072400000000 0.990931000000
790.928187435000 0.012718000000 0.020801000000 -0.009699000000 0.081860000000 0.050632000000 -0.069279000000 0.992943000000
791.028136435000 0.021085000000 0.001279000000 -0.021739000000 0.066982000000 0.038462000000 -0.055310000000 0.995477000000
791.128235468000 0.023305000000 -0.024195000000 -0.032432000000 0.052840000000 0.030418000000 -0.033008000000 0.997594000000
791.228184430000 0.020200000000 -0.049426000000 -0.039872000000 0.039712000000 0.034512000000 -0.006856000000 0.998591000000
791.328133430000 0.015106000000 -0.073630000000 -0.041545000000 0.021788000000 0.040648000000 0.007844000000 0.998905000000
791.428082463000 0.005897000000 -0.087314000000 -0.041493000000 0.019740000000 0.054442000000 0.028605000000 0.997912000000
791.528181406000 -0.004079000000 -0.091198000000 -0.039411000000 0.037515000000 0.066379000000 0.055199000000 0.995560000000
791.628130430000 -0.010408000000 -0.094054000000 -0.030957000000 0.043531000000 0.065365000000 0.052504000000 0.995528000000
791.728079430000 -0.016789000000 -0.085755000000 -0.020692000000 0.046160000000 0.066827000000 0.039659000000 0.995907000000
791.828178463000 -0.022662000000 -0.063076000000 -0.010656000000 0.064393000000 0.074459000000 0.023746000000 0.994860000000
791.928127430000 -0.024532000000 -0.033789000000 -0.000070000000 0.084655000000 0.077805000000 -0.002098000000 0.993366000000
792.028073689000 -0.027321000000 -0.007006000000 0.012545000000 0.098313000000 0.087224000000 -0.026284000000 0.990977000000
792.128009822000 -0.030550000000 0.012178000000 0.024623000000 0.107755000000 0.099670000000 -0.044755000000 0.988156000000
792.228096357000 -0.031139000000 0.019705000000 0.031334000000 0.114581000000 0.103381000000 -0.050393000000 0.986734000000
792.328032864000 -0.031805000000 0.013722000000 0.032690000000 0.113477000000 0.101442000000 -0.042468000000 0.987436000000
792.427969337000 -0.026688000000 0.004580000000 0.022819000000 0.119656000000 0.090131000000 -0.015243000000 0.988598000000
792.528055858000 -0.016480000000 -0.012119000000 0.007367000000 0.103147000000 0.070940000000 -0.003525000000 0.992127000000
792.627992331000 -0.000590000000 -0.027093000000 -0.006636000000 0.079892000000 0.050004000000 -0.000674000000 0.995548000000
792.727928837000 0.022490000000 -0.034517000000 -0.015378000000 0.063737000000 0.021092000000 -0.001453000000 0.997743000000
792.827865343000 0.041133000000 -0.036718000000 -0.013614000000 0.050949000000 -0.005985000000 -0.022176000000 0.998437000000
792.927951864000 0.046418000000 -0.030611000000 -0.005566000000 0.056427000000 -0.018952000000 -0.023657000000 0.997946000000
793.027890547000 0.036239000000 -0.022189000000 0.006770000000 0.075953000000 -0.026146000000 -0.019517000000 0.996577000000
793.127839713000 0.017991000000 -0.017940000000 0.020210000000 0.099135000000 -0.023660000000 -0.005201000000 0.994779000000
793.227938713000 -0.004904000000 -0.019227000000 0.030997000000 0.112597000000 -0.018027000000 -0.001808000000 0.993476000000
793.327887680000 -0.024343000000 -0.014054000000 0.037622000000 0.131769000000 -0.004882000000 0.015124000000 0.991153000000
793.427836685000 -0.039125000000 -0.009909000000 0.043139000000 0.138403000000 0.003912000000 0.021969000000 0.990125000000
793.527785713000 -0.046930000000 -0.010102000000 0.047136000000 0.129059000000 0.004894000000 0.013225000000 0.991537000000
793.627884713000 -0.053778000000 -0.009296000000 0.051760000000 0.123329000000 0.004046000000 0.011828000000 0.992287000000
793.727833685000 -0.057024000000 -0.011587000000 0.054484000000 0.115276000000 -0.003087000000 0.003457000000 0.993323000000
793.827782684000 -0.058117000000 -0.013567000000 0.055592000000 0.106680000000 -0.000225000000 0.003630000000 0.994287000000
793.927881713000 -0.057363000000 -0.014491000000 0.057816000000 0.109298000000 -0.001978000000 0.002810000000 0.994003000000
794.027830713000 -0.056018000000 -0.014367000000 0.059271000000 0.110772000000 -0.010563000000 0.001624000000 0.993788000000
794.127779713000 -0.055294000000 -0.013913000000 0.057817000000 0.114603000000 -0.007507000000 0.000953000000 0.993383000000
794.227728680000 -0.054338000000 -0.014293000000 0.058266000000 0.111110000000 -0.011135000000 0.001616000000 0.993744000000
794.327827684000 -0.053949000000 -0.014471000000 0.058665000000 0.109399000000 -0.013998000000 0.001515000000 0.993898000000
794.427776651000 -0.053700000000 -0.014511000000 0.058585000000 0.109374000000 -0.014318000000 0.001353000000 0.993897000000
794.527725713000 -0.053191000000 -0.014553000000 0.059029000000 0.109565000000 -0.014031000000 0.001478000000 0.993880000000
794.627824713000 -0.053633000000 -0.014499000000 0.058766000000 0.109457000000 -0.014128000000 0.001401000000 0.993890000000
794.727773684000 -0.054002000000 -0.014459000000 0.058742000000 0.109412000000 -0.014177000000 0.001376000000 0.993894000000
794.827722713000 -0.054462000000 -0.014498000000 0.058797000000 0.109651000000 -0.014282000000 0.001190000000 0.993867000000
794.927671680000 -0.054767000000 -0.014352000000 0.058715000000 0.110296000000 -0.014260000000 0.000958000000 0.993796000000
795.027770684000 -0.054815000000 -0.014272000000 0.058622000000 0.110706000000 -0.014176000000 0.000837000000 0.993752000000
795.127719713000 -0.054953000000 -0.014327000000 0.058559000000 0.111170000000 -0.014156000000 0.000692000000 0.993700000000
795.227668684000 -0.055145000000 -0.014352000000 0.058493000000 0.111121000000 -0.014232000000 0.000638000000 0.993705000000
795.327767680000 -0.055305000000 -0.014350000000 0.058556000000 0.111032000000 -0.014258000000 0.000605000000 0.993714000000
795.427716684000 -0.055489000000 -0.014235000000 0.058699000000 0.111101000000 -0.014248000000 0.000533000000 0.993707000000
795.527665651000 -0.055840000000 -0.014122000000 0.058356000000 0.111635000000 -0.012777000000 0.000659000000 0.993667000000
795.627614713000 -0.057201000000 -0.012989000000 0.056406000000 0.115437000000 0.001046000000 -0.000232000000 0.993314000000
795.727713713000 -0.045934000000 -0.008497000000 0.049028000000 0.126474000000 0.004657000000 -0.001298000000 0.991958000000
795.827662684000 -0.025036000000 -0.012326000000 0.033032000000 0.110799000000 0.021418000000 -0.008755000000 0.993573000000
795.927611679000 0.005063000000 -0.019358000000 0.015304000000 0.088593000000 0.038953000000 -0.015749000000 0.995181000000
796.027710713000 0.044498000000 -0.027542000000 0.000896000000 0.075742000000 0.041320000000 -0.016888000000 0.996128000000
796.127659713000 0.088572000000 -0.038033000000 -0.012625000000 0.057422000000 0.041970000000 -0.020743000000 0.997252000000
796.227608679000 0.131412000000 -0.047185000000 -0.028140000000 0.044475000000 0.051667000000 -0.006061000000 0.997655000000
796.327557713000 0.167712000000 -0.063004000000 -0.042120000000 0.026597000000 0.058450000000 0.014496000000 0.997831000000
796.427656746000 0.198726000000 -0.083892000000 -0.051320000000 0.001334000000 0.047072000000 0.024119000000 0.998599000000
796.527605660000 0.225889000000 -0.101841000000 -0.057572000000 -0.019736000000 0.030751000000 0.041326000000 0.998477000000
796.627554679000 0.253072000000 -0.110503000000 -0.062136000000 -0.039877000000 0.015457000000 0.080953000000 0.995800000000
796.727653703000 0.283571000000 -0.106994000000 -0.058518000000 -0.065344000000 -0.003159000000 0.105072000000 0.992310000000
796.827602684000 0.315995000000 -0.080452000000 -0.044407000000 -0.088779000000 -0.021737000000 0.113717000000 0.989300000000
796.927551713000 0.340745000000 -0.023661000000 -0.021992000000 -0.100120000000 -0.030161000000 0.108684000000 0.988562000000
797.027500684000 0.360095000000 0.063347000000 0.005661000000 -0.080655000000 -0.038613000000 0.104978000000 0.990446000000
797.127599684000 0.371099000000 0.160095000000 0.030226000000 -0.037814000000 -0.041509000000 0.090201000000 0.994339000000
797.227548679000 0.381367000000 0.254367000000 0.055258000000 0.011208000000 -0.042761000000 0.076047000000 0.996124000000
797.327497679000 0.399862000000 0.340603000000 0.079954000000 0.065431000000 -0.052383000000 0.049170000000 0.995267000000
797.427596679000 0.419084000000 0.414240000000 0.102466000000 0.119457000000 -0.063297000000 0.032491000000 0.990287000000
797.527545684000 0.434066000000 0.477185000000 0.119398000000 0.168670000000 -0.071335000000 0.031195000000 0.982593000000
797.627494679000 0.441993000000 0.530791000000 0.128884000000 0.215968000000 -0.076636000000 0.020114000000 0.973180000000
797.727443712000 0.444359000000 0.572672000000 0.126729000000 0.245449000000 -0.070900000000 -0.001219000000 0.966812000000
797.827542684000 0.444564000000 0.605030000000 0.109205000000 0.262840000000 -0.067031000000 -0.031678000000 0.961987000000
797.927491679000 0.442966000000 0.629935000000 0.078032000000 0.268212000000 -0.064006000000 -0.046605000000 0.960101000000
798.027440712000 0.444829000000 0.644906000000 0.036162000000 0.258316000000 -0.063084000000 -0.061150000000 0.962057000000
798.127539684000 0.448043000000 0.660406000000 -0.011621000000 0.251475000000 -0.078651000000 -0.071553000000 0.962005000000
798.227488684000 0.434154000000 0.672684000000 -0.055745000000 0.243143000000 -0.076294000000 -0.064803000000 0.964811000000
798.327437684000 0.408146000000 0.680714000000 -0.102590000000 0.221240000000 -0.060262000000 -0.064323000000 0.971228000000
798.427386712000 0.373583000000 0.683241000000 -0.153476000000 0.189568000000 -0.048184000000 -0.052783000000 0.979263000000
798.527485712000 0.330571000000 0.688465000000 -0.207886000000 0.151728000000 -0.026032000000 -0.022965000000 0.987812000000
798.627434712000 0.287580000000 0.701120000000 -0.259256000000 0.116175000000 -0.009296000000 0.008025000000 0.993153000000
798.727383712000 0.253752000000 0.721852000000 -0.311390000000 0.085891000000 0.010009000000 0.038951000000 0.995493000000
798.827482679000 0.245263000000 0.760382000000 -0.363701000000 0.061894000000 0.016120000000 0.055086000000 0.996431000000
798.927431712000 0.259771000000 0.818208000000 -0.415184000000 0.045845000000 0.001200000000 0.037288000000 0.998252000000
799.027380712000 0.285744000000 0.889572000000 -0.454031000000 0.058972000000 -0.029306000000 0.007425000000 0.997802000000
799.127329684000 0.305611000000 0.969502000000 -0.485620000000 0.085017000000 -0.053487000000 -0.023401000000 0.994668000000
799.227428679000 0.308912000000 1.056686000000 -0.503548000000 0.127505000000 -0.066399000000 -0.051803000000 0.988256000000
799.327377684000 0.289870000000 1.148685000000 -0.509957000000 0.188465000000 -0.056353000000 -0.085836000000 0.976697000000
799.427326712000 0.262677000000 1.243096000000 -0.501027000000 0.267163000000 -0.042364000000 -0.084515000000 0.959003000000
799.527425712000 0.234921000000 1.328276000000 -0.468634000000 0.363289000000 -0.011231000000 -0.080418000000 0.928132000000
799.627374684000 0.213605000000 1.396962000000 -0.415580000000 0.457283000000 0.004710000000 -0.086599000000 0.885082000000
799.727323712000 0.189752000000 1.450221000000 -0.343139000000 0.546794000000 0.017687000000 -0.068069000000 0.834308000000
799.827422684000 0.167238000000 1.488484000000 -0.263392000000 0.621046000000 0.022149000000 -0.050835000000 0.781811000000
799.927371712000 0.164724000000 1.516060000000 -0.185606000000 0.681644000000 0.012243000000 -0.061930000000 0.728955000000
800.027320684000 0.185338000000 1.549609000000 -0.117538000000 0.720250000000 0.010300000000 -0.088445000000 0.687976000000
800.127269712000 0.235847000000 1.596631000000 -0.060769000000 0.735534000000 0.023470000000 -0.137955000000 0.662878000000
800.227368684000 0.304852000000 1.649483000000 -0.014020000000 0.739672000000 0.022596000000 -0.177629000000 0.648708000000
800.327317679000 0.364577000000 1.705346000000 0.018921000000 0.740318000000 0.028861000000 -0.224580000000 0.632977000000
800.427266679000 0.389315000000 1.772164000000 0.037621000000 0.743616000000 0.019381000000 -0.240337000000 0.623617000000
800.527365717000 0.368788000000 1.853337000000 0.045858000000 0.738910000000 0.015580000000 -0.227165000000 0.634165000000
800.627314679000 0.320999000000 1.941569000000 0.039000000000 0.723586000000 0.017280000000 -0.191037000000 0.663045000000
800.727263712000 0.276894000000 2.034172000000 0.023413000000 0.704510000000 0.012541000000 -0.138939000000 0.695847000000
800.827212712000 0.258076000000 2.139122000000 0.005500000000 0.684533000000 0.001241000000 -0.102603000000 0.721724000000
800.927311679000 0.263157000000 2.240284000000 -0.021467000000 0.655836000000 -0.002686000000 -0.082986000000 0.750323000000
801.027260650000 0.297278000000 2.317772000000 -0.047762000000 0.620511000000 -0.010842000000 -0.088533000000 0.779109000000
801.127209683000 0.349930000000 2.372340000000 -0.060301000000 0.590876000000 -0.021906000000 -0.116195000000 0.798050000000
801.227308712000 0.404265000000 2.418110000000 -0.054568000000 0.563426000000 -0.023020000000 -0.157923000000 0.810606000000
801.327257712000 0.440749000000 2.450211000000 -0.018482000000 0.548012000000 -0.032845000000 -0.184585000000 0.815189000000
801.427206679000 0.446794000000 2.481994000000 0.055113000000 0.556337000000 -0.036733000000 -0.197670000000 0.806267000000
801.527155712000 0.440378000000 2.513613000000 0.154864000000 0.572083000000 -0.027825000000 -0.185248000000 0.798517000000
801.627254712000 0.438765000000 2.536986000000 0.272518000000 0.581839000000 -0.015426000000 -0.169152000000 0.795370000000
801.727203683000 0.449806000000 2.550637000000 0.407056000000 0.601279000000 -0.012542000000 -0.154863000000 0.783788000000
801.827152712000 0.464125000000 2.547412000000 0.547964000000 0.622682000000 -0.005938000000 -0.137984000000 0.770190000000
801.927251679000 0.468609000000 2.526478000000 0.690808000000 0.651794000000 0.008375000000 -0.139962000000 0.745322000000
802.027200655000 0.471106000000 2.491355000000 0.836926000000 0.686525000000 0.000689000000 -0.111107000000 0.718567000000
802.127149712000 0.479048000000 2.435277000000 0.974218000000 0.715004000000 -0.001137000000 -0.108591000000 0.690635000000
802.227098683000 0.483622000000 2.372066000000 1.110823000000 0.740328000000 0.008015000000 -0.112478000000 0.662721000000
802.327198698000 0.483140000000 2.312166000000 1.257013000000 0.769619000000 0.024428000000 -0.093735000000 0.631113000000
802.427146683000 0.492807000000 2.245721000000 1.407237000000 0.796266000000 0.032818000000 -0.073148000000 0.599611000000
802.527095712000 0.508205000000 2.173685000000 1.564434000000 0.819648000000 0.035147000000 -0.069833000000 0.567508000000
802.627194650000 0.534377000000 2.101022000000 1.724542000000 0.837240000000 0.045895000000 -0.079612000000 0.539059000000
802.727143655000 0.580414000000 2.030588000000 1.864947000000 0.842001000000 0.065559000000 -0.072507000000 0.530546000000
802.827092650000 0.638582000000 1.953983000000 1.986339000000 0.851518000000 0.084084000000 -0.090162000000 0.509626000000
802.927041712000 0.701981000000 1.881021000000 2.102033000000 0.868458000000 0.058684000000 -0.101730000000 0.481651000000
803.027140712000 0.758720000000 1.818427000000 2.208481000000 0.879482000000 0.052934000000 -0.122649000000 0.456800000000
803.127090059000 0.813524000000 1.773346000000 2.299606000000 0.884050000000 0.048220000000 -0.138496000000 0.443790000000
803.227038678000 0.865708000000 1.746590000000 2.385495000000 0.877359000000 0.075123000000 -0.152913000000 0.448571000000
803.327137678000 0.921340000000 1.732677000000 2.463249000000 0.866851000000 0.076410000000 -0.153131000000 0.468274000000
803.427086688000 0.984667000000 1.729643000000 2.533517000000 0.849400000000 0.074691000000 -0.170616000000 0.493793000000
803.527035712000 1.050195000000 1.728718000000 2.597132000000 0.836801000000 0.049710000000 -0.195815000000 0.508872000000
803.626984678000 1.111258000000 1.732403000000 2.645707000000 0.826795000000 0.041270000000 -0.208515000000 0.520796000000
803.727083683000 1.163822000000 1.742125000000 2.674993000000 0.812176000000 0.045331000000 -0.231594000000 0.533554000000
803.827032678000 1.195356000000 1.756783000000 2.680748000000 0.798685000000 0.044008000000 -0.242510000000 0.548958000000
803.926981678000 1.205582000000 1.783004000000 2.665305000000 0.779605000000 0.047821000000 -0.245856000000 0.574007000000
804.027080678000 1.191650000000 1.817913000000 2.626074000000 0.755151000000 0.049350000000 -0.242614000000 0.607001000000
804.127029712000 1.158011000000 1.861667000000 2.568869000000 0.726577000000 0.053767000000 -0.224783000000 0.647046000000
804.226978678000 1.112146000000 1.912319000000 2.491436000000 0.696884000000 0.064450000000 -0.217799000000 0.680267000000
804.326927711000 1.064236000000 1.955765000000 2.398502000000 0.673574000000 0.040579000000 -0.201678000000 0.709914000000
804.427026711000 1.001554000000 1.994108000000 2.287825000000 0.656853000000 0.037530000000 -0.181529000000 0.730878000000
804.526975678000 0.930188000000 2.030315000000 2.169425000000 0.648891000000 0.050241000000 -0.160952000000 0.741964000000
804.626924678000 0.857922000000 2.064539000000 2.049007000000 0.645565000000 0.042442000000 -0.135338000000 0.750419000000
804.727023678000 0.777802000000 2.105118000000 1.919081000000 0.630262000000 0.052255000000 -0.097438000000 0.768469000000
804.826972683000 0.697267000000 2.154199000000 1.772899000000 0.602018000000 0.073681000000 -0.094910000000 0.789391000000
804.926921711000 0.630820000000 2.206334000000 1.619066000000 0.580635000000 0.058031000000 -0.079892000000 0.808154000000
805.026870711000 0.572859000000 2.256433000000 1.461064000000 0.566380000000 0.026648000000 -0.042588000000 0.822612000000
805.126969678000 0.516316000000 2.292670000000 1.295449000000 0.530806000000 0.040508000000 -0.019096000000 0.846309000000
805.226918678000 0.468965000000 2.311773000000 1.130759000000 0.494314000000 0.051104000000 -0.007959000000 0.867744000000
805.326867678000 0.431250000000 2.319585000000 0.970575000000 0.462055000000 0.045520000000 0.001151000000 0.885682000000
805.426966711000 0.402563000000 2.312513000000 0.810336000000 0.426555000000 0.033648000000 0.009022000000 0.903790000000
805.526915711000 0.388871000000 2.302195000000 0.661681000000 0.399888000000 0.027639000000 0.001610000000 0.916146000000
805.626864711000 0.393053000000 2.292432000000 0.530455000000 0.381900000000 0.002254000000 0.024863000000 0.923867000000
805.726813678000 0.404657000000 2.284393000000 0.408335000000 0.350424000000 -0.012643000000 0.018473000000 0.936323000000
805.826912711000 0.422775000000 2.287165000000 0.296942000000 0.313385000000 -0.032390000000 0.010730000000 0.949013000000
805.926861711000 0.449752000000 2.290461000000 0.193700000000 0.277290000000 -0.067883000000 -0.003498000000 0.958379000000
806.026810711000 0.476577000000 2.306958000000 0.107157000000 0.250640000000 -0.085618000000 -0.022127000000 0.964033000000
806.126909711000 0.499953000000 2.317928000000 0.042317000000 0.232306000000 -0.101049000000 -0.043470000000 0.966402000000
806.226858711000 0.503931000000 2.324348000000 -0.000920000000 0.234111000000 -0.101559000000 -0.065940000000 0.964640000000
806.326807678000 0.494932000000 2.334577000000 -0.025405000000 0.247797000000 -0.088002000000 -0.079357000000 0.961538000000
806.426756683000 0.486480000000 2.340871000000 -0.029307000000 0.271388000000 -0.074669000000 -0.114890000000 0.952666000000
806.526857421000 0.483688000000 2.358242000000 -0.012996000000 0.314126000000 -0.072225000000 -0.129778000000 0.937692000000
806.626804683000 0.493378000000 2.383713000000 0.011674000000 0.357888000000 -0.064851000000 -0.134961000000 0.921681000000
806.726753711000 0.505936000000 2.395085000000 0.058492000000 0.412309000000 -0.068770000000 -0.172802000000 0.891858000000
806.826852711000 0.517367000000 2.391634000000 0.137571000000 0.487224000000 -0.086232000000 -0.198559000000 0.846021000000
806.926801711000 0.528913000000 2.369499000000 0.239897000000 0.571833000000 -0.092208000000 -0.217983000000 0.785486000000
807.026744078000 0.538266000000 2.326314000000 0.340196000000 0.639824000000 -0.068869000000 -0.228717000000 0.730459000000
807.126799702000 0.555637000000 2.260147000000 0.451813000000 0.704917000000 -0.050411000000 -0.247014000000 0.662975000000
807.226705957000 0.574089000000 2.172197000000 0.567979000000 0.764274000000 -0.052728000000 -0.251706000000 0.591396000000
807.326612207000 0.592405000000 2.062704000000 0.674847000000 0.807847000000 -0.042479000000 -0.271335000000 0.521494000000
807.426518429000 0.617344000000 1.936301000000 0.780055000000 0.844489000000 -0.027373000000 -0.285315000000 0.452420000000
807.526574525000 0.641396000000 1.800935000000 0.879129000000 0.874360000000 -0.009520000000 -0.300542000000 0.380892000000
807.626480809000 0.659981000000 1.670524000000 0.975824000000 0.899732000000 0.003455000000 -0.300613000000 0.316390000000
807.726386997000 0.671894000000 1.546662000000 1.078811000000 0.922922000000 0.011475000000 -0.292526000000 0.250024000000
807.826443155000 0.675919000000 1.427324000000 1.173789000000 0.939848000000 0.006862000000 -0.290043000000 0.180315000000
807.926349410000 0.675786000000 1.310971000000 1.270139000000 0.952424000000 0.000790000000 -0.284555000000 0.109161000000
808.026261845000 0.675884000000 1.202999000000 1.361184000000 0.962712000000 0.005051000000 -0.268212000000 0.034953000000
808.126211250000 0.678441000000 1.093845000000 1.448412000000 0.964681000000 0.022660000000 -0.261184000000 -0.025680000000
808.226310283000 0.687145000000 0.990025000000 1.523261000000 0.966123000000 0.019257000000 -0.243956000000 -0.081985000000
808.326259250000 0.704952000000 0.894769000000 1.591448000000 0.965238000000 0.016138000000 -0.231330000000 -0.120587000000
808.426208254000 0.724004000000 0.795754000000 1.652794000000 0.962882000000 0.013698000000 -0.225383000000 -0.147892000000
808.526157250000 0.747872000000 0.697170000000 1.711440000000 0.957127000000 0.010174000000 -0.232763000000 -0.172124000000
808.626256254000 0.778473000000 0.610126000000 1.765518000000 0.954761000000 0.017557000000 -0.229485000000 -0.188306000000
808.726205283000 0.820759000000 0.536938000000 1.808240000000 0.949156000000 0.011012000000 -0.238488000000 -0.205195000000
808.826154283000 0.868894000000 0.478382000000 1.846965000000 0.943860000000 0.021547000000 -0.251261000000 -0.213383000000
808.926253254000 0.912736000000 0.436588000000 1.879585000000 0.938102000000 0.045766000000 -0.265335000000 -0.217869000000
809.026202254000 0.951467000000 0.404636000000 1.908734000000 0.933929000000 0.072725000000 -0.269703000000 -0.223043000000
809.126151283000 0.986917000000 0.374891000000 1.940263000000 0.932192000000 0.074660000000 -0.278653000000 -0.218624000000
809.226250254000 1.012523000000 0.358035000000 1.975209000000 0.934799000000 0.077137000000 -0.277181000000 -0.208259000000
809.326199254000 1.032279000000 0.357542000000 2.012294000000 0.937730000000 0.078655000000 -0.283395000000 -0.184831000000
809.426148254000 1.045899000000 0.372179000000 2.053674000000 0.942905000000 0.060497000000 -0.295769000000 -0.140677000000
809.526097478000 1.054205000000 0.421666000000 2.096525000000 0.952713000000 0.072326000000 -0.286445000000 -0.071101000000
809.626196283000 1.065233000000 0.496317000000 2.119341000000 0.949502000000 0.097863000000 -0.297923000000 -0.010537000000
809.726145221000 1.078226000000 0.586655000000 2.133136000000 0.948487000000 0.088869000000 -0.298875000000 0.056103000000
809.826094283000 1.084289000000 0.701446000000 2.130994000000 0.939438000000 0.105418000000 -0.301481000000 0.124306000000
809.926193221000 1.079721000000 0.832661000000 2.109278000000 0.924000000000 0.105689000000 -0.314864000000 0.189514000000
810.026142245000 1.058697000000 0.977647000000 2.070013000000 0.909127000000 0.094932000000 -0.322893000000 0.245391000000
810.126091249000 1.026810000000 1.133062000000 2.021285000000 0.894127000000 0.081468000000 -0.320440000000 0.302023000000
810.226040283000 0.982900000000 1.291497000000 1.963514000000 0.877578000000 0.061889000000 -0.306100000000 0.363771000000
810.326139249000 0.927804000000 1.451837000000 1.897344000000 0.855906000000 0.061508000000 -0.279218000000 0.430904000000
810.426088283000 0.869434000000 1.610769000000 1.823521000000 0.828903000000 0.065121000000 -0.245818000000 0.498250000000
810.526037254000 0.812116000000 1.771639000000 1.732268000000 0.791706000000 0.078053000000 -0.223276000000 0.563257000000
810.626136254000 0.766991000000 1.929533000000 1.618947000000 0.746307000000 0.067055000000 -0.211332000000 0.627589000000
810.726085283000 0.725985000000 2.072740000000 1.492391000000 0.698579000000 0.050064000000 -0.184329000000 0.689568000000
810.826034249000 0.690846000000 2.188572000000 1.361057000000 0.652614000000 0.041879000000 -0.162524000000 0.738868000000
810.925983249000 0.651274000000 2.281467000000 1.211174000000 0.604312000000 0.039088000000 -0.145926000000 0.782295000000
811.026082249000 0.610448000000 2.360470000000 1.062294000000 0.556845000000 0.034088000000 -0.118281000000 0.821444000000
811.126031249000 0.581135000000 2.417524000000 0.928778000000 0.511092000000 0.036711000000 -0.120913000000 0.850187000000
811.225980282000 0.558816000000 2.462860000000 0.794957000000 0.470205000000 0.038121000000 -0.108924000000 0.874980000000
811.326079249000 0.551385000000 2.501971000000 0.679080000000 0.432975000000 0.027770000000 -0.085138000000 0.896946000000
811.426028254000 0.547286000000 2.530497000000 0.570195000000 0.388744000000 0.015537000000 -0.077554000000 0.917945000000
811.525977254000 0.546432000000 2.560374000000 0.472195000000 0.339915000000 -0.006175000000 -0.072373000000 0.937647000000
811.625926254000 0.546739000000 2.601238000000 0.377747000000 0.285993000000 -0.031701000000 -0.069292000000 0.955197000000
811.726025282000 0.553062000000 2.632603000000 0.302045000000 0.240014000000 -0.038114000000 -0.057381000000 0.968322000000
811.825974282000 0.555308000000 2.646559000000 0.235841000000 0.207124000000 -0.040590000000 -0.065157000000 0.975298000000
811.925923254000 0.547407000000 2.650677000000 0.188674000000 0.189817000000 -0.038709000000 -0.073973000000 0.978263000000
812.026022249000 0.535907000000 2.649883000000 0.174459000000 0.191462000000 -0.039064000000 -0.068712000000 0.978312000000
812.125971249000 0.514215000000 2.652796000000 0.171002000000 0.215384000000 -0.027307000000 -0.073674000000 0.973363000000
812.225920282000 0.478536000000 2.660233000000 0.178001000000 0.248805000000 0.003860000000 -0.072157000000 0.965854000000
812.325869282000 0.444803000000 2.678483000000 0.199713000000 0.302860000000 0.024607000000 -0.070872000000 0.950078000000
812.425968282000 0.421512000000 2.696498000000 0.250941000000 0.380796000000 0.036536000000 -0.060090000000 0.921981000000
812.525917282000 0.406794000000 2.708423000000 0.329412000000 0.477905000000 0.073952000000 -0.067129000000 0.872715000000
812.625866320000 0.410826000000 2.708135000000 0.433315000000 0.586732000000 0.080457000000 -0.081280000000 0.801665000000
812.725965282000 0.433907000000 2.688719000000 0.546143000000 0.680706000000 0.085506000000 -0.091752000000 0.721741000000
812.825914254000 0.475421000000 2.643658000000 0.657584000000 0.749212000000 0.083072000000 -0.118132000000 0.646394000000
812.925863254000 0.529322000000 2.578739000000 0.753755000000 0.797159000000 0.087268000000 -0.158668000000 0.575975000000
813.025812254000 0.589594000000 2.504295000000 0.835999000000 0.826494000000 0.097927000000 -0.203122000000 0.515809000000
813.125911254000 0.657152000000 2.437484000000 0.898845000000 0.837917000000 0.110722000000 -0.245056000000 0.474955000000
813.225860220000 0.725127000000 2.391546000000 0.941377000000 0.835367000000 0.120237000000 -0.282170000000 0.456164000000
813.325809282000 0.774485000000 2.372516000000 0.964924000000 0.812972000000 0.121447000000 -0.324129000000 0.468261000000
813.425908254000 0.792508000000 2.376851000000 0.968894000000 0.783925000000 0.095884000000 -0.338877000000 0.511303000000
813.525857282000 0.768054000000 2.407150000000 0.956176000000 0.753807000000 0.079682000000 -0.309642000000 0.574063000000
813.625806249000 0.715696000000 2.441075000000 0.922820000000 0.715958000000 0.079255000000 -0.259470000000 0.643272000000
813.725755282000 0.645337000000 2.459035000000 0.872436000000 0.674346000000 0.076507000000 -0.209337000000 0.703976000000
813.825854282000 0.572077000000 2.460668000000 0.818509000000 0.638339000000 0.062909000000 -0.114682000000 0.758561000000
813.925803282000 0.509896000000 2.442511000000 0.737352000000 0.591981000000 0.080804000000 -0.047957000000 0.800456000000
814.025752253000 0.503029000000 2.406320000000 0.649584000000 0.517370000000 0.082070000000 -0.029096000000 0.851320000000
814.125851249000 0.543337000000 2.358785000000 0.572865000000 0.445027000000 0.049353000000 -0.059377000000 0.892182000000
814.225800282000 0.615848000000 2.315237000000 0.528243000000 0.391592000000 -0.003200000000 -0.096093000000 0.915102000000
814.325749253000 0.693561000000 2.276771000000 0.522149000000 0.363216000000 -0.047837000000 -0.113594000000 0.923516000000
814.425698272000 0.751440000000 2.237441000000 0.548757000000 0.355307000000 -0.066529000000 -0.147874000000 0.920578000000
814.525797282000 0.788673000000 2.227451000000 0.617312000000 0.385769000000 -0.075870000000 -0.187809000000 0.900085000000
814.625746287000 0.782046000000 2.216246000000 0.697179000000 0.439646000000 -0.063599000000 -0.197663000000 0.873840000000
814.725695249000 0.757810000000 2.205138000000 0.794195000000 0.509374000000 -0.030400000000 -0.184175000000 0.840056000000
814.825794282000 0.725146000000 2.191940000000 0.909996000000 0.581899000000 -0.002249000000 -0.149827000000 0.799338000000
814.925743253000 0.691160000000 2.169311000000 1.034722000000 0.658505000000 0.012801000000 -0.095899000000 0.746331000000
815.025692249000 0.663874000000 2.124968000000 1.156707000000 0.727291000000 0.023523000000 -0.060453000000 0.683257000000
815.125641253000 0.653538000000 2.068944000000 1.261633000000 0.780369000000 0.042783000000 -0.056206000000 0.621317000000
815.225740282000 0.679625000000 1.998021000000 1.373113000000 0.826925000000 0.048396000000 -0.068250000000 0.556053000000
815.325689249000 0.733875000000 1.920264000000 1.476358000000 0.861371000000 0.052026000000 -0.092804000000 0.496709000000
815.425638249000 0.807557000000 1.837085000000 1.560978000000 0.881869000000 0.060118000000 -0.150436000000 0.442790000000
815.525737220000 0.895450000000 1.767156000000 1.628802000000 0.885095000000 0.084128000000 -0.199078000000 0.412186000000
815.625686282000 0.981838000000 1.705104000000 1.690025000000 0.885408000000 0.097915000000 -0.213804000000 0.400940000000
815.725635248000 1.045256000000 1.652588000000 1.739189000000 0.879739000000 0.133741000000 -0.244884000000 0.384974000000
815.825584282000 1.093231000000 1.607881000000 1.787624000000 0.880916000000 0.150171000000 -0.260645000000 0.365375000000
815.925683282000 1.126358000000 1.579614000000 1.830664000000 0.887442000000 0.163933000000 -0.236507000000 0.360051000000
816.025632282000 1.137157000000 1.573094000000 1.877847000000 0.888483000000 0.149137000000 -0.237442000000 0.363287000000
816.125581282000 1.106723000000 1.593622000000 1.925979000000 0.885642000000 0.138148000000 -0.195485000000 0.397918000000
816.225680320000 1.051744000000 1.629344000000 1.970061000000 0.877028000000 0.138337000000 -0.159109000000 0.431705000000
816.325633748000 0.990973000000 1.683790000000 2.010676000000 0.860984000000 0.179283000000 -0.109564000000 0.463207000000
816.425578253000 0.945297000000 1.749428000000 2.044840000000 0.838068000000 0.226907000000 -0.073132000000 0.490720000000
816.525527239000 0.920474000000 1.802918000000 2.073847000000 0.822194000000 0.221683000000 -0.027766000000 0.523528000000
816.625626253000 0.893371000000 1.854550000000 2.088621000000 0.792517000000 0.275511000000 -0.024067000000 0.543536000000
816.725575253000 0.875800000000 1.903741000000 2.097746000000 0.770001000000 0.284918000000 -0.012385000000 0.570760000000
816.825524253000 0.849787000000 1.954480000000 2.101591000000 0.737833000000 0.289266000000 0.024970000000 0.609347000000
816.925623282000 0.812724000000 1.996932000000 2.096754000000 0.692945000000 0.303550000000 0.043590000000 0.652521000000
817.025572253000 0.777877000000 2.031491000000 2.085771000000 0.645025000000 0.299480000000 0.068344000000 0.699702000000
817.125521253000 0.747987000000 2.049477000000 2.060863000000 0.580646000000 0.311231000000 0.056130000000 0.750223000000
817.225470253000 0.729528000000 2.059036000000 2.032982000000 0.517863000000 0.310211000000 0.043238000000 0.796064000000
817.325569253000 0.715878000000 2.056019000000 2.002792000000 0.438226000000 0.319860000000 0.049181000000 0.838588000000
817.425518282000 0.701968000000 2.030136000000 1.967910000000 0.361589000000 0.356776000000 0.060001000000 0.859281000000
817.525467253000 0.693917000000 1.999513000000 1.928377000000 0.283787000000 0.369278000000 0.050716000000 0.883474000000
817.625566253000 0.685009000000 1.958023000000 1.891653000000 0.206455000000 0.387775000000 0.074002000000 0.895282000000
817.725515253000 0.683943000000 1.896126000000 1.864236000000 0.144628000000 0.382608000000 0.078041000000 0.909177000000
817.825464281000 0.686030000000 1.826928000000 1.849566000000 0.075472000000 0.381707000000 0.080610000000 0.917663000000
817.925413281000 0.689742000000 1.751843000000 1.848146000000 -0.008480000000 0.390783000000 0.052871000000 0.918924000000
818.025512248000 0.706350000000 1.685235000000 1.854264000000 -0.076229000000 0.385008000000 0.028377000000 0.919322000000
818.125461281000 0.729445000000 1.617892000000 1.868108000000 -0.147772000000 0.378213000000 -0.003421000000 0.913842000000
818.225410281000 0.755677000000 1.556124000000 1.888153000000 -0.207653000000 0.385627000000 -0.011254000000 0.898914000000
818.325509253000 0.795566000000 1.494863000000 1.908863000000 -0.284505000000 0.359216000000 -0.019440000000 0.888618000000
818.425458281000 0.831382000000 1.434767000000 1.931956000000 -0.370281000000 0.335240000000 -0.039523000000 0.865416000000
818.525407281000 0.862562000000 1.388792000000 1.969568000000 -0.452744000000 0.297286000000 -0.055057000000 0.838816000000
818.625506219000 0.876471000000 1.371042000000 2.033440000000 -0.529870000000 0.279586000000 -0.062560000000 0.798221000000
818.725455229000 0.872271000000 1.370100000000 2.096956000000 -0.595372000000 0.258112000000 -0.091370000000 0.755355000000
818.825404281000 0.862823000000 1.382254000000 2.147824000000 -0.644970000000 0.250222000000 -0.104106000000 0.714538000000
818.925353281000 0.863771000000 1.409872000000 2.212278000000 0.683833000000 -0.257293000000 0.098333000000 -0.675650000000
819.025452253000 0.876966000000 1.433540000000 2.282177000000 0.724863000000 -0.263999000000 0.090086000000 -0.629891000000
819.125401253000 0.906328000000 1.451620000000 2.339205000000 0.763183000000 -0.266811000000 0.056232000000 -0.585834000000
819.225350281000 0.950792000000 1.456537000000 2.362352000000 0.799091000000 -0.225576000000 0.020487000000 -0.556911000000
819.325449253000 1.010114000000 1.475501000000 2.361507000000 0.819604000000 -0.168064000000 -0.016858000000 -0.547467000000
819.425398281000 1.076898000000 1.512073000000 2.333610000000 0.822222000000 -0.109247000000 -0.062934000000 -0.555028000000
819.525347281000 1.134727000000 1.570196000000 2.287132000000 0.809700000000 -0.056533000000 -0.099850000000 -0.575516000000
819.625296253000 1.163599000000 1.633487000000 2.235946000000 0.792186000000 -0.023248000000 -0.115798000000 -0.598742000000
819.725395281000 1.167034000000 1.707385000000 2.177912000000 0.765715000000 0.001216000000 -0.118492000000 -0.632170000000
819.825344281000 1.155781000000 1.776161000000 2.110735000000 0.728023000000 0.015519000000 -0.116114000000 -0.675470000000
819.925293281000 1.133911000000 1.829862000000 2.042066000000 -0.673883000000 -0.012205000000 0.129141000000 0.727362000000
820.025392248000 1.100366000000 1.885638000000 1.966650000000 -0.617545000000 0.000085000000 0.135993000000 0.774690000000
820.125341248000 1.040683000000 1.939594000000 1.889420000000 -0.562776000000 0.026730000000 0.112543000000 0.818476000000
820.225290248000 0.968841000000 2.001088000000 1.806354000000 -0.502189000000 0.081666000000 0.106073000000 0.854333000000
820.325239253000 0.901889000000 2.074662000000 1.723672000000 -0.433929000000 0.132689000000 0.096877000000 0.885841000000
820.425338281000 0.844201000000 2.145523000000 1.645222000000 -0.376506000000 0.147835000000 0.058651000000 0.912660000000
820.525287281000 0.799276000000 2.215384000000 1.567065000000 -0.322703000000 0.171692000000 0.049150000000 0.929499000000
820.625236281000 0.766803000000 2.281898000000 1.492000000000 -0.261868000000 0.182843000000 0.034104000000 0.947011000000
820.725335252000 0.759118000000 2.348627000000 1.417635000000 -0.201802000000 0.188612000000 0.025216000000 0.960763000000
820.825284248000 0.764778000000 2.402643000000 1.347386000000 -0.162778000000 0.177291000000 0.008604000000 0.970565000000
820.925233281000 0.782116000000 2.416475000000 1.283911000000 -0.135636000000 0.155248000000 -0.006674000000 0.978497000000
821.025182252000 0.810646000000 2.400768000000 1.227763000000 -0.116756000000 0.106515000000 -0.035681000000 0.986787000000
821.125281281000 0.830792000000 2.364144000000 1.178522000000 -0.104563000000 0.064123000000 -0.036389000000 0.991782000000
821.225230271000 0.828911000000 2.304971000000 1.132040000000 -0.106847000000 0.069322000000 -0.010664000000 0.991799000000
821.325179281000 0.806945000000 2.230295000000 1.083023000000 -0.117043000000 0.106487000000 0.012580000000 0.987321000000
821.425278252000 0.781135000000 2.149667000000 1.047409000000 -0.162243000000 0.136251000000 0.056155000000 0.975684000000
821.525227281000 0.745251000000 2.060643000000 1.010878000000 -0.190330000000 0.155568000000 0.061056000000 0.967391000000
821.625176248000 0.711816000000 1.973650000000 0.983128000000 -0.215060000000 0.174126000000 0.093820000000 0.956361000000
821.725125281000 0.680984000000 1.880036000000 0.946545000000 -0.221138000000 0.195343000000 0.125018000000 0.947264000000
821.825224286000 0.664288000000 1.781103000000 0.908332000000 -0.259672000000 0.198023000000 0.119277000000 0.937620000000
821.925173219000 0.669639000000 1.683383000000 0.870787000000 -0.309363000000 0.165802000000 0.100708000000 0.930947000000
822.025121408000 0.691601000000 1.585271000000 0.827931000000 -0.365308000000 0.149820000000 0.090650000000 0.914269000000
822.125214669000 0.739973000000 1.504966000000 0.782694000000 -0.422912000000 0.101597000000 0.081856000000 0.896729000000
822.225157972000 0.791414000000 1.447244000000 0.726143000000 -0.435366000000 0.047861000000 0.078515000000 0.895545000000
822.325101270000 0.838839000000 1.408288000000 0.663656000000 -0.441266000000 0.020807000000 0.094492000000 0.892145000000
822.425044573000 0.873867000000 1.381959000000 0.596276000000 -0.414589000000 -0.031508000000 0.086676000000 0.905323000000
822.525137867000 0.899244000000 1.366219000000 0.525871000000 -0.384345000000 -0.041478000000 0.085790000000 0.918259000000
822.625081175000 0.918527000000 1.359070000000 0.447329000000 -0.330765000000 -0.060914000000 0.087522000000 0.937669000000
822.725024473000 0.919795000000 1.366324000000 0.370836000000 -0.251917000000 -0.097178000000 0.058313000000 0.961090000000
822.825117753000 0.892613000000 1.388743000000 0.302080000000 -0.168877000000 -0.084208000000 0.061634000000 0.980097000000
822.925061094000 0.836134000000 1.417888000000 0.250956000000 -0.095912000000 -0.043853000000 0.067568000000 0.992125000000
823.025005254000 0.758841000000 1.454627000000 0.224086000000 -0.018276000000 0.008309000000 0.060487000000 0.997967000000
823.124954195000 0.674798000000 1.485909000000 0.213148000000 0.037653000000 0.056811000000 0.039995000000 0.996873000000
823.225053195000 0.601869000000 1.518202000000 0.208517000000 0.084335000000 0.109271000000 0.025072000000 0.990110000000
823.325002224000 0.556551000000 1.560878000000 0.205916000000 0.123215000000 0.144868000000 0.024770000000 0.981436000000
823.424951224000 0.542613000000 1.619448000000 0.201235000000 0.168553000000 0.147368000000 0.008163000000 0.974580000000
823.525050190000 0.547271000000 1.687011000000 0.192423000000 0.211637000000 0.145712000000 -0.017744000000 0.966262000000
823.624999162000 0.574562000000 1.758445000000 0.192378000000 0.246227000000 0.112146000000 -0.043815000000 0.961705000000
823.724948224000 0.608411000000 1.827018000000 0.180112000000 0.294835000000 0.097959000000 -0.063559000000 0.948386000000
823.824897224000 0.647550000000 1.891321000000 0.165053000000 0.330463000000 0.083047000000 -0.092474000000 0.935599000000
823.924996224000 0.692147000000 1.956073000000 0.141612000000 0.356468000000 0.070540000000 -0.113951000000 0.924646000000
824.024945190000 0.739564000000 2.020150000000 0.113933000000 0.373989000000 0.052862000000 -0.135810000000 0.915911000000
824.124894224000 0.777986000000 2.070808000000 0.083826000000 0.386090000000 0.037041000000 -0.171179000000 0.905682000000
824.224993190000 0.806082000000 2.102940000000 0.048003000000 0.396704000000 0.027838000000 -0.218131000000 0.891218000000
824.324942224000 0.829159000000 2.122645000000 0.007392000000 0.388531000000 0.011069000000 -0.248566000000 0.887207000000
824.424891223000 0.826503000000 2.141771000000 -0.047118000000 0.356017000000 0.019463000000 -0.254726000000 0.898881000000
824.524840223000 0.795096000000 2.143244000000 -0.119467000000 0.298516000000 0.020311000000 -0.224180000000 0.927480000000
824.624939223000 0.732435000000 2.110075000000 -0.202594000000 0.212207000000 0.027173000000 -0.188605000000 0.958466000000
824.724888228000 0.647291000000 2.038030000000 -0.280479000000 0.114048000000 0.059529000000 -0.181408000000 0.974957000000
824.824837228000 0.566132000000 1.932919000000 -0.334544000000 0.018773000000 0.080186000000 -0.133697000000 0.987595000000
824.924936190000 0.492687000000 1.806416000000 -0.370807000000 -0.053535000000 0.100777000000 -0.091132000000 0.989279000000
825.024885190000 0.426929000000 1.659922000000 -0.387315000000 -0.140437000000 0.142257000000 -0.067617000000 0.977481000000
825.124834190000 0.380384000000 1.506945000000 -0.379045000000 -0.226669000000 0.156194000000 -0.074103000000 0.958506000000
825.224783195000 0.350943000000 1.359609000000 -0.353021000000 -0.304308000000 0.168539000000 -0.083703000000 0.933801000000
825.324882190000 0.339111000000 1.223355000000 -0.315941000000 -0.374373000000 0.178775000000 -0.072097000000 0.907021000000
825.424831190000 0.329814000000 1.095659000000 -0.265753000000 -0.447185000000 0.216019000000 -0.063700000000 0.865623000000
825.524780223000 0.320261000000 0.985289000000 -0.203467000000 -0.529710000000 0.210847000000 -0.101710000000 0.815234000000
825.624879223000 0.312018000000 0.891828000000 -0.148340000000 -0.602377000000 0.215305000000 -0.118094000000 0.759500000000
825.724828190000 0.308183000000 0.815493000000 -0.096822000000 -0.664764000000 0.220729000000 -0.114379000000 0.704475000000
825.824777223000 0.313936000000 0.754405000000 -0.037166000000 0.728711000000 -0.214792000000 0.110072000000 -0.640881000000
825.924726223000 0.332181000000 0.713091000000 0.028631000000 0.787612000000 -0.198213000000 0.109566000000 -0.573040000000
826.024825190000 0.353812000000 0.689005000000 0.102702000000 0.836096000000 -0.183245000000 0.117854000000 -0.503464000000
826.124774223000 0.385645000000 0.661256000000 0.170244000000 0.872832000000 -0.158493000000 0.104497000000 -0.449583000000
826.224723195000 0.435480000000 0.660982000000 0.260448000000 0.910461000000 -0.129681000000 0.095404000000 -0.380974000000
826.324822190000 0.513971000000 0.654150000000 0.343198000000 0.937886000000 -0.067869000000 0.065854000000 -0.333807000000
826.424771223000 0.615963000000 0.659341000000 0.409060000000 0.953326000000 -0.027432000000 0.012358000000 -0.300440000000
826.524720223000 0.718925000000 0.653115000000 0.461209000000 0.958384000000 -0.000323000000 -0.028875000000 -0.284018000000
826.624669161000 0.817072000000 0.638224000000 0.501130000000 0.958152000000 0.024050000000 -0.082141000000 -0.273166000000
826.724768223000 0.888498000000 0.622142000000 0.541811000000 0.953172000000 0.045480000000 -0.126943000000 -0.270702000000
826.824717190000 0.927040000000 0.604481000000 0.589490000000 0.952708000000 0.068096000000 -0.152184000000 -0.254067000000
826.924666223000 0.930437000000 0.583021000000 0.670914000000 0.952281000000 0.087380000000 -0.157331000000 -0.246521000000
827.024765195000 0.895109000000 0.566513000000 0.761293000000 0.965102000000 0.058816000000 -0.130977000000 -0.219006000000
827.124714223000 0.865035000000 0.554455000000 0.857641000000 0.975097000000 0.015994000000 -0.112594000000 -0.190399000000
827.224663228000 0.876698000000 0.545824000000 0.946769000000 0.980090000000 0.011993000000 -0.099004000000 -0.171694000000
827.324612223000 0.950519000000 0.539381000000 1.026237000000 0.983216000000 0.033633000000 -0.113475000000 -0.138849000000
827.424711223000 1.056506000000 0.542038000000 1.090515000000 0.979150000000 0.070723000000 -0.150279000000 -0.116959000000
827.524660194000 1.163964000000 0.553744000000 1.139340000000 0.966577000000 0.118305000000 -0.200586000000 -0.107231000000
827.624609194000 1.246844000000 0.574960000000 1.193563000000 0.955499000000 0.144820000000 -0.237723000000 -0.097660000000
827.724708190000 1.289292000000 0.608544000000 1.255476000000 0.948520000000 0.168303000000 -0.253342000000 -0.088333000000
827.824657223000 1.299515000000 0.650486000000 1.330801000000 0.942964000000 0.172849000000 -0.271200000000 -0.085979000000
827.924606223000 1.285906000000 0.696125000000 1.418851000000 0.950528000000 0.152635000000 -0.260890000000 -0.071659000000
828.024555223000 1.265447000000 0.746893000000 1.522708000000 0.962870000000 0.102237000000 -0.242672000000 -0.059484000000
828.124654194000 1.238998000000 0.823127000000 1.624889000000 0.973581000000 0.061726000000 -0.219296000000 -0.015443000000
828.224603223000 1.210463000000 0.937175000000 1.723646000000 0.981336000000 0.026430000000 -0.181607000000 0.057439000000
828.324552161000 1.178914000000 1.088874000000 1.808059000000 0.978194000000 0.015829000000 -0.141688000000 0.151029000000
828.424651223000 1.149116000000 1.260654000000 1.852626000000 0.956037000000 0.027984000000 -0.112077000000 0.269536000000
828.524600190000 1.129675000000 1.415056000000 1.855674000000 0.918203000000 0.036228000000 -0.101776000000 0.381094000000
828.624549204000 1.139904000000 1.538888000000 1.843208000000 0.868716000000 0.043567000000 -0.093863000000 0.484380000000
828.724648161000 1.184300000000 1.617655000000 1.827344000000 0.817855000000 0.046478000000 -0.118196000000 0.561233000000
828.824597223000 1.239523000000 1.659287000000 1.831424000000 0.778682000000 0.056430000000 -0.186743000000 0.596320000000
828.924546189000 1.274526000000 1.679086000000 1.885997000000 0.783214000000 0.037025000000 -0.176133000000 0.595133000000
829.024495223000 1.273624000000 1.684158000000 1.978922000000 0.813420000000 0.035931000000 -0.159439000000 0.558243000000
829.124594189000 1.246840000000 1.669121000000 2.101679000000 0.865232000000 0.030752000000 -0.134443000000 0.482030000000
829.224543232000 1.214553000000 1.628982000000 2.231984000000 0.920654000000 0.025706000000 -0.084789000000 0.380193000000
829.324492199000 1.208405000000 1.560510000000 2.339233000000 0.960872000000 -0.000612000000 -0.069768000000 0.268060000000
829.424595366000 1.230277000000 1.485319000000 2.408691000000 0.986534000000 -0.014517000000 -0.075479000000 0.144368000000
829.524540223000 1.284870000000 1.422885000000 2.438662000000 0.993448000000 -0.009332000000 -0.106261000000 0.041013000000
829.624489185000 1.338291000000 1.392746000000 2.442135000000 0.986947000000 -0.007728000000 -0.156820000000 -0.035816000000
829.724438223000 1.363431000000 1.418188000000 2.462883000000 0.983695000000 -0.000096000000 -0.164701000000 -0.072231000000
829.824537951000 1.359780000000 1.489640000000 2.518203000000 0.983103000000 0.037131000000 -0.169774000000 -0.057496000000
829.924486189000 1.340537000000 1.589037000000 2.603541000000 0.987968000000 0.034358000000 -0.150013000000 0.015341000000
830.024435223000 1.326193000000 1.720533000000 2.680399000000 0.984916000000 0.021641000000 -0.129554000000 0.112638000000
830.124534189000 1.324161000000 1.875021000000 2.731595000000 0.965242000000 0.039240000000 -0.136824000000 0.219199000000
830.224483194000 1.329320000000 2.037229000000 2.748271000000 0.930364000000 0.046582000000 -0.118033000000 0.343977000000
830.324432223000 1.333803000000 2.187205000000 2.719944000000 0.880076000000 0.062472000000 -0.122556000000 0.454471000000
830.424381223000 1.334145000000 2.307105000000 2.656190000000 0.813462000000 0.062300000000 -0.116921000000 0.566328000000
830.524480194000 1.326415000000 2.398184000000 2.568108000000 0.754322000000 0.066462000000 -0.105907000000 0.644489000000
830.624429223000 1.299960000000 2.461926000000 2.444957000000 0.688370000000 0.092878000000 -0.103325000000 0.711930000000
830.724378223000 1.263558000000 2.493530000000 2.318127000000 0.625600000000 0.118717000000 -0.099083000000 0.764666000000
830.824477189000 1.224703000000 2.504172000000 2.196316000000 0.575760000000 0.126507000000 -0.084867000000 0.803302000000
830.924426194000 1.197016000000 2.508244000000 2.075972000000 0.523464000000 0.131336000000 -0.057985000000 0.839865000000
831.024375194000 1.186775000000 2.481833000000 1.926885000000 0.446057000000 0.145750000000 -0.073801000000 0.879968000000
831.124324222000 1.215914000000 2.444064000000 1.806915000000 0.367267000000 0.110303000000 -0.119767000000 0.915753000000
831.224423194000 1.232522000000 2.397592000000 1.707096000000 0.296723000000 0.071140000000 -0.120157000000 0.944699000000
831.324372189000 1.208315000000 2.346564000000 1.618058000000 0.225398000000 0.057812000000 -0.085879000000 0.968751000000
831.424321194000 1.142990000000 2.273577000000 1.532300000000 0.159955000000 0.082369000000 -0.027375000000 0.983301000000
831.524420222000 1.059933000000 2.170362000000 1.456444000000 0.060913000000 0.140768000000 0.008070000000 0.988134000000
831.624369222000 0.993504000000 2.043808000000 1.403881000000 -0.049034000000 0.189106000000 0.043156000000 0.979782000000
831.724318222000 0.968706000000 1.903148000000 1.363228000000 -0.183149000000 0.209513000000 0.066664000000 0.958184000000
831.824267194000 1.001526000000 1.788726000000 1.335182000000 -0.310807000000 0.180485000000 0.092747000000 0.928559000000
831.924366222000 1.059950000000 1.725014000000 1.299528000000 -0.379477000000 0.146172000000 0.122513000000 0.905329000000
832.024315222000 1.105680000000 1.706704000000 1.242358000000 -0.407816000000 0.082889000000 0.122052000000 0.901066000000
832.124264189000 1.103443000000 1.710644000000 1.159736000000 -0.380623000000 0.067734000000 0.112661000000 0.915339000000
832.224363194000 1.050498000000 1.734611000000 1.072263000000 -0.331164000000 0.100471000000 0.117663000000 0.930802000000
832.324312165000 0.977613000000 1.777805000000 1.005807000000 -0.260998000000 0.125025000000 0.087506000000 0.953201000000
832.424261194000 0.904051000000 1.834645000000 0.941231000000 -0.165833000000 0.165054000000 0.071826000000 0.969586000000
832.524210194000 0.859939000000 1.916196000000 0.886993000000 -0.037131000000 0.183661000000 0.069679000000 0.979814000000
832.624309222000 0.867767000000 1.981838000000 0.845358000000 0.080777000000 0.178012000000 0.052231000000 0.979315000000
832.724258194000 0.911102000000 2.022047000000 0.801199000000 0.148335000000 0.146165000000 0.027722000000 0.977683000000
832.824207189000 0.958406000000 2.032715000000 0.767921000000 0.190296000000 0.096922000000 -0.010138000000 0.976878000000
832.924306194000 0.973574000000 2.002043000000 0.720270000000 0.194470000000 0.097418000000 -0.038434000000 0.975302000000
833.024255222000 0.950713000000 1.936681000000 0.660739000000 0.164853000000 0.085946000000 -0.063053000000 0.980541000000
833.124204222000 0.882377000000 1.837510000000 0.580199000000 0.097966000000 0.108551000000 -0.037987000000 0.988522000000
833.224153189000 0.805106000000 1.722447000000 0.506129000000 0.031407000000 0.143530000000 0.000539000000 0.989147000000
833.324252194000 0.750154000000 1.591588000000 0.436218000000 -0.047448000000 0.170055000000 0.040892000000 0.983442000000
833.424201222000 0.733196000000 1.453392000000 0.373253000000 -0.155516000000 0.200844000000 0.059225000000 0.965385000000
833.524150189000 0.769131000000 1.339426000000 0.320561000000 -0.262356000000 0.167626000000 0.043927000000 0.949285000000
833.624249222000 0.829743000000 1.260757000000 0.265069000000 -0.307865000000 0.124662000000 0.046462000000 0.942083000000
833.724198194000 0.892025000000 1.220145000000 0.203848000000 -0.327040000000 0.083223000000 0.052657000000 0.939865000000
833.824147222000 0.950293000000 1.202224000000 0.155646000000 -0.315702000000 0.031993000000 0.039093000000 0.947513000000
833.924096189000 0.999081000000 1.224692000000 0.106448000000 -0.270101000000 -0.019951000000 0.022627000000 0.962359000000
834.024195193000 1.030791000000 1.288120000000 0.051838000000 -0.196411000000 -0.035140000000 0.021330000000 0.979660000000
834.124144193000 1.053590000000 1.386428000000 0.014785000000 -0.119098000000 -0.045379000000 0.000504000000 0.991845000000
834.224093222000 1.069738000000 1.507903000000 0.001515000000 -0.033358000000 -0.060812000000 -0.038985000000 0.996830000000
834.324192222000 1.077688000000 1.640188000000 0.002551000000 0.044642000000 -0.059444000000 -0.070185000000 0.994760000000
834.424141222000 1.066626000000 1.780163000000 0.019109000000 0.114844000000 -0.055866000000 -0.107592000000 0.985958000000
834.524090222000 1.023411000000 1.912060000000 0.040888000000 0.173042000000 -0.012851000000 -0.138060000000 0.975106000000
834.624039617000 0.967576000000 2.018946000000 0.074145000000 0.235672000000 0.026266000000 -0.139604000000 0.961395000000
834.724138193000 0.900082000000 2.093632000000 0.115791000000 0.285903000000 0.067536000000 -0.104823000000 0.950111000000
834.824087222000 0.826931000000 2.110155000000 0.138745000000 0.305775000000 0.103599000000 -0.076340000000 0.943367000000
834.924036222000 0.751493000000 2.082125000000 0.145534000000 0.286570000000 0.139672000000 -0.059273000000 0.945968000000
835.024135193000 0.677946000000 2.012883000000 0.135246000000 0.254459000000 0.178540000000 -0.024350000000 0.950148000000
835.124084222000 0.621311000000 1.912999000000 0.127617000000 0.194753000000 0.213871000000 0.005748000000 0.957234000000
835.224033222000 0.589981000000 1.781161000000 0.109776000000 0.116027000000 0.233357000000 0.036601000000 0.964750000000
835.323982222000 0.587690000000 1.630619000000 0.086517000000 0.014141000000 0.245378000000 0.057837000000 0.967597000000
835.424081193000 0.618406000000 1.481752000000 0.073149000000 -0.090588000000 0.227566000000 0.071346000000 0.966911000000
835.524030193000 0.670481000000 1.350946000000 0.072853000000 -0.186692000000 0.201104000000 0.093283000000 0.957080000000
835.623979222000 0.741106000000 1.237885000000 0.082689000000 -0.266779000000 0.165005000000 0.127719000000 0.940899000000
835.724078222000 0.815876000000 1.156857000000 0.095029000000 -0.307796000000 0.115537000000 0.143696000000 0.933415000000
835.824027165000 0.851165000000 1.121166000000 0.100164000000 -0.325434000000 0.089665000000 0.154737000000 0.928499000000
835.923976227000 0.837014000000 1.120961000000 0.103523000000 -0.317159000000 0.102002000000 0.144274000000 0.931768000000
836.023925222000 0.782629000000 1.163941000000 0.109238000000 -0.269380000000 0.152109000000 0.127243000000 0.942394000000
836.124024193000 0.712956000000 1.253160000000 0.114011000000 -0.194895000000 0.216473000000 0.107534000000 0.950575000000
836.223973222000 0.660425000000 1.379161000000 0.127651000000 -0.105251000000 0.249818000000 0.084129000000 0.958872000000
836.323922160000 0.629185000000 1.529101000000 0.147340000000 0.012264000000 0.281704000000 0.085640000000 0.955593000000
836.424021222000 0.629830000000 1.690055000000 0.176920000000 0.131891000000 0.279120000000 0.079822000000 0.947800000000
836.523970188000 0.663607000000 1.843764000000 0.206839000000 0.230551000000 0.254803000000 0.068598000000 0.936598000000
836.623919188000 0.741965000000 1.967560000000 0.228348000000 0.305680000000 0.197109000000 0.050494000000 0.930139000000
836.723868222000 0.847940000000 2.041846000000 0.228863000000 0.331964000000 0.131235000000 -0.000556000000 0.934118000000
836.823967193000 0.960517000000 2.066507000000 0.212946000000 0.319822000000 0.069010000000 -0.062697000000 0.942879000000
836.923916222000 1.051463000000 2.046019000000 0.182132000000 0.279729000000 0.024471000000 -0.095760000000 0.954978000000
837.023862570000 1.113921000000 1.979319000000 0.144622000000 0.223652000000 -0.027901000000 -0.103567000000 0.968749000000
837.123940627000 1.142447000000 1.887377000000 0.107311000000 0.143162000000 -0.060941000000 -0.088994000000 0.983804000000
837.223868866000 1.146010000000 1.759788000000 0.079489000000 0.043604000000 -0.076145000000 -0.066158000000 0.993944000000
837.323797077000 1.130126000000 1.622341000000 0.064070000000 -0.055257000000 -0.074503000000 -0.035641000000 0.995051000000
837.423875223000 1.106415000000 1.479706000000 0.070854000000 -0.150121000000 -0.055177000000 -0.001759000000 0.987125000000
837.523803466000 1.076253000000 1.344416000000 0.101643000000 -0.230146000000 -0.041505000000 0.026688000000 0.971904000000
837.623731677000 1.034463000000 1.224580000000 0.147865000000 -0.293878000000 -0.009374000000 0.057131000000 0.954088000000
837.723659888000 0.985985000000 1.126800000000 0.210299000000 -0.348399000000 0.019962000000 0.064285000000 0.934926000000
837.823738072000 0.927582000000 1.068613000000 0.264390000000 -0.372813000000 0.042437000000 0.042639000000 0.925954000000
837.923666244000 0.867173000000 1.060289000000 0.305308000000 -0.362658000000 0.097655000000 0.033327000000 0.926192000000
838.023596957000 0.804115000000 1.091569000000 0.341267000000 -0.313639000000 0.158333000000 0.016731000000 0.936099000000
838.123696221000 0.750816000000 1.167972000000 0.374467000000 -0.240192000000 0.211984000000 -0.001488000000 0.947295000000
838.223645221000 0.724760000000 1.285506000000 0.410373000000 -0.124006000000 0.249248000000 -0.016146000000 0.960332000000
838.323594193000 0.739191000000 1.424925000000 0.461897000000 0.021229000000 0.268967000000 -0.020520000000 0.962697000000
838.423543221000 0.790670000000 1.557463000000 0.542736000000 0.170947000000 0.244275000000 -0.035066000000 0.953875000000
838.523642159000 0.869614000000 1.659406000000 0.637737000000 0.294518000000 0.213862000000 -0.044604000000 0.930340000000
838.623591221000 0.966544000000 1.721187000000 0.744025000000 0.390635000000 0.164629000000 -0.077066000000 0.902421000000
838.723540188000 1.054546000000 1.755162000000 0.865215000000 0.469887000000 0.119060000000 -0.107957000000 0.867972000000
838.823639245000 1.109064000000 1.754217000000 0.957527000000 0.532809000000 0.092111000000 -0.133004000000 0.830626000000
838.923588221000 1.114217000000 1.734195000000 1.019466000000 0.560968000000 0.104804000000 -0.147369000000 0.807845000000
839.023537193000 1.073544000000 1.698705000000 1.039616000000 0.574103000000 0.133963000000 -0.128341000000 0.797489000000
839.123486188000 1.004447000000 1.647737000000 1.004900000000 0.579528000000 0.157846000000 -0.079676000000 0.795540000000
839.223585221000 0.930047000000 1.582287000000 0.931754000000 0.563706000000 0.177093000000 -0.020721000000 0.806501000000
839.323534221000 0.858848000000 1.508517000000 0.855160000000 0.519525000000 0.203814000000 0.033585000000 0.829111000000
839.423483221000 0.811100000000 1.410286000000 0.763501000000 0.454790000000 0.227618000000 0.075121000000 0.857737000000
839.523582221000 0.784561000000 1.298242000000 0.661750000000 0.364804000000 0.231019000000 0.071904000000 0.899098000000
839.623531221000 0.773153000000 1.183602000000 0.570044000000 0.264571000000 0.235489000000 0.076489000000 0.932039000000
839.723480221000 0.778333000000 1.067856000000 0.488169000000 0.153673000000 0.241312000000 0.074973000000 0.955265000000
839.823432935000 0.796731000000 0.943160000000 0.421559000000 0.021249000000 0.220581000000 0.033807000000 0.974551000000
839.923528188000 0.803950000000 0.824754000000 0.370878000000 -0.103594000000 0.207919000000 0.009015000000 0.972603000000
840.023477221000 0.797226000000 0.707151000000 0.336711000000 -0.224768000000 0.203320000000 0.009900000000 0.952913000000
840.123426188000 0.784871000000 0.587422000000 0.324247000000 -0.347064000000 0.197591000000 0.015530000000 0.916659000000
840.223525221000 0.782438000000 0.488044000000 0.329877000000 -0.464690000000 0.205693000000 0.014081000000 0.861136000000
840.323474221000 0.787697000000 0.406123000000 0.365015000000 -0.569063000000 0.194194000000 0.006367000000 0.799009000000
840.423423226000 0.801788000000 0.335288000000 0.431188000000 -0.659891000000 0.201283000000 0.008033000000 0.723854000000
840.523372188000 0.825748000000 0.286811000000 0.513800000000 0.741186000000 -0.181564000000 -0.009581000000 -0.646209000000
840.623471193000 0.860856000000 0.269265000000 0.623745000000 0.817857000000 -0.158013000000 -0.003939000000 -0.553287000000
840.723420188000 0.902554000000 0.290556000000 0.732915000000 0.876988000000 -0.119718000000 -0.004720000000 -0.465335000000
840.823369221000 0.942055000000 0.341456000000 0.837404000000 0.920252000000 -0.089729000000 0.004472000000 -0.380873000000
840.923468192000 0.990674000000 0.404141000000 0.919748000000 0.946856000000 -0.071438000000 -0.005165000000 -0.313582000000
841.023417221000 1.050329000000 0.467383000000 0.988409000000 0.964623000000 -0.037845000000 -0.033833000000 -0.258700000000
841.123366192000 1.112295000000 0.512766000000 1.045137000000 0.975003000000 -0.003910000000 -0.066509000000 -0.211966000000
841.223315188000 1.178774000000 0.537018000000 1.083210000000 0.977852000000 0.013082000000 -0.103835000000 -0.181251000000
841.323414221000 1.238784000000 0.556432000000 1.108760000000 0.975013000000 0.034047000000 -0.155078000000 -0.155376000000
841.423363221000 1.280646000000 0.567204000000 1.140082000000 0.973209000000 0.055472000000 -0.182105000000 -0.128937000000
841.523312221000 1.293772000000 0.553471000000 1.192147000000 0.971412000000 0.066901000000 -0.197293000000 -0.113835000000
841.623411221000 1.270732000000 0.540146000000 1.273378000000 0.978229000000 0.055547000000 -0.170257000000 -0.104857000000
841.723360221000 1.227339000000 0.525413000000 1.371228000000 0.988889000000 0.010209000000 -0.119138000000 -0.088316000000
841.823309221000 1.179829000000 0.519891000000 1.451716000000 0.993419000000 -0.005267000000 -0.077474000000 -0.084197000000
841.923258678000 1.145259000000 0.523392000000 1.519237000000 0.996587000000 -0.011009000000 -0.038421000000 -0.072224000000
842.023357159000 1.127258000000 0.543400000000 1.587752000000 0.999173000000 0.000962000000 -0.017857000000 -0.036519000000
842.123306221000 1.121565000000 0.575222000000 1.648036000000 0.999853000000 0.011924000000 0.009500000000 0.007908000000
842.223255188000 1.140237000000 0.618759000000 1.696793000000 0.998362000000 0.020909000000 0.002218000000 0.053216000000
842.323354159000 1.169875000000 0.680276000000 1.746969000000 0.993121000000 0.042116000000 -0.007438000000 0.109002000000
842.423303226000 1.218450000000 0.757630000000 1.786906000000 0.983448000000 0.062757000000 -0.034860000000 0.166364000000
842.523252187000 1.286216000000 0.852154000000 1.821613000000 0.967983000000 0.083465000000 -0.079503000000 0.222985000000
842.623201187000 1.373272000000 0.953971000000 1.845491000000 0.944756000000 0.100718000000 -0.141736000000 0.277855000000
842.723300221000 1.469953000000 1.051317000000 1.847693000000 0.918596000000 0.086186000000 -0.212054000000 0.322158000000
842.823249221000 1.556305000000 1.139239000000 1.845036000000 0.889254000000 0.075726000000 -0.271917000000 0.359936000000
842.923198240000 1.612072000000 1.211032000000 1.840487000000 0.863209000000 0.056870000000 -0.317819000000 0.388106000000
843.023297187000 1.633538000000 1.281928000000 1.854522000000 0.848548000000 0.035481000000 -0.318620000000 0.420938000000
843.123246192000 1.618421000000 1.362325000000 1.890500000000 0.840734000000 0.042538000000 -0.298106000000 0.449988000000
843.223195187000 1.577836000000 1.446711000000 1.939663000000 0.838626000000 0.038284000000 -0.260216000000 0.476999000000
843.323144187000 1.525782000000 1.532522000000 1.992856000000 0.835517000000 0.036479000000 -0.205937000000 0.508105000000
843.423243187000 1.478287000000 1.613727000000 2.048994000000 0.833094000000 0.034964000000 -0.139434000000 0.534126000000
843.523192192000 1.445796000000 1.685114000000 2.097579000000 0.835491000000 0.054720000000 -0.103187000000 0.536948000000
843.623141187000 1.430210000000 1.753905000000 2.139433000000 0.834229000000 0.064524000000 -0.072813000000 0.542767000000
843.723240221000 1.430642000000 1.828476000000 2.158692000000 0.818404000000 0.098075000000 -0.062982000000 0.562699000000
843.823189192000 1.474365000000 1.903704000000 2.165256000000 0.798890000000 0.110287000000 -0.091007000000 0.584233000000
843.923138192000 1.537218000000 1.996789000000 2.152591000000 0.769834000000 0.115764000000 -0.158553000000 0.607302000000
844.023087221000 1.611158000000 2.088664000000 2.137605000000 0.750840000000 0.089453000000 -0.185693000000 0.627499000000
844.123186192000 1.685855000000 2.177266000000 2.116703000000 0.734810000000 0.047908000000 -0.206096000000 0.644425000000
844.223135221000 1.749696000000 2.256448000000 2.089076000000 0.715751000000 0.030767000000 -0.248760000000 0.651822000000
844.323084192000 1.797226000000 2.338587000000 2.060922000000 0.704278000000 0.044464000000 -0.282532000000 0.649762000000
844.423183221000 1.825679000000 2.410883000000 2.032184000000 0.683361000000 0.039474000000 -0.290151000000 0.668784000000
844.523132192000 1.827442000000 2.477803000000 2.001871000000 0.668898000000 0.008735000000 -0.295250000000 0.682148000000
844.623081220000 1.795426000000 2.564901000000 1.960907000000 0.632707000000 0.023270000000 -0.265927000000 0.726927000000
844.723030220000 1.739967000000 2.647010000000 1.910737000000 0.590617000000 0.020930000000 -0.239670000000 0.770255000000
844.823129178000 1.659257000000 2.729128000000 1.853373000000 0.530513000000 0.040470000000 -0.194851000000 0.823985000000
844.923078187000 1.564252000000 2.797515000000 1.799119000000 0.477809000000 0.061528000000 -0.142812000000 0.864591000000
845.023027220000 1.466887000000 2.839918000000 1.744498000000 0.416599000000 0.095254000000 -0.083613000000 0.900212000000
845.123126220000 1.371949000000 2.848836000000 1.689488000000 0.352723000000 0.140349000000 -0.054900000000 0.923512000000
845.223075187000 1.285576000000 2.818000000000 1.630750000000 0.252698000000 0.195137000000 -0.039936000000 0.946821000000
845.323024220000 1.220626000000 2.765188000000 1.568769000000 0.163371000000 0.234009000000 -0.002345000000 0.958407000000
845.422973163000 1.175620000000 2.679366000000 1.509432000000 0.064340000000 0.271021000000 0.044714000000 0.959379000000
845.523072192000 1.151858000000 2.570499000000 1.470738000000 -0.049596000000 0.299887000000 0.073278000000 0.949862000000
845.623021192000 1.160962000000 2.464671000000 1.437195000000 -0.147851000000 0.297598000000 0.083115000000 0.939504000000
845.722970220000 1.204099000000 2.416109000000 1.378121000000 -0.218002000000 0.254365000000 0.085282000000 0.938350000000
845.823069220000 1.261900000000 2.398175000000 1.301804000000 -0.252163000000 0.190168000000 0.075279000000 0.945824000000
845.923018220000 1.324142000000 2.399210000000 1.220060000000 -0.248985000000 0.135896000000 0.062431000000 0.956891000000
846.022967220000 1.388326000000 2.427483000000 1.136008000000 -0.229744000000 0.065339000000 0.019621000000 0.970857000000
846.122916192000 1.431354000000 2.481363000000 1.063707000000 -0.170705000000 0.024626000000 0.006731000000 0.984991000000
846.223015192000 1.431523000000 2.552592000000 1.009746000000 -0.103802000000 0.016170000000 0.000325000000 0.994467000000
846.322964187000 1.389609000000 2.635763000000 0.978318000000 -0.008742000000 0.026972000000 -0.027027000000 0.999233000000
846.422913220000 1.331391000000 2.730254000000 0.963203000000 0.084857000000 0.073547000000 0.012827000000 0.993592000000
846.523012220000 1.279054000000 2.813712000000 0.955010000000 0.191252000000 0.104531000000 0.019385000000 0.975767000000
846.622961220000 1.261805000000 2.874640000000 0.936570000000 0.266837000000 0.128850000000 -0.004505000000 0.955079000000
846.722910220000 1.294961000000 2.902861000000 0.878957000000 0.295186000000 0.105266000000 -0.054282000000 0.948071000000
846.822859220000 1.347493000000 2.907136000000 0.783011000000 0.283088000000 0.064547000000 -0.079348000000 0.953624000000
846.922958220000 1.394913000000 2.885838000000 0.665804000000 0.239570000000 0.034394000000 -0.120860000000 0.962713000000
847.022907192000 1.436673000000 2.824760000000 0.543787000000 0.160914000000 0.008329000000 -0.136558000000 0.977440000000
847.122856192000 1.451772000000 2.720774000000 0.432458000000 0.079307000000 -0.045027000000 -0.178147000000 0.979769000000
847.222955192000 1.440016000000 2.600574000000 0.340435000000 -0.006573000000 -0.081968000000 -0.161509000000 0.983439000000
847.322904163000 1.405729000000 2.461279000000 0.263459000000 -0.090583000000 -0.090155000000 -0.116094000000 0.984982000000
847.422853220000 1.361417000000 2.307651000000 0.201779000000 -0.167009000000 -0.078496000000 -0.071077000000 0.980252000000
847.522952220000 1.317858000000 2.147736000000 0.168414000000 -0.241204000000 -0.070685000000 -0.042962000000 0.966943000000
847.622901220000 1.283202000000 1.983775000000 0.158616000000 -0.332761000000 -0.053550000000 -0.015507000000 0.941362000000
847.722850191000 1.247600000000 1.831970000000 0.164354000000 -0.412127000000 -0.032604000000 0.003131000000 0.910538000000
847.822799220000 1.218187000000 1.677214000000 0.203572000000 -0.515528000000 -0.001481000000 0.015268000000 0.856735000000
847.922898220000 1.204432000000 1.533920000000 0.273812000000 -0.617144000000 0.014189000000 0.033972000000 0.785988000000
848.022847220000 1.205973000000 1.402474000000 0.369548000000 0.719993000000 -0.026621000000 -0.037805000000 -0.692440000000
848.122796220000 1.229097000000 1.306051000000 0.487235000000 0.811027000000 -0.005683000000 -0.048683000000 -0.582952000000
848.222895225000 1.259559000000 1.254282000000 0.613444000000 0.882497000000 0.029436000000 -0.061187000000 -0.465391000000
848.322844220000 1.288826000000 1.256881000000 0.720957000000 0.936111000000 0.049684000000 -0.071048000000 -0.340851000000
848.422793220000 1.318425000000 1.304362000000 0.815132000000 0.969479000000 0.080448000000 -0.093575000000 -0.211852000000
848.522742220000 1.347327000000 1.393321000000 0.876638000000 0.985933000000 0.088323000000 -0.122303000000 -0.071948000000
848.622841187000 1.372982000000 1.506217000000 0.901928000000 0.983485000000 0.081768000000 -0.144712000000 0.071622000000
848.722790163000 1.383643000000 1.637599000000 0.882352000000 0.957231000000 0.100712000000 -0.163873000000 0.216131000000
848.822739253000 1.377393000000 1.756555000000 0.824340000000 0.915135000000 0.109855000000 -0.169308000000 0.348991000000
848.922838225000 1.362498000000 1.850542000000 0.730060000000 0.862263000000 0.090229000000 -0.144478000000 0.476956000000
849.022787220000 1.343787000000 1.917242000000 0.606663000000 0.785521000000 0.092848000000 -0.133541000000 0.597078000000
849.122736191000 1.328106000000 1.945739000000 0.471766000000 0.685538000000 0.087380000000 -0.126161000000 0.711678000000
849.222685191000 1.311337000000 1.925479000000 0.347146000000 0.566445000000 0.096285000000 -0.129938000000 0.808075000000
849.322784220000 1.295672000000 1.853383000000 0.232406000000 0.438481000000 0.098490000000 -0.117171000000 0.885610000000
849.422733220000 1.280254000000 1.745743000000 0.130266000000 0.315684000000 0.088781000000 -0.113513000000 0.937857000000
849.522682220000 1.263307000000 1.603890000000 0.041349000000 0.184645000000 0.092020000000 -0.061207000000 0.976572000000
849.622781186000 1.251720000000 1.430282000000 -0.020437000000 0.048958000000 0.097505000000 -0.031841000000 0.993520000000
849.722730220000 1.254734000000 1.246997000000 -0.045724000000 -0.086931000000 0.091142000000 -0.016854000000 0.991893000000
849.822679220000 1.265445000000 1.065027000000 -0.034708000000 -0.208716000000 0.084170000000 0.010089000000 0.974295000000
849.922628191000 1.281575000000 0.892186000000 0.015400000000 -0.326870000000 0.080838000000 0.040432000000 0.940737000000
850.022727186000 1.298972000000 0.736196000000 0.089022000000 -0.443845000000 0.090647000000 0.071843000000 0.888607000000
850.122676220000 1.321144000000 0.619450000000 0.180493000000 -0.559740000000 0.108844000000 0.095929000000 0.815869000000
850.222625220000 1.347077000000 0.536664000000 0.283270000000 -0.663175000000 0.111526000000 0.099719000000 0.733360000000
850.322724220000 1.379327000000 0.483790000000 0.387321000000 0.762406000000 -0.101711000000 -0.101231000000 -0.630987000000
850.422673220000 1.422351000000 0.466774000000 0.489960000000 0.841882000000 -0.085626000000 -0.107388000000 -0.521892000000
850.522622220000 1.485127000000 0.488825000000 0.571607000000 0.900081000000 -0.049989000000 -0.120781000000 -0.415652000000
850.622571220000 1.565163000000 0.525374000000 0.633911000000 0.933590000000 0.012225000000 -0.156410000000 -0.322174000000
850.722670186000 1.637312000000 0.572958000000 0.684160000000 0.951577000000 0.052015000000 -0.183798000000 -0.240863000000
850.822619220000 1.681966000000 0.645200000000 0.721586000000 0.955871000000 0.067739000000 -0.225447000000 -0.175771000000
850.922568220000 1.680998000000 0.701045000000 0.766574000000 0.962122000000 0.050386000000 -0.237072000000 -0.124817000000
851.022667186000 1.644313000000 0.766842000000 0.821212000000 0.972233000000 0.017827000000 -0.211462000000 -0.098637000000
851.122616224000 1.592732000000 0.862784000000 0.888015000000 0.981466000000 -0.018872000000 -0.178079000000 -0.068234000000
851.222565191000 1.557972000000 0.952120000000 0.938559000000 0.987186000000 -0.031831000000 -0.153379000000 -0.030410000000
851.322514186000 1.564524000000 1.035081000000 0.969383000000 0.989029000000 -0.024066000000 -0.141434000000 0.035193000000
851.422613219000 1.621304000000 1.072943000000 0.994971000000 0.978307000000 0.010014000000 -0.197989000000 0.060133000000
851.522562219000 1.698182000000 1.064702000000 1.007034000000 0.965741000000 0.011622000000 -0.255229000000 0.045474000000
851.622511191000 1.765020000000 1.019771000000 1.003044000000 0.951963000000 0.027300000000 -0.304992000000 0.000615000000
851.722610186000 1.802342000000 0.942650000000 0.990387000000 0.938668000000 0.039322000000 -0.334031000000 -0.076026000000
851.822559219000 1.799308000000 0.841669000000 0.954641000000 0.922206000000 0.042855000000 -0.338713000000 -0.181583000000
851.922508219000 1.766606000000 0.721630000000 0.898893000000 0.899044000000 0.023822000000 -0.319462000000 -0.298490000000
852.022454695000 1.714534000000 0.613384000000 0.826061000000 0.866299000000 -0.003481000000 -0.294278000000 -0.403627000000
852.122531782000 1.659513000000 0.520927000000 0.741461000000 0.815114000000 -0.030562000000 -0.278459000000 -0.507065000000
852.222458959000 1.609525000000 0.445995000000 0.654601000000 0.756913000000 -0.047445000000 -0.262320000000 -0.596674000000
852.322386171000 1.566396000000 0.382756000000 0.565544000000 0.703682000000 -0.058562000000 -0.242676000000 -0.665215000000
852.422463363000 1.534725000000 0.340673000000 0.489728000000 -0.646561000000 0.055936000000 0.223673000000 0.727186000000
852.522390593000 1.509622000000 0.311426000000 0.416475000000 -0.596121000000 0.045919000000 0.202129000000 0.775677000000
852.622317771000 1.488066000000 0.290058000000 0.347561000000 -0.534839000000 0.026681000000 0.187744000000 0.823400000000
852.722244982000 1.464909000000 0.265020000000 0.279721000000 -0.481205000000 0.024048000000 0.174386000000 0.858751000000
852.822322194000 1.445512000000 0.227136000000 0.218005000000 -0.439652000000 0.016494000000 0.158266000000 0.883960000000
852.922249377000 1.439071000000 0.177413000000 0.162559000000 -0.402578000000 0.006936000000 0.156909000000 0.901811000000
853.022179126000 1.438923000000 0.125437000000 0.107009000000 -0.360855000000 -0.000537000000 0.161544000000 0.918524000000
853.122278409000 1.442261000000 0.076329000000 0.062951000000 -0.319869000000 -0.018063000000 0.156979000000 0.934192000000
853.222227437000 1.428466000000 0.037513000000 0.018939000000 -0.270937000000 -0.024504000000 0.135672000000 0.952673000000
853.322176437000 1.392534000000 0.011584000000 -0.021259000000 -0.219119000000 -0.009365000000 0.122254000000 0.967963000000
853.422125437000 1.336681000000 -0.014524000000 -0.069968000000 -0.167247000000 0.016908000000 0.123269000000 0.978032000000
853.522224437000 1.281988000000 -0.035757000000 -0.109989000000 -0.107340000000 0.033457000000 0.140920000000 0.983616000000
853.622173375000 1.230273000000 -0.050325000000 -0.136719000000 -0.065558000000 0.076305000000 0.160981000000 0.981817000000
853.722122437000 1.187128000000 -0.072075000000 -0.156144000000 -0.030406000000 0.083420000000 0.145229000000 0.985406000000
853.822221404000 1.158056000000 -0.085419000000 -0.152880000000 0.001214000000 0.086442000000 0.125072000000 0.988374000000
853.922170437000 1.128972000000 -0.101593000000 -0.147484000000 0.033029000000 0.096542000000 0.099945000000 0.989747000000
854.022119437000 1.098012000000 -0.116841000000 -0.135021000000 0.077651000000 0.120740000000 0.086903000000 0.985819000000
854.122068437000 1.071046000000 -0.134615000000 -0.113118000000 0.118214000000 0.107950000000 0.045260000000 0.986065000000
854.222167408000 1.038596000000 -0.141069000000 -0.094899000000 0.171046000000 0.102440000000 0.009976000000 0.979872000000
854.322116437000 1.008018000000 -0.146101000000 -0.079472000000 0.201451000000 0.110121000000 -0.006142000000 0.973269000000
854.422065404000 0.983443000000 -0.153964000000 -0.063237000000 0.212206000000 0.107524000000 -0.035950000000 0.970626000000
854.522164437000 0.954606000000 -0.157166000000 -0.051337000000 0.204230000000 0.113072000000 -0.038669000000 0.971601000000
854.622113404000 0.937926000000 -0.150400000000 -0.050597000000 0.207296000000 0.099074000000 -0.025725000000 0.972908000000
854.722062408000 0.936080000000 -0.148611000000 -0.050827000000 0.188406000000 0.070508000000 -0.008701000000 0.979518000000
854.822011375000 0.929739000000 -0.154757000000 -0.048379000000 0.145369000000 0.056801000000 0.005442000000 0.987731000000
854.922110413000 0.924108000000 -0.159296000000 -0.044182000000 0.111749000000 0.056727000000 0.018811000000 0.991938000000
855.022059437000 0.923865000000 -0.156760000000 -0.038100000000 0.097184000000 0.048586000000 0.023520000000 0.993802000000
855.122008437000 0.922535000000 -0.152107000000 -0.034814000000 0.097862000000 0.052257000000 0.034140000000 0.993240000000
855.222107437000 0.919734000000 -0.152077000000 -0.033534000000 0.097611000000 0.058861000000 0.026929000000 0.993117000000
855.322056408000 0.917778000000 -0.153532000000 -0.032219000000 0.099560000000 0.055816000000 0.013258000000 0.993376000000
855.422005408000 0.920319000000 -0.154208000000 -0.026265000000 0.089772000000 0.038015000000 0.015818000000 0.995111000000
855.521954437000 0.920411000000 -0.154658000000 -0.025888000000 0.085253000000 0.034496000000 0.016220000000 0.995630000000
855.622053408000 0.921613000000 -0.154950000000 -0.025796000000 0.086107000000 0.034635000000 0.016131000000 0.995553000000
855.722002437000 0.922371000000 -0.155126000000 -0.024891000000 0.086640000000 0.028087000000 0.015693000000 0.995720000000
855.821951408000 0.921518000000 -0.154987000000 -0.026326000000 0.085370000000 0.033107000000 0.016007000000 0.995670000000
855.922050408000 0.920792000000 -0.155359000000 -0.025590000000 0.085563000000 0.031989000000 0.015627000000 0.995697000000
856.021999437000 0.921484000000 -0.155569000000 -0.024266000000 0.085111000000 0.027752000000 0.015603000000 0.995863000000
856.121948437000 0.922140000000 -0.156376000000 -0.023594000000 0.082689000000 0.022552000000 0.015478000000 0.996200000000
856.221897403000 0.921829000000 -0.156607000000 -0.024304000000 0.082967000000 0.023749000000 0.014760000000 0.996160000000
856.321996437000 0.921794000000 -0.156382000000 -0.024252000000 0.083379000000 0.023984000000 0.015168000000 0.996114000000
856.421945437000 0.921922000000 -0.156740000000 -0.024082000000 0.083283000000 0.022010000000 0.015353000000 0.996165000000
856.521894408000 0.921965000000 -0.157018000000 -0.023913000000 0.083617000000 0.020737000000 0.015467000000 0.996162000000
856.621993408000 0.922812000000 -0.157312000000 -0.022244000000 0.083617000000 0.013030000000 0.014911000000 0.996301000000
856.721942408000 0.923020000000 -0.157439000000 -0.021179000000 0.083818000000 0.009048000000 0.014586000000 0.996333000000
856.821891384000 0.924321000000 -0.156991000000 -0.019056000000 0.084986000000 0.005046000000 0.014049000000 0.996270000000
856.921990437000 0.924302000000 -0.156943000000 -0.018049000000 0.085004000000 0.000283000000 0.013693000000 0.996286000000
857.021939437000 0.924341000000 -0.157023000000 -0.017153000000 0.084560000000 -0.002938000000 0.013582000000 0.996321000000
857.121888437000 0.925232000000 -0.157774000000 -0.015135000000 0.083321000000 -0.006584000000 0.013502000000 0.996409000000
857.221837437000 0.925387000000 -0.158008000000 -0.014805000000 0.082569000000 -0.007667000000 0.013595000000 0.996463000000
857.321936403000 0.925790000000 -0.158174000000 -0.014231000000 0.082492000000 -0.010151000000 0.013416000000 0.996450000000
857.421885408000 0.925863000000 -0.158227000000 -0.013996000000 0.082445000000 -0.011078000000 0.013368000000 0.996444000000
857.521834408000 0.925496000000 -0.158739000000 -0.014719000000 0.082447000000 -0.011503000000 0.013297000000 0.996440000000
857.621933441000 0.925536000000 -0.158824000000 -0.015174000000 0.082586000000 -0.011584000000 0.013210000000 0.996429000000
857.721882403000 0.925398000000 -0.158859000000 -0.015432000000 0.083846000000 -0.011258000000 0.012964000000 0.996331000000
857.821831437000 0.925386000000 -0.158983000000 -0.015296000000 0.084213000000 -0.012245000000 0.012424000000 0.996295000000
857.921780437000 0.925319000000 -0.158875000000 -0.015382000000 0.086577000000 -0.011802000000 0.011991000000 0.996103000000
858.021879408000 0.925189000000 -0.158937000000 -0.015572000000 0.086382000000 -0.011400000000 0.012215000000 0.996122000000
858.121828375000 0.924956000000 -0.158972000000 -0.015836000000 0.086202000000 -0.010910000000 0.012405000000 0.996141000000
858.221777436000 0.924831000000 -0.158875000000 -0.015908000000 0.085933000000 -0.010136000000 0.012529000000 0.996171000000
