0 127
1 131
2 135
3 139
4 143
5 147
6 151
7 155
8 159
9 163
10 167
11 171
12 175
13 179
14 183
15 187
16 191
17 195
18 199
19 203
20 207
21 211
22 215
23 219
24 223
25 227
26 231
27 235
28 239
29 243
30 247
31 251
32 255
33 259
34 263
35 267
36 271
37 275
38 279
39 283
40 287
41 291
42 295
43 299
44 303
45 307
46 311
47 315
48 319
49 323
50 327
51 331
52 335
53 339
54 343
55 347
56 351
57 355
58 359
59 363
60 367
61 371
62 375
63 379
64 383
65 387
66 391
67 395
68 399
69 403
70 407
71 411
72 415
73 419
74 423
75 427
76 431
77 435
78 439
79 443
80 447
81 451
82 455
83 459
84 463
85 467
86 471
87 475
88 479
89 483
90 487
91 491
92 495
93 498
94 502
95 506
96 510
97 514
98 518
99 522
100 526
101 530
102 534
103 538
104 541
105 545
106 549
107 553
108 557
109 561
110 565
111 569
112 573
113 577
114 581
115 585
116 589
117 593
118 597
119 601
120 603
121 606
122 610
123 614
124 618
125 622
126 626
127 630
128 634
129 638
130 639
131 643
132 645
133 649
134 653
135 657
136 661
137 665
138 669
139 673
140 677
141 681
142 685
143 687
144 688
145 692
146 694
147 698
148 702
149 706
150 710
151 714
152 718
153 722
154 726
155 730
156 734
157 737
158 740
159 743
160 746
161 750
162 754
163 758
164 762
165 766
166 770
167 774
168 778
169 782
170 786
171 790
172 794
173 798
174 802
175 806
176 810
177 814
178 818
179 822
180 826
181 830
182 834
183 838
184 842
185 846
186 850
187 854
188 858
189 862
190 866
191 869
192 873
193 877
194 881
195 885
196 889
197 893
198 897
199 901
200 905
201 909
202 913
203 917
204 921
205 925
206 929
207 933
208 937
209 941
210 945
211 949
212 953
213 957
214 961
215 965
216 969
217 973
218 977
219 981
220 984
221 988
222 992
223 995
224 999
225 1003
226 1007
227 1011
228 1015
229 1019
230 1022
231 1023
232 1024
233 1026
234 1030
235 1034
236 1038
237 1042
238 1046
239 1050
240 1054
241 1058
242 1062
243 1066
244 1070
245 1074
246 1078
247 1082
248 1086
249 1090
250 1094
251 1098
252 1102
253 1106
254 1110
255 1114
256 1117
257 1121
258 1125
259 1129
260 1133
261 1136
262 1139
263 1142
264 1146
265 1150
266 1154
267 1156
268 1160
269 1164
270 1168
271 1171
272 1175
273 1179
274 1181
275 1183
277 1186
278 1190
279 1194
280 1198
281 1202
282 1206
283 1210
284 1214
285 1218
286 1222
287 1226
288 1230
289 1234
290 1238
291 1242
292 1245
293 1249
294 1253
295 1257
296 1261
297 1265
298 1269
299 1273
300 1277
301 1281
302 1285
303 1289
304 1293
305 1296
306 1299
307 1303
308 1307
309 1311
310 1315
311 1319
312 1323
313 1326
314 1329
315 1333
316 1337
317 1341
318 1345
319 1349
320 1353
321 1357
322 1361
323 1365
324 1369
325 1373
326 1377
327 1381
328 1385
329 1389
330 1393
331 1397
332 1401
333 1405
334 1409
335 1413
336 1417
337 1421
338 1425
339 1429
340 1433
341 1437
342 1441
343 1445
344 1449
345 1452
346 1456
347 1460
348 1462
349 1465
350 1468
351 1471
352 1474
353 1478
354 1481
355 1485
356 1488
357 1492
358 1496
359 1500
360 1504
361 1508
362 1512
363 1516
364 1520
365 1524
366 1528
367 1532
368 1535
369 1539
370 1543
371 1547
372 1551
373 1555
374 1559
375 1563
376 1567
377 1571
378 1575
379 1579
380 1583
381 1587
382 1591
383 1595
384 1599
385 1602
386 1606
387 1610
388 1614
389 1618
390 1622
391 1626
392 1630
393 1633
394 1634
395 1635
396 1637
397 1640
398 1642
399 1644
400 1645
401 1649
402 1653
403 1656
404 1660
405 1663
406 1667
407 1670
408 1671
409 1673
410 1675
411 1679
412 1683
413 1687
414 1691
415 1695
416 1699
417 1702
418 1706
419 1710
420 1713
421 1717
422 1720
423 1723
424 1726
425 1729
426 1732
427 1735
428 1739
429 1743
430 1747
431 1751
432 1755
433 1759
434 1763
435 1767
436 1771
437 1775
438 1779
439 1783
440 1787
441 1791
442 1795
443 1799
444 1803
445 1807
446 1810
447 1814
448 1818
449 1822
450 1826
451 1830
452 1834
453 1838
454 1842
455 1846
456 1850
457 1854
458 1858
459 1862
460 1866
461 1870
462 1874
463 1878
464 1882
465 1886
466 1890
467 1894
468 1898
469 1902
470 1906
471 1910
472 1914
473 1918
474 1922
475 1926
476 1930
477 1934
478 1938
479 1942
480 1946
481 1950
482 1954
483 1958
484 1962
485 1966
486 1970
487 1974
488 1978
489 1982
490 1986
491 1990
492 1994
493 1998
494 2002
495 2006
496 2010
497 2014
498 2018
499 2022
500 2026
501 2030
502 2034
503 2038
504 2042
505 2046
506 2050
507 2054
508 2058
509 2062
510 2066
511 2070
512 2074
513 2078
514 2082
515 2086
516 2090
517 2093
518 2095
519 2098
520 2102
521 2105
522 2109
523 2113
524 2117
525 2121
526 2125
527 2129
528 2133
529 2136
530 2140
531 2144
532 2148
533 2151
534 2155
535 2158
536 2162
537 2163
538 2164
541 2165
542 2167
543 2171
544 2174
545 2176
546 2178
547 2181
548 2185
549 2188
550 2191
551 2195
552 2199
553 2203
554 2206
555 2209
556 2211
557 2215
558 2219
559 2222
560 2226
561 2229
562 2232
563 2236
564 2239
565 2242
566 2244
567 2247
568 2250
569 2252
570 2254
571 2257
572 2259
573 2262
574 2266
575 2270
576 2274
577 2276
578 2278
579 2279
581 2281
582 2282
583 2284
584 2285
585 2288
586 2292
587 2296
588 2300
589 2304
590 2308
591 2311
592 2314
593 2317
594 2318
595 2320
596 2323
597 2324
598 2325
599 2327
601 2329
602 2331
603 2334
604 2337
605 2341
606 2344
607 2346
608 2348
609 2351
610 2355
611 2359
612 2361
613 2363
614 2366
615 2369
616 2372
617 2374
618 2376
620 2378
621 2382
622 2386
623 2389
624 2393
625 2397
626 2401
627 2405
628 2408
629 2410
630 2412
631 2415
632 2417
633 2420
634 2423
635 2425
636 2428
637 2431
638 2435
639 2439
640 2442
641 2445
642 2448
643 2450
644 2452
645 2455
646 2457
647 2459
648 2460
649 2462
650 2465
651 2466
652 2469
653 2473
654 2477
655 2481
656 2485
657 2489
658 2493
659 2495
660 2498
661 2500
662 2503
663 2506
664 2508
665 2511
666 2515
667 2518
668 2521
669 2523
670 2526
671 2530
672 2533
673 2537
674 2541
675 2545
676 2549
677 2553
678 2557
679 2561
680 2565
681 2569
682 2573
683 2577
684 2581
685 2585
686 2589
687 2593
688 2597
689 2601
690 2605
691 2609
692 2613
693 2617
694 2621
695 2625
696 2628
697 2631
698 2632
699 2635
700 2639
701 2643
702 2647
703 2651
704 2654
705 2656
706 2659
707 2662
708 2665
709 2669
710 2672
711 2673
712 2675
713 2678
714 2680
715 2683
716 2686
717 2689
718 2692
719 2696
720 2700
721 2703
722 2706
723 2709
724 2713
725 2717
726 2721
727 2725
728 2729
729 2733
730 2737
731 2741
732 2745
733 2749
734 2753
735 2757
736 2761
737 2765
738 2769
739 2773
740 2776
741 2780
742 2784
743 2788
744 2792
746 2794
747 2796
748 2799
749 2803
750 2807
751 2811
752 2815
753 2819
754 2823
755 2827
756 2831
757 2835
758 2839
759 2843
760 2847
761 2851
762 2855
763 2859
764 2863
765 2867
766 2870
767 2875
768 2879
769 2883
770 2887
771 2891
772 2895
773 2899
774 2903
775 2906
776 2910
777 2915
778 2919
779 2923
780 2927
781 2931
782 2935
783 2937
784 2940
785 2943
786 2945
787 2946
788 2948
789 2951
790 2955
791 2959
792 2963
793 2966
794 2970
795 2973
796 2977
797 2981
798 2986
799 2990
800 2994
801 2998
802 3001
803 3005
804 3009
805 3013
806 3017
807 3021
808 3026
809 3030
810 3033
811 3037
812 3040
813 3043
814 3045
815 3048
816 3052
817 3056
818 3059
819 3062
820 3065
821 3068
822 3071
823 3075
824 3079
825 3083
826 3087
827 3091
828 3095
829 3098
830 3101
831 3104
832 3107
833 3110
834 3114
835 3118
836 3122
837 3126
838 3130
839 3134
840 3138
841 3142
842 3146
843 3150
844 3154
845 3158
846 3162
847 3166
848 3170
849 3174
850 3178
851 3182
852 3186
853 3190
854 3194
855 3198
856 3202
857 3206
858 3210
859 3214
860 3218
861 3222
862 3226
863 3230
864 3234
865 3238
866 3242
867 3246
868 3250
869 3254
870 3258
871 3262
872 3266
873 3270
874 3274
875 3278
876 3282
877 3286
878 3290
879 3294
880 3298
881 3302
882 3306
883 3310
884 3314
885 3318
886 3322
887 3326
888 3330
889 3334
890 3338
891 3342
892 3346
893 3350
894 3354
895 3358
896 3362
897 3366
898 3370
899 3374
900 3378
901 3382
902 3386
903 3390
904 3394
905 3398
906 3402
907 3406
908 3410
909 3413
910 3416
911 3420
912 3423
913 3426
914 3429
915 3432
916 3435
917 3439
918 3443
919 3446
920 3449
921 3453
922 3456
923 3457
924 3459
925 3463
926 3467
927 3471
928 3474
929 3477
930 3481
931 3484
932 3487
933 3490
934 3493
935 3497
936 3501
937 3505
938 3509
939 3513
940 3517
941 3521
942 3525
943 3529
944 3533
945 3537
946 3541
947 3545
948 3549
949 3553
950 3554
951 3558
952 3562
953 3566
954 3570
955 3572
956 3576
957 3580
958 3584
959 3587
960 3591
961 3595
962 3598
963 3602
964 3606
965 3610
966 3614
967 3618
968 3622
969 3626
970 3630
971 3634
972 3637
973 3640
974 3644
975 3647
976 3650
977 3654
978 3657
979 3661
980 3665
981 3667
982 3671
983 3674
984 3677
985 3680
986 3684
987 3688
988 3691
989 3693
990 3696
991 3700
992 3704
993 3708
994 3710
995 3712
996 3713
997 3714
998 3717
1000 3719
1002 3720
1003 3722
1004 3725
1005 3728
1006 3731
1007 3734
1008 3738
1009 3742
1010 3746
1011 3750
1012 3754
1013 3758
1014 3762
1015 3766
1016 3770
1017 3774
1018 3778
1019 3782
1020 3786
1021 3790
1022 3794
1023 3798
1024 3802
1025 3806
1026 3810
1027 3814
1028 3817
1029 3821
1030 3825
1031 3829
1032 3833
1033 3837
1034 3841
1035 3845
1036 3849
1037 3853
1038 3857
1039 3861
1040 3865
1041 3869
1042 3873
1043 3877
1044 3881
1045 3885
1046 3889
1047 3893
1048 3897
1049 3901
1050 3905
1051 3909
1052 3913
1053 3917
1054 3921
1055 3925
1056 3929
1057 3933
1058 3937
1059 3940
1060 3943
1061 3946
1062 3950
1063 3954
1064 3957
1065 3961
1066 3964
1067 3965
1068 3967
1069 3969
1070 3972
1077 3974
1078 3976
1079 3977
1080 3978
1081 3982
1082 3985
1083 3989
1084 3993
1085 3997
1086 4001
1087 4005
1088 4008
1089 4012
1090 4016
1091 4020
1092 4024
1093 4028
1094 4029
1095 4033
1096 4037
1097 4041
1098 4045
1099 4049
1100 4053
1101 4057
1102 4061
1103 4065
1104 4069
1105 4073
1106 4077
1107 4081
1108 4085
1109 4089
1110 4093
1111 4097
1112 4101
1113 4105
1114 4109
1115 4113
1116 4117
1117 4121
1118 4125
1119 4129
1120 4133
1121 4137
1122 4141
1123 4145
1124 4149
1125 4153
1126 4157
1127 4161
1128 4165
1129 4169
1130 4173
1131 4177
1132 4181
1133 4185
1134 4189
1135 4193
1136 4197
1137 4201
1138 4205
1139 4209
1140 4213
1141 4217
1142 4221
1143 4225
1144 4229
1145 4233
1146 4237
1147 4241
1148 4244
1149 4248
1150 4252
1151 4256
1152 4259
1153 4263
1154 4267
1155 4270
1156 4274
1157 4278
1158 4282
1159 4286
1160 4290
1161 4294
1162 4298
1163 4302
1164 4306
1165 4310
1166 4314
1167 4318
1168 4322
1169 4326
1170 4330
1171 4333
1172 4337
1173 4341
1174 4345
1175 4349
1176 4353
1177 4357
1178 4361
1179 4365
1180 4369
1181 4373
1182 4377
1183 4381
1184 4385
1185 4389
1186 4393
1187 4396
1188 4400
1189 4403
1190 4407
1191 4410
1192 4413
1193 4417
1194 4420
1195 4423
1196 4426
1197 4429
1198 4432
1199 4436
1200 4440
1201 4443
1202 4447
1203 4451
1204 4454
1205 4458
1206 4461
1207 4465
1208 4468
1209 4472
1210 4476
1211 4480
1212 4484
1213 4488
1214 4492
1215 4496
1216 4500
1217 4504
1218 4508
1219 4511
1220 4514
1221 4517
1222 4521
1223 4524
1224 4527
1225 4531
1226 4534
1227 4537
1228 4540
1229 4544
1230 4548
1231 4552
1232 4556
1233 4560
1234 4564
1235 4568
1236 4572
1237 4576
1238 4580
1239 4584
1240 4588
1241 4592
1242 4596
1243 4600
1244 4604
1245 4608
1246 4612
1247 4616
1248 4620
1249 4624
1250 4628
1251 4632
1252 4636
1253 4640
1254 4644
1255 4648
1256 4652
1257 4656
1258 4660
1259 4664
1260 4668
1261 4672
1262 4676
1263 4680
1264 4684
1265 4688
1266 4692
1267 4696
1268 4699
1269 4701
1270 4702
1271 4704
1272 4706
1273 4710
1274 4714
1275 4716
1276 4720
1277 4724
1278 4728
1279 4732
1280 4736
1281 4740
1282 4744
1283 4748
1284 4752
1285 4756
1286 4760
1287 4764
1288 4768
1289 4772
1290 4776
1291 4780
1292 4784
1293 4787
1294 4790
1295 4793
1296 4796
1297 4799
1298 4801
1299 4804
1300 4808
1301 4811
1302 4815
1303 4819
1304 4823
1305 4826
1306 4829
1307 4833
1308 4837
1309 4841
1310 4845
1311 4849
1312 4853
1313 4857
1314 4861
1315 4865
1316 4868
1317 4872
1318 4876
1319 4879
1321 4880
1322 4881
1323 4883
1324 4886
1325 4888
1326 4889
1327 4892
1328 4894
1329 4895
1330 4898
1331 4902
1332 4906
1333 4910
1334 4914
1335 4918
1336 4922
1337 4926
1338 4930
1339 4934
1340 4938
1341 4942
1342 4946
1343 4949
1344 4952
1345 4956
1346 4959
1347 4963
1348 4965
1349 4967
1350 4970
1351 4974
1352 4975
1353 4979
1354 4982
1355 4986
1356 4989
1357 4993
1358 4997
1359 5001
1360 5005
1361 5008
1362 5012
1363 5014
1364 5017
1365 5021
1366 5024
1367 5025
1368 5029
1369 5032
1370 5033
1371 5034
1372 5036
1373 5039
1374 5042
1375 5045
1376 5049
1377 5053
1378 5057
1379 5061
1380 5065
1381 5069
1382 5073
1383 5077
1384 5081
1385 5085
1386 5089
1387 5093
1388 5097
1389 5101
1390 5105
1391 5109
1392 5113
1393 5117
1394 5121
1395 5125
1396 5129
1397 5133
1398 5137
1399 5140
1400 5144
1401 5148
1402 5151
1403 5152
1404 5155
1405 5157
1406 5160
1407 5161
1415 5162
1418 5164
1422 5165
1423 5166
1424 5168
1425 5171
1427 5173
1428 5175
1430 5177
1431 5178
1433 5179
1435 5180
1436 5182
1438 5184
1439 5187
1447 5188
1448 5191
1449 5194
1450 5197
1451 5201
1452 5205
1453 5209
1454 5213
1455 5217
1456 5221
1457 5225
1458 5229
1459 5233
1460 5237
1461 5241
1462 5245
1463 5249
1464 5253
1465 5257
1466 5261
1467 5265
1468 5269
1469 5273
1470 5277
1471 5281
1472 5285
1473 5289
1474 5293
1475 5296
1476 5298
1477 5301
1478 5303
1479 5304
1480 5305
1481 5306
1490 5307
1493 5309
1494 5310
1495 5313
1496 5316
1501 5318
1504 5319
1506 5321
1507 5325
1508 5329
1509 5332
1510 5334
1511 5336
1512 5339
1513 5343
1514 5347
1515 5349
1527 5350
1528 5353
1529 5356
1530 5360
1531 5362
1532 5366
1533 5369
1534 5372
1535 5376
1536 5379
1537 5383
1538 5386
1539 5388
1540 5390
1541 5393
1542 5396
1543 5399
1544 5403
1545 5407
1546 5411
1547 5415
1548 5419
1549 5423
1550 5427
1551 5431
1552 5435
1553 5439
1554 5443
1555 5447
1556 5451
1557 5455
1558 5458
1571 5460
1572 5461
1573 5463
1574 5464
1576 5465
1580 5466
1581 5467
1582 5468
1590 5469
1591 5470
1592 5471
1594 5472
1599 5473
1600 5476
1601 5478
1602 5481
1603 5485
1604 5488
1605 5491
1606 5495
1607 5499
1608 5503
1609 5507
1610 5511
1611 5515
1612 5519
1613 5523
1614 5527
1615 5531
1616 5535
1617 5539
1618 5543
1619 5547
1620 5551
1621 5555
1622 5559
1623 5563
1624 5567
1625 5571
1626 5575
1627 5579
1628 5583
1629 5587
1630 5590
1631 5594
1632 5598
1633 5602
1634 5606
1635 5610
1636 5614
1637 5618
1638 5622
1639 5626
1640 5630
1641 5634
1642 5636
1643 5639
1644 5643
1645 5646
1646 5650
1647 5654
1648 5657
1649 5660
1650 5664
1651 5668
1652 5672
1653 5676
1654 5680
1655 5684
1656 5688
1657 5692
1658 5696
1659 5700
1660 5704
1661 5708
1662 5711
1663 5715
1664 5718
1665 5722
1666 5725
1667 5728
1668 5732
1669 5735
1670 5739
1671 5741
1672 5743
1673 5746
1674 5749
1676 5751
1677 5753
1678 5757
1679 5761
1680 5763
1681 5766
1682 5768
1683 5772
1684 5776
1685 5780
1686 5784
1687 5788
1688 5792
1689 5795
1690 5798
1691 5802
1692 5806
1693 5810
1694 5814
1695 5818
1696 5822
1697 5826
1698 5829
1699 5833
1700 5835
1701 5839
1702 5843
1703 5847
1704 5851
1705 5855
1706 5858
1707 5862
1708 5866
1709 5870
1710 5874
1711 5878
1712 5882
1713 5886
1714 5890
1715 5894
1716 5898
1717 5902
1718 5906
1719 5910
1720 5914
1721 5918
1722 5922
1723 5926
1724 5930
1725 5934
1726 5938
1727 5942
1728 5946
1729 5950
1730 5953
1731 5955
1732 5959
1733 5963
1734 5966
1735 5969
1736 5972
1737 5976
1738 5980
1739 5982
1740 5983
1741 5986
1742 5988
1745 5990
1752 5991
1753 5992
1754 5994
1756 5996
1757 5999
1758 6001
1759 6004
1760 6008
1761 6012
1762 6016
1763 6020
1764 6024
1765 6028
1766 6032
1767 6036
1768 6040
1769 6044
1770 6048
1771 6052
1772 6056
1773 6060
1774 6064
1775 6068
1776 6072
1777 6076
1778 6080
1779 6084
1780 6088
1781 6092
1782 6096
1783 6100
1784 6104
1785 6108
1786 6112
1787 6116
1788 6120
1789 6124
1790 6128
1791 6132
1792 6136
1793 6140
1794 6144
1795 6148
1796 6152
1797 6156
1798 6160
1799 6164
1800 6168
1801 6172
1802 6176
1803 6180
1804 6184
1805 6188
1806 6192
1807 6196
1808 6200
1809 6204
1810 6208
1811 6212
1812 6216
1813 6220
1814 6224
1815 6228
1816 6232
1817 6236
1818 6240
1819 6244
1820 6248
1821 6252
1822 6256
1823 6260
1824 6264
1825 6268
1826 6272
1827 6276
1828 6280
1829 6284
1830 6288
1831 6292
1832 6296
1833 6300
1834 6304
1835 6308
1836 6312
1837 6316
1838 6320
1839 6324
1840 6328
1841 6332
1842 6336
1843 6340
1844 6344
1845 6348
1846 6352
1847 6356
1848 6360
1849 6364
1850 6368
1851 6372
1852 6376
1853 6380
1854 6384
1855 6388
1856 6392
1857 6396
1858 6400
1859 6404
1860 6408
1861 6412
1862 6416
1863 6419
1864 6423
1865 6427
1866 6429
1867 6432
1868 6436
1869 6440
1870 6444
1871 6447
1872 6449
1873 6451
1875 6453
1876 6454
1877 6457
1878 6461
1879 6464
1880 6466
1881 6469
1882 6471
1883 6475
1885 6476
1886 6478
1887 6482
1888 6486
1889 6490
1890 6493
1891 6497
1892 6500
1893 6503
1894 6507
1895 6510
1896 6513
1897 6516
1898 6520
1899 6524
1900 6528
1901 6532
1902 6536
1903 6540
1904 6544
1905 6548
1906 6552
1907 6556
1908 6560
1909 6564
1910 6568
1911 6572
1912 6576
1913 6579
1914 6583
1915 6587
1916 6590
1917 6594
1918 6595
1919 6596
1920 6597
1921 6598
1922 6601
1923 6605
1924 6609
1925 6612
1926 6615
1927 6619
1928 6622
1929 6626
1930 6630
1931 6634
1932 6638
1933 6642
1934 6646
1935 6650
1936 6653
1937 6657
1938 6661
1939 6664
1940 6667
1941 6671
1942 6674
1943 6678
1944 6682
1945 6686
1946 6690
1947 6693
1948 6696
1949 6697
1950 6699
1951 6700
1952 6702
1953 6703
1954 6705
1955 6707
1956 6708
1957 6709
1958 6711
1959 6715
1960 6719
1961 6722
1962 6723
1963 6726
1964 6729
1965 6733
1966 6735
1967 6739
1968 6742
1969 6744
1970 6747
1971 6750
1972 6753
1973 6755
1975 6757
1976 6758
1977 6762
1978 6765
1979 6769
1980 6773
1981 6777
1982 6781
1983 6785
1984 6788
1985 6791
1986 6795
1987 6799
1988 6803
1989 6807
1990 6811
1991 6815
1992 6819
1993 6823
1994 6827
1995 6831
1996 6835
1997 6839
1998 6843
1999 6847
2000 6851
2001 6855
2002 6859
2003 6863
2004 6867
2005 6871
2006 6875
2007 6879
2008 6883
2009 6887
2010 6891
2011 6895
2012 6899
2013 6903
2014 6907
2015 6911
2016 6915
2017 6919
2018 6923
2019 6927
2020 6931
2021 6935
2022 6939
2023 6943
2024 6945
2025 6949
2026 6952
2027 6956
2028 6958
2030 6959
2031 6961
2032 6965
2033 6968
2034 6971
2035 6973
2036 6975
2037 6978
2038 6982
2039 6985
2040 6988
2041 6990
2042 6992
2043 6994
2044 6996
2045 6998
2046 7001
2047 7005
2048 7008
2049 7012
2050 7016
2051 7020
2052 7024
2053 7028
2054 7032
2055 7036
2056 7040
2057 7044
2058 7048
2059 7052
2060 7056
2061 7060
2062 7064
2063 7068
2064 7072
2065 7076
2066 7080
2067 7084
2068 7088
2069 7092
2070 7096
2071 7100
2072 7104
2073 7108
2074 7112
2075 7116
2076 7120
2077 7124
2078 7128
2079 7132
2080 7136
2081 7140
2082 7144
2083 7148
2084 7152
2085 7156
2086 7160
2087 7164
2088 7168
2089 7172
2090 7176
2091 7180
2092 7184
2093 7188
2094 7192
2095 7196
2096 7200
2097 7204
2098 7208
2099 7212
2100 7216
2101 7220
2102 7224
2103 7228
2104 7232
2105 7236
2106 7239
2107 7243
2108 7247
2109 7251
2110 7255
2111 7259
2112 7263
2113 7267
2114 7271
2115 7275
2116 7279
2117 7283
2118 7287
2119 7291
2120 7295
2121 7299
2122 7303
2123 7307
2124 7311
2125 7315
2126 7319
2127 7323
2128 7327
2129 7331
2130 7335
2131 7339
2132 7343
2133 7347
2134 7351
2135 7355
2136 7359
2137 7363
2138 7367
2139 7371
2140 7375
2141 7379
2142 7383
2143 7387
2144 7391
2145 7395
2146 7399
2147 7403
2148 7407
2149 7411
2150 7415
2151 7419
2152 7423
2153 7427
2154 7431
2155 7435
2156 7439
2157 7443
2158 7447
2159 7450
2160 7454
2161 7458
2162 7460
2163 7464
2164 7467
2165 7468
2166 7470
2167 7474
2168 7476
2169 7479
2170 7483
2171 7486
2172 7489
2173 7492
2174 7496
2175 7500
2176 7504
2177 7508
2178 7512
2179 7516
2180 7520
2181 7524
2182 7528
2183 7532
2184 7536
2185 7540
2186 7544
2187 7548
2188 7552
2189 7556
2190 7560
2191 7564
2192 7568
2193 7572
2194 7576
2195 7580
2196 7584
2197 7588
2198 7592
2199 7596
2200 7600
2201 7604
2202 7608
2203 7612
2204 7616
2205 7620
2206 7624
2207 7628
2208 7631
2209 7635
2210 7639
2211 7643
2212 7647
2213 7651
2214 7655
2215 7659
2216 7663
2217 7665
2218 7669
2219 7673
2220 7677
2221 7681
2222 7684
2223 7688
2224 7691
2225 7695
2226 7699
2227 7702
2228 7706
2229 7710
2230 7714
2231 7718
2232 7722
2233 7726
2234 7730
2235 7734
2236 7738
2237 7742
2238 7746
2239 7750
2240 7754
2241 7758
2242 7762
2243 7766
2244 7770
2245 7773
2246 7777
2247 7781
2248 7785
2249 7789
2250 7793
2251 7797
2252 7801
2253 7805
2254 7809
2255 7813
2256 7817
2257 7821
2258 7825
2259 7829
2260 7833
2261 7837
2262 7841
2263 7845
2264 7849
2265 7853
2266 7857
2267 7861
2268 7865
2269 7869
2270 7873
2271 7877
2272 7881
2273 7885
2274 7889
2275 7893
2276 7897
2277 7901
2278 7905
2279 7909
2280 7913
2281 7917
2282 7921
2283 7925
2284 7929
2285 7933
2286 7937
2287 7941
2288 7945
2289 7949
2290 7953
2291 7957
2292 7961
2293 7965
2294 7969
2295 7973
2296 7977
2297 7981
2298 7985
2299 7989
2300 7993
2301 7997
2302 8001
2303 8005
2304 8009
2305 8013
2306 8017
2307 8021
2308 8025
2309 8029
2310 8033
2311 8037
2312 8041
2313 8045
2314 8049
2315 8053
2316 8057
2317 8061
2318 8065
2319 8069
2320 8073
2321 8077
2322 8081
2323 8085
2324 8089
2325 8093
2326 8097
2327 8101
2328 8105
2329 8109
2330 8113
2331 8117
2332 8121
2333 8125
2334 8129
2335 8133
2336 8137
2337 8141
2338 8145
2339 8149
2340 8153
2341 8157
2342 8161
2343 8165
2344 8169
2345 8173
2346 8177
2347 8181
2348 8185
2349 8189
2350 8193
2351 8197
2352 8201
2353 8205
2354 8209
2355 8213
2356 8217
2357 8221
2358 8225
2359 8229
2360 8233
2361 8237
2362 8241
2363 8245
2364 8249
2365 8253
2366 8257
2367 8261
2368 8265
2369 8269
2370 8273
2371 8277
2372 8281
2373 8285
2374 8289
2375 8293
2376 8297
2377 8301
2378 8305
2379 8309
2380 8313
2381 8317
2382 8321
2383 8325
2384 8329
2385 8333
2386 8337
2387 8341
2388 8345
2389 8349
2390 8353
2391 8357
2392 8361
2393 8365
2394 8369
2395 8373
2396 8377
2397 8381
2398 8385
2399 8389
2400 8393
2401 8397
2402 8401
2403 8405
2404 8409
2405 8413
2406 8417
2407 8421
2408 8425
2409 8429
2410 8433
2411 8437
2412 8441
2413 8445
2414 8449
2415 8453
2416 8457
2417 8461
2418 8465
2419 8469
2420 8473
2421 8477
2422 8481
2423 8485
2424 8489
2425 8493
2426 8497
2427 8501
2428 8505
2429 8509
2430 8513
2431 8517
2432 8521
2433 8525
2434 8529
2435 8533
2436 8537
2437 8541
2438 8545
2439 8549
2440 8553
2441 8557
2442 8561
2443 8565
2444 8569
2445 8573
2446 8577
2447 8581
2448 8585
2449 8589
2450 8593
2451 8597
2452 8601
2453 8605
2454 8609
2455 8613
2456 8617
2457 8621
2458 8625
2459 8629
2460 8633
2461 8637
2462 8641
2463 8645
2464 8649
2465 8653
2466 8657
2467 8661
2468 8665
2469 8669
2470 8673
2471 8677
2472 8681
2473 8685
2474 8689
2475 8693
2476 8697
2477 8701
2478 8705
2479 8709
2480 8713
2481 8717
2482 8720
2483 8724
2484 8727
2485 8730
2486 8733
2487 8737
2488 8741
2489 8745
2490 8748
2491 8752
2492 8755
2493 8759
2494 8763
2495 8767
2496 8771
2497 8775
2498 8779
2499 8783
2500 8787
2501 8791
2502 8795
2503 8799
2504 8803
2505 8807
2506 8811
2507 8815
2508 8819
2509 8823
2510 8827
2511 8831
2512 8835
2513 8839
2514 8843
2515 8847
2516 8851
2517 8854
2518 8858
2519 8862
2520 8865
2521 8867
2522 8871
2523 8875
2524 8879
2525 8883
2526 8887
2527 8891
2528 8895
2529 8899
2530 8903
2531 8907
2532 8911
2533 8915
2534 8919
2535 8923
2536 8927
2537 8931
2538 8935
2539 8939
2540 8943
2541 8947
2542 8951
2543 8955
2544 8959
2545 8963
2546 8967
2547 8971
2548 8975
2549 8979
2550 8983
2551 8987
2552 8991
2553 8995
2554 8999
2555 9003
2556 9007
2557 9011
2558 9015
2559 9019
2560 9023
2561 9027
2562 9031
2563 9035
2564 9039
2565 9043
2566 9047
2567 9051
2568 9055
2569 9059
2570 9063
2571 9067
2572 9071
2573 9075
2574 9079
2575 9083
2576 9087
2577 9091
2578 9095
2579 9099
2580 9103
2581 9107
2582 9111
2583 9115
2584 9119
2585 9123
2586 9127
2587 9131
2588 9135
2589 9139
2590 9143
2591 9147
2592 9151
2593 9155
2594 9159
2595 9163
2596 9167
2597 9171
2598 9175
2599 9179
2600 9183
2601 9187
2602 9191
2603 9195
2604 9199
2605 9203
2606 9207
2607 9211
2608 9215
2609 9219
2610 9223
2611 9227
2612 9231
2613 9235
2614 9239
2615 9243
2616 9247
2617 9251
2618 9255
2619 9259
2620 9263
2621 9267
2622 9271
2623 9275
2624 9279
2625 9283
2626 9287
2627 9291
2628 9295
2629 9299
2630 9303
2631 9307
2632 9311
2633 9315
2634 9319
2635 9323
2636 9327
2637 9331
2638 9335
2639 9339
2640 9343
2641 9347
2642 9351
2643 9355
2644 9359
2645 9363
2646 9367
2647 9371
2648 9375
2649 9379
2650 9383
2651 9387
2652 9391
2653 9395
2654 9399
2655 9403
2656 9407
2657 9411
2658 9415
2659 9418
