118 0
119 11
120 23
121 35
122 47
123 59
124 71
125 83
126 95
127 107
128 119
129 131
130 143
131 154
132 165
133 177
134 187
135 194
136 204
137 215
138 227
139 239
140 251
141 263
142 275
143 287
144 299
145 311
146 323
147 335
148 347
149 359
150 371
151 383
152 395
153 407
154 419
155 430
156 442
157 453
158 461
159 472
160 483
161 495
162 505
163 515
164 526
165 538
166 550
167 562
168 574
169 586
170 598
171 610
172 622
173 634
174 646
175 658
176 670
177 682
178 694
179 706
180 718
181 730
182 742
183 754
184 766
185 778
186 790
187 802
188 814
189 826
190 837
191 846
192 858
193 870
194 882
195 894
196 906
197 917
198 929
199 941
200 953
201 965
202 977
203 989
204 1001
205 1012
206 1024
207 1035
208 1045
209 1054
210 1066
211 1078
212 1086
213 1088
215 1091
217 1097
221 1104
222 1111
223 1119
224 1126
225 1133
226 1145
227 1157
228 1167
229 1178
230 1190
231 1202
232 1212
233 1224
234 1236
235 1248
236 1259
237 1271
238 1283
239 1294
240 1304
241 1310
242 1318
243 1327
244 1333
245 1344
246 1356
247 1367
248 1377
249 1388
250 1400
251 1411
252 1423
253 1435
254 1447
255 1459
256 1471
257 1483
258 1495
259 1507
260 1518
261 1530
262 1542
263 1554
264 1566
265 1578
266 1589
267 1601
268 1611
269 1623
270 1635
271 1647
272 1659
273 1671
274 1683
275 1695
276 1707
277 1719
278 1731
279 1743
280 1755
281 1767
282 1779
283 1791
284 1803
285 1815
286 1827
287 1839
288 1851
289 1863
290 1875
291 1887
292 1899
293 1911
294 1923
295 1932
296 1943
297 1954
298 1965
299 1976
300 1988
301 1998
302 2009
303 2021
304 2033
305 2045
306 2057
307 2069
308 2080
309 2092
310 2104
311 2116
312 2128
313 2140
314 2152
315 2164
316 2176
317 2183
318 2194
319 2206
320 2218
321 2230
322 2242
323 2254
324 2266
325 2278
326 2290
327 2302
328 2314
329 2326
330 2338
331 2350
332 2360
333 2372
334 2384
335 2396
336 2408
337 2420
338 2432
339 2444
340 2456
341 2468
342 2480
343 2492
344 2504
345 2516
346 2528
347 2540
348 2551
349 2563
350 2574
351 2585
352 2597
353 2609
354 2621
355 2631
356 2643
357 2655
358 2666
359 2677
360 2689
361 2701
362 2713
363 2725
364 2736
365 2747
366 2759
367 2770
368 2782
369 2794
370 2806
371 2818
372 2828
373 2840
374 2850
375 2860
376 2872
377 2883
378 2895
379 2907
380 2919
381 2930
382 2941
383 2953
384 2965
385 2976
386 2988
387 2999
388 3006
389 3016
390 3027
391 3039
392 3051
393 3063
394 3075
395 3087
396 3099
397 3111
398 3122
399 3134
400 3146
401 3158
402 3170
403 3182
404 3193
405 3205
406 3215
407 3227
408 3239
409 3251
410 3259
411 3271
412 3282
413 3292
414 3304
415 3315
416 3320
417 3328
418 3337
419 3348
420 3358
421 3370
422 3382
423 3394
424 3405
425 3417
426 3429
427 3441
428 3453
429 3465
430 3477
431 3489
432 3501
433 3513
434 3525
435 3537
436 3549
437 3561
438 3573
439 3585
440 3597
441 3609
442 3621
443 3633
444 3645
445 3657
446 3667
447 3677
448 3679
449 3686
450 3687
451 3689
452 3696
453 3705
454 3713
2759 3717
2760 3728
2761 3737
2762 3745
2763 3757
2764 3766
2765 3773
2766 3780
2767 3789
2768 3797
2769 3800
2770 3809
2771 3821
2772 3831
2773 3836
2775 3841
2776 3849
2777 3853
2778 3860
2779 3872
2780 3883
2781 3895
2782 3907
2783 3919
2784 3931
2785 3943
2786 3955
2787 3967
2788 3979
2789 3991
2790 4003
2791 4015
2792 4027
2793 4039
2794 4051
2795 4063
2796 4075
2797 4087
2798 4099
2799 4111
2800 4123
2801 4134
2802 4146
2803 4157
2804 4168
2805 4180
2806 4189
2807 4198
2808 4207
2809 4216
2810 4224
2811 4234
2812 4244
2813 4256
2814 4268
2815 4280
2816 4292
2817 4304
2818 4316
2819 4328
2820 4340
2821 4352
2822 4364
2823 4376
2824 4388
2825 4400
2826 4411
2827 4423
2828 4433
2829 4443
2830 4453
2831 4464
2832 4475
2833 4487
2834 4498
2835 4510
2836 4522
2837 4533
2838 4545
2839 4556
2840 4565
2841 4571
2842 4581
2843 4593
2844 4605
2845 4617
2846 4629
2847 4641
2848 4653
2849 4665
2850 4677
2851 4689
2852 4701
2853 4713
2854 4725
2855 4737
2856 4749
2857 4761
2858 4773
2859 4785
2860 4797
2861 4809
2862 4821
2863 4833
2864 4845
2865 4857
2866 4869
2867 4881
2868 4893
2869 4905
2870 4916
2871 4926
2872 4937
2873 4946
2874 4956
2875 4968
2876 4980
2877 4992
2878 5004
2879 5016
2880 5028
2882 5035
2883 5041
2885 5050
2886 5055
2887 5059
2888 5061
2889 5069
2890 5077
2891 5083
2892 5088
2894 5099
2895 5109
2896 5120
2897 5130
2898 5141
2899 5153
2900 5162
2901 5171
2902 5181
2903 5187
2904 5197
2905 5208
2906 5217
2907 5226
2908 5238
2909 5250
2910 5262
2911 5273
2912 5285
2913 5297
2914 5309
2915 5320
2916 5332
2917 5344
2918 5356
2919 5366
2920 5376
2921 5387
2922 5399
2923 5411
2924 5423
2925 5435
2926 5447
2927 5458
2928 5467
2929 5473
2930 5485
2931 5494
2932 5502
2933 5512
2934 5523
2935 5535
2936 5547
2937 5559
2938 5571
2939 5583
2940 5595
2941 5607
2942 5619
2943 5630
2944 5641
2945 5651
2946 5661
2947 5671
2948 5682
2949 5691
2950 5700
2951 5707
2952 5716
2953 5727
2954 5738
2955 5747
2956 5756
2957 5768
2958 5779
2959 5791
2960 5803
2961 5815
2962 5827
2963 5839
2964 5851
2965 5863
2966 5875
2967 5887
2968 5899
2969 5911
2970 5923
2971 5935
2972 5947
2973 5959
2974 5971
2975 5983
2976 5995
2977 6007
2978 6018
2979 6020
2980 6022
2981 6026
2982 6032
2983 6039
2984 6049
2985 6060
2986 6072
2987 6084
2988 6096
2989 6108
2990 6117
2991 6129
2992 6141
2993 6153
2994 6165
2995 6177
2996 6188
2997 6200
2998 6212
2999 6224
3000 6236
3001 6248
3002 6260
3003 6272
3004 6284
3005 6296
3006 6308
3007 6320
3008 6332
3009 6344
3010 6355
3011 6367
3012 6379
3013 6391
3014 6403
3015 6415
3016 6427
3017 6439
3018 6451
3019 6462
3020 6474
3021 6485
3022 6495
3023 6506
3024 6516
3025 6528
3026 6540
3027 6550
3028 6556
3029 6559
3030 6564
3031 6576
3032 6588
3033 6600
3034 6612
3035 6623
3038 6633
3039 6644
3040 6656
3041 6668
3042 6680
3043 6692
3044 6704
3045 6716
3046 6727
3047 6739
3048 6751
3049 6763
3051 6779
3052 6784
3053 6791
3054 6802
3055 6814
3056 6825
3057 6837
3058 6849
3059 6861
3060 6873
3061 6885
