356 0
357 3
358 7
359 11
360 15
361 19
362 23
363 27
364 31
365 35
366 39
367 43
368 47
369 51
370 55
371 59
372 63
373 67
374 71
375 75
376 79
377 83
378 87
379 91
380 95
381 99
382 103
383 107
384 111
385 115
386 119
387 123
388 127
389 131
390 135
391 139
392 142
393 146
394 150
395 154
396 158
397 162
398 166
399 170
400 174
401 178
402 182
403 186
404 190
405 194
406 198
407 202
408 205
409 209
410 213
411 217
412 221
413 225
414 228
415 232
416 235
417 238
418 242
419 246
420 250
421 254
422 257
423 261
424 265
425 269
426 273
427 277
428 281
429 285
430 289
431 293
432 297
433 301
434 305
435 309
436 313
437 317
438 321
439 325
440 329
441 333
442 337
443 340
444 344
445 346
446 349
447 352
448 356
449 359
450 363
451 366
452 370
453 374
454 378
455 381
456 384
457 388
458 392
459 395
460 399
461 403
462 407
463 411
464 415
465 419
466 423
467 427
468 431
469 435
470 439
471 443
472 447
473 451
474 455
475 459
476 463
477 467
478 471
479 475
480 479
481 483
482 487
483 491
484 495
485 499
486 503
487 507
488 511
489 515
490 519
491 523
492 527
493 531
494 535
495 539
496 543
497 547
498 551
499 555
500 559
501 562
502 566
503 570
504 574
505 578
506 582
507 585
508 588
509 592
510 596
511 600
512 604
513 607
514 611
515 615
516 619
517 622
518 626
519 627
520 630
521 634
522 638
523 642
524 646
525 649
526 653
527 657
528 661
529 665
530 669
531 673
532 677
533 681
534 685
535 689
536 692
537 696
538 698
539 701
540 705
541 708
542 710
543 713
544 716
545 720
546 723
547 726
548 728
549 732
550 733
551 734
552 738
553 741
554 745
555 748
556 752
557 756
558 759
559 762
560 766
561 770
562 774
563 777
564 781
565 785
566 786
567 790
568 793
569 797
570 801
571 805
572 809
573 813
574 817
575 821
576 824
577 826
578 830
579 834
580 838
581 842
582 846
583 850
584 853
585 857
586 860
587 864
588 868
589 872
590 875
591 877
592 880
593 884
594 887
595 890
596 894
597 898
598 902
599 905
600 908
601 911
602 915
603 919
604 923
605 927
606 931
607 935
608 939
609 943
610 947
611 951
612 955
613 959
614 963
615 967
616 971
617 975
618 979
619 983
620 987
621 991
622 995
623 999
624 1003
625 1007
626 1011
627 1015
628 1019
629 1023
630 1027
631 1031
632 1035
633 1039
634 1042
635 1046
636 1049
637 1053
638 1057
639 1060
640 1063
641 1066
642 1070
643 1074
644 1078
645 1081
646 1085
647 1089
648 1093
649 1097
650 1101
651 1105
652 1109
653 1113
654 1117
655 1121
656 1125
657 1129
658 1133
659 1137
660 1141
661 1145
662 1149
663 1152
664 1155
665 1158
666 1162
667 1165
668 1169
669 1172
670 1175
671 1178
672 1181
673 1185
674 1189
675 1193
676 1197
677 1201
678 1204
679 1207
680 1209
681 1211
682 1213
683 1216
684 1219
685 1223
686 1226
687 1230
688 1234
689 1238
690 1242
691 1244
692 1248
693 1251
694 1255
695 1258
696 1261
697 1265
698 1269
699 1273
700 1277
701 1281
702 1284
703 1288
704 1291
705 1294
706 1297
707 1300
708 1303
709 1307
710 1311
711 1315
712 1319
713 1323
714 1327
715 1331
716 1335
717 1339
718 1343
719 1347
720 1349
721 1353
722 1356
723 1358
724 1360
725 1363
726 1367
727 1370
728 1374
729 1378
730 1382
731 1386
732 1390
733 1394
734 1398
735 1402
736 1404
737 1407
738 1409
739 1411
746 1412
747 1414
748 1417
749 1420
750 1422
751 1426
752 1428
753 1430
754 1432
755 1434
756 1436
757 1439
758 1441
759 1445
760 1447
761 1450
762 1452
763 1454
764 1457
765 1461
766 1464
767 1468
768 1471
769 1473
770 1476
771 1477
772 1480
773 1483
774 1487
775 1490
776 1493
777 1496
780 1497
781 1498
782 1500
783 1502
786 1503
787 1507
789 1508
811 1509
812 1510
813 1513
830 1514
832 1515
833 1519
834 1523
835 1527
836 1531
837 1535
838 1539
839 1543
840 1547
841 1551
842 1555
843 1558
844 1562
845 1566
846 1569
847 1573
848 1577
849 1581
850 1585
851 1589
852 1593
853 1597
854 1601
855 1605
856 1609
857 1613
858 1617
859 1620
860 1624
861 1628
862 1632
863 1636
864 1640
865 1644
866 1648
867 1652
868 1656
869 1660
870 1663
871 1667
872 1671
873 1675
874 1678
875 1681
876 1684
877 1688
878 1691
879 1695
880 1699
881 1703
882 1707
883 1711
884 1715
885 1719
886 1723
887 1727
888 1731
889 1735
890 1739
891 1743
892 1747
893 1751
894 1755
895 1759
896 1763
897 1767
898 1771
899 1775
900 1779
901 1783
902 1787
903 1791
904 1795
905 1799
906 1803
907 1807
908 1811
909 1815
910 1819
911 1823
912 1827
913 1831
914 1835
915 1839
916 1843
917 1847
918 1851
919 1855
920 1859
921 1863
922 1867
923 1871
924 1875
925 1879
926 1883
927 1887
928 1891
929 1895
930 1899
931 1903
932 1907
933 1911
934 1915
935 1919
936 1923
937 1927
938 1931
939 1935
940 1939
941 1943
942 1947
943 1951
944 1955
945 1959
946 1963
947 1967
948 1971
949 1975
950 1979
951 1983
952 1987
953 1991
954 1995
955 1999
956 2003
957 2007
958 2011
959 2015
960 2019
961 2023
962 2027
963 2031
964 2035
965 2039
966 2043
967 2047
968 2051
969 2055
970 2059
971 2063
972 2067
973 2071
974 2075
975 2079
976 2083
977 2087
978 2091
979 2095
980 2099
981 2103
982 2107
983 2111
984 2115
985 2119
986 2123
987 2127
988 2131
989 2135
990 2139
991 2143
992 2147
993 2151
994 2155
995 2159
996 2163
997 2167
998 2170
999 2174
1000 2178
1001 2182
1002 2186
1003 2188
1004 2192
1005 2196
1006 2200
1007 2204
1008 2208
1009 2212
1010 2216
1011 2220
1012 2222
1013 2226
1014 2230
1015 2234
1016 2238
1017 2242
1018 2246
1019 2250
1020 2254
1021 2258
1022 2262
1023 2265
1024 2269
1025 2273
1026 2277
1027 2281
1028 2285
1029 2289
1030 2293
1031 2297
1032 2301
1033 2305
1034 2309
1035 2313
1036 2317
1037 2321
1038 2325
1039 2329
1040 2333
1041 2337
1042 2341
1043 2345
1044 2349
1045 2353
1046 2357
1047 2361
1048 2365
1049 2369
1050 2373
1051 2377
1052 2381
1053 2385
1054 2389
1055 2393
1056 2397
1057 2401
1058 2405
1059 2409
1060 2413
1061 2417
1062 2421
1063 2425
1064 2429
1065 2433
1066 2437
1067 2441
1068 2445
1069 2449
1070 2453
1071 2457
1072 2461
1073 2465
1074 2469
1075 2473
1076 2477
1077 2481
1078 2485
1079 2489
1080 2493
1081 2497
1082 2501
1083 2505
1084 2509
1085 2513
1086 2517
1087 2521
1088 2525
1089 2529
1090 2533
1091 2537
1092 2541
1093 2545
1094 2549
1095 2553
1096 2557
1097 2561
1098 2565
1099 2569
1100 2573
1101 2577
1102 2581
1103 2585
1104 2589
1105 2593
1106 2596
1107 2600
1108 2604
1109 2608
1110 2612
1111 2616
1112 2618
1113 2619
1114 2623
1115 2626
1116 2630
1117 2634
1118 2636
1119 2637
1120 2639
1121 2642
1122 2646
1123 2650
1124 2654
1125 2658
1126 2662
1127 2666
1128 2670
1129 2674
1130 2678
1131 2682
1132 2686
1133 2690
1134 2694
1135 2698
1136 2701
1137 2705
1138 2709
1139 2713
1140 2717
1141 2721
1142 2725
1143 2729
1144 2733
1145 2737
1146 2741
1147 2745
1148 2749
1149 2753
1150 2757
1151 2761
1152 2765
1153 2769
1154 2773
1155 2777
1156 2781
1157 2785
1158 2789
1159 2793
1160 2797
1161 2801
1162 2805
1163 2809
1164 2813
1165 2817
1166 2821
1167 2825
1168 2829
1169 2833
1170 2837
1171 2841
1172 2845
1173 2849
1174 2853
1175 2857
1176 2861
1177 2865
1178 2869
1179 2873
1180 2877
1181 2881
1182 2885
1183 2889
1184 2893
1185 2897
1186 2901
1187 2905
1188 2909
1189 2913
1190 2917
1191 2921
1196 2924
1197 2928
1198 2932
1199 2935
1200 2939
1201 2943
1202 2947
1203 2951
1204 2955
1205 2959
1206 2963
1207 2967
1208 2971
1209 2975
1210 2979
1211 2983
1212 2987
1213 2991
1214 2995
1215 2999
1216 3003
1217 3007
1218 3011
1219 3015
1220 3019
1221 3023
1222 3027
1223 3031
1224 3035
1225 3039
1226 3043
1227 3047
1228 3051
1229 3055
1230 3059
1231 3062
1236 3063
1237 3067
1238 3071
1239 3075
1240 3079
1241 3083
1242 3087
1243 3091
1244 3095
1245 3099
1246 3103
1247 3107
1248 3111
1249 3115
1250 3119
1251 3123
1252 3127
1253 3131
1254 3135
1255 3139
1256 3143
1257 3147
1258 3151
1259 3155
1260 3159
1261 3163
1262 3167
1263 3171
1264 3175
1265 3179
1266 3183
1267 3187
1268 3191
1269 3195
1270 3199
1271 3203
1272 3207
