0 399
1 403
2 407
3 411
4 415
5 419
6 423
7 427
8 431
9 435
10 439
11 443
12 447
13 451
14 455
15 459
16 463
17 467
18 471
19 475
20 479
21 483
22 487
23 491
24 495
25 499
26 503
27 507
28 511
29 515
30 519
31 523
32 527
33 531
34 535
35 539
36 543
37 547
38 551
39 555
40 559
41 563
42 567
43 571
44 575
45 579
46 583
47 587
48 591
49 595
50 599
51 603
52 607
53 611
54 615
55 619
56 623
57 627
58 631
59 635
60 639
61 643
62 647
63 651
64 655
65 659
66 663
67 667
68 671
69 675
70 679
71 683
72 687
73 691
74 695
75 699
76 703
77 707
78 711
79 715
80 719
81 723
82 727
83 731
84 735
85 739
86 743
87 747
88 751
89 755
90 759
91 763
92 767
93 771
94 775
95 779
96 783
97 787
98 791
99 795
100 799
101 803
102 807
103 811
104 815
105 819
106 823
107 827
108 831
109 835
110 839
111 843
112 847
113 851
114 855
115 859
116 863
117 867
118 871
119 875
120 879
121 883
122 887
123 891
124 895
125 899
126 903
127 907
128 911
129 915
130 919
131 923
132 927
133 931
134 935
135 939
136 943
137 947
138 951
139 955
140 959
141 963
142 967
143 971
144 975
145 979
146 983
147 987
148 991
149 995
150 999
151 1003
152 1007
153 1011
154 1015
155 1019
156 1023
157 1027
158 1031
159 1035
160 1039
161 1043
162 1047
163 1051
164 1055
165 1059
166 1063
167 1067
168 1071
169 1075
170 1079
171 1083
172 1087
173 1091
174 1095
175 1099
176 1103
177 1107
178 1111
179 1115
180 1119
181 1123
182 1127
183 1131
184 1135
185 1139
186 1143
187 1147
188 1151
189 1155
190 1159
191 1163
192 1167
193 1171
194 1175
195 1179
196 1183
197 1187
198 1191
199 1195
200 1199
201 1203
202 1207
203 1211
204 1215
205 1219
206 1223
207 1227
208 1231
209 1235
210 1239
211 1243
212 1247
213 1251
214 1255
215 1259
216 1263
217 1267
218 1271
219 1275
220 1279
221 1283
222 1287
223 1291
224 1295
225 1299
226 1303
227 1307
228 1311
229 1315
230 1319
231 1323
232 1327
233 1331
234 1335
235 1339
236 1343
237 1347
238 1351
239 1355
240 1359
241 1363
242 1367
243 1371
244 1375
245 1379
246 1383
247 1387
248 1391
249 1395
250 1399
251 1403
252 1407
253 1411
254 1415
255 1419
256 1423
257 1427
258 1431
259 1435
260 1439
261 1443
262 1447
263 1451
264 1455
265 1459
266 1463
267 1467
268 1471
269 1475
270 1479
271 1483
272 1487
273 1491
274 1495
275 1499
276 1503
277 1507
278 1511
279 1515
280 1519
281 1523
282 1527
283 1531
284 1535
285 1539
286 1543
287 1547
288 1551
289 1555
290 1559
291 1563
292 1567
293 1571
294 1575
295 1579
296 1583
297 1587
298 1591
299 1595
300 1599
301 1603
302 1607
303 1611
304 1615
305 1619
306 1623
307 1627
308 1631
309 1635
310 1639
311 1643
312 1647
313 1651
314 1655
315 1659
316 1663
317 1667
318 1671
319 1675
320 1679
321 1683
322 1687
323 1691
324 1695
325 1699
326 1703
327 1707
328 1711
329 1715
330 1719
331 1723
332 1727
333 1731
334 1735
335 1739
336 1743
337 1747
338 1751
339 1755
340 1759
341 1763
342 1767
343 1771
344 1775
345 1779
346 1783
347 1787
348 1791
349 1795
350 1799
351 1803
352 1807
353 1811
354 1815
355 1819
356 1823
357 1827
358 1831
359 1835
360 1839
361 1843
362 1847
363 1851
364 1855
365 1859
366 1863
367 1867
368 1871
369 1875
370 1879
371 1883
372 1887
373 1891
374 1895
375 1899
376 1903
377 1907
378 1911
379 1915
380 1919
381 1923
382 1927
383 1931
384 1935
385 1939
386 1943
387 1947
388 1951
389 1955
390 1959
391 1963
392 1967
393 1971
394 1975
395 1979
396 1983
397 1987
398 1991
399 1995
400 1999
401 2003
402 2007
403 2011
404 2015
405 2019
406 2023
407 2027
408 2031
409 2035
410 2039
411 2043
412 2047
413 2051
414 2055
415 2059
416 2063
417 2067
418 2071
419 2075
420 2079
421 2083
422 2087
423 2091
424 2095
425 2099
426 2103
427 2107
428 2111
429 2115
430 2119
431 2123
432 2127
433 2131
434 2135
435 2139
436 2143
437 2147
438 2151
439 2155
440 2159
441 2163
442 2167
443 2171
444 2175
445 2179
446 2183
447 2187
448 2191
449 2195
450 2199
451 2203
452 2207
453 2211
454 2215
455 2219
456 2223
457 2227
458 2231
459 2235
460 2239
461 2243
462 2247
463 2251
464 2255
465 2259
466 2263
467 2267
468 2271
469 2275
470 2279
471 2283
472 2287
473 2291
474 2295
475 2299
476 2303
477 2307
478 2311
479 2315
480 2319
481 2323
482 2327
483 2331
484 2335
485 2339
486 2343
487 2347
488 2351
489 2355
490 2359
491 2363
492 2367
493 2371
494 2375
495 2379
496 2383
497 2387
498 2391
499 2395
500 2399
501 2403
502 2407
503 2411
504 2415
505 2419
506 2423
507 2427
508 2431
509 2435
510 2439
511 2443
512 2447
513 2451
514 2455
515 2459
516 2463
517 2467
518 2471
519 2475
520 2479
521 2483
522 2487
523 2491
524 2495
525 2499
526 2503
527 2507
528 2511
529 2515
530 2519
531 2523
532 2527
533 2531
534 2535
535 2539
536 2543
537 2547
538 2551
539 2555
540 2559
541 2563
542 2567
543 2571
544 2575
545 2579
546 2583
547 2587
548 2591
549 2595
550 2599
551 2603
552 2607
553 2611
554 2615
555 2619
556 2623
557 2627
558 2631
559 2635
560 2639
561 2643
562 2647
563 2651
564 2655
565 2659
566 2663
567 2667
568 2671
569 2675
570 2679
571 2683
572 2687
573 2691
574 2695
575 2699
576 2703
577 2707
578 2711
579 2715
580 2719
581 2723
582 2727
583 2731
584 2735
585 2739
586 2743
587 2747
588 2751
589 2755
590 2759
591 2763
592 2767
593 2771
594 2775
595 2779
596 2783
597 2787
598 2791
599 2795
600 2799
601 2803
602 2807
603 2811
604 2815
605 2819
606 2823
607 2827
608 2831
609 2835
610 2839
611 2843
612 2847
613 2851
614 2855
615 2859
616 2863
617 2867
618 2871
619 2875
620 2879
621 2883
622 2887
623 2891
624 2895
625 2899
626 2903
627 2907
628 2911
629 2915
630 2919
631 2923
632 2927
633 2931
634 2935
635 2939
636 2943
637 2947
638 2951
639 2955
640 2959
641 2963
642 2967
643 2971
644 2975
645 2979
646 2983
647 2987
648 2991
649 2995
650 2999
651 3003
652 3007
653 3011
654 3015
655 3019
656 3023
657 3027
658 3031
659 3035
660 3039
661 3043
662 3047
663 3051
664 3055
665 3059
666 3063
667 3067
668 3071
669 3075
670 3079
671 3083
672 3087
673 3091
674 3095
675 3099
676 3103
677 3107
678 3111
679 3115
680 3119
681 3123
682 3127
683 3131
684 3135
685 3139
686 3143
687 3147
688 3151
689 3155
690 3159
691 3163
692 3167
693 3171
694 3175
695 3179
696 3183
697 3187
698 3191
699 3195
700 3199
701 3203
702 3207
703 3211
704 3215
705 3219
706 3223
707 3227
708 3231
709 3235
710 3239
711 3243
712 3247
713 3251
714 3255
715 3259
716 3263
717 3267
718 3271
719 3275
720 3279
721 3283
722 3287
723 3291
724 3295
725 3299
726 3303
727 3307
728 3311
729 3315
730 3319
731 3323
732 3327
733 3331
734 3335
735 3339
736 3343
737 3347
738 3351
739 3355
740 3359
741 3363
742 3367
743 3371
744 3375
745 3379
746 3383
747 3387
748 3391
749 3395
750 3399
751 3403
752 3407
753 3411
754 3415
755 3419
756 3423
757 3427
758 3431
759 3435
760 3439
761 3443
762 3447
763 3451
764 3455
765 3459
766 3463
767 3467
768 3471
769 3475
770 3479
771 3483
772 3487
773 3491
774 3495
775 3499
776 3503
777 3507
778 3511
779 3515
780 3519
781 3523
782 3527
783 3531
784 3535
785 3539
786 3543
787 3547
788 3551
789 3555
790 3559
791 3563
792 3567
793 3571
794 3575
795 3579
796 3583
797 3587
798 3591
799 3595
800 3599
801 3603
802 3607
803 3611
804 3615
805 3619
806 3623
807 3627
808 3631
809 3635
810 3638
811 3643
812 3647
813 3651
814 3655
815 3659
816 3663
817 3667
818 3670
819 3674
820 3678
821 3683
822 3687
823 3691
824 3695
825 3699
826 3703
827 3706
828 3710
829 3714
830 3718
831 3722
832 3727
833 3731
834 3735
835 3739
836 3742
837 3746
838 3750
839 3754
840 3758
841 3762
842 3767
843 3771
844 3775
845 3778
846 3782
847 3786
848 3790
849 3794
850 3798
851 3802
852 3807
853 3811
854 3814
855 3818
856 3822
857 3826
858 3830
859 3834
860 3838
861 3842
862 3846
863 3850
864 3854
865 3858
866 3862
867 3866
868 3870
869 3874
870 3878
871 3882
872 3886
873 3890
874 3894
875 3898
876 3902
877 3906
878 3910
879 3914
880 3918
881 3922
882 3926
883 3930
884 3934
885 3938
886 3942
887 3946
888 3950
889 3954
890 3958
891 3962
892 3966
893 3970
894 3974
895 3978
896 3982
897 3986
898 3990
899 3994
900 3998
901 4002
902 4006
903 4010
904 4014
905 4018
906 4022
907 4026
908 4030
909 4034
910 4038
911 4042
912 4046
913 4050
914 4054
915 4058
916 4061
917 4065
918 4069
919 4073
920 4077
921 4081
922 4085
923 4089
924 4093
925 4097
926 4101
927 4105
928 4109
929 4113
930 4117
931 4121
932 4125
933 4129
934 4133
935 4137
936 4141
937 4145
938 4149
939 4153
940 4157
941 4161
942 4165
943 4169
944 4173
945 4177
946 4181
947 4185
948 4189
949 4193
950 4197
951 4201
952 4205
953 4209
954 4213
955 4217
956 4221
957 4225
958 4229
959 4233
960 4237
961 4241
962 4245
963 4249
964 4253
965 4257
966 4261
967 4265
968 4269
969 4273
970 4277
971 4281
972 4285
973 4289
974 4293
975 4297
976 4301
977 4305
978 4309
979 4313
980 4317
981 4321
982 4325
983 4329
984 4333
985 4337
986 4341
987 4345
988 4349
989 4353
990 4357
991 4361
992 4364
993 4368
994 4372
995 4376
996 4379
997 4382
998 4385
999 4388
1000 4392
1001 4396
1002 4399
1003 4402
1004 4405
1005 4409
1006 4413
1007 4416
1008 4420
1009 4424
1010 4428
1011 4432
1012 4436
1013 4440
1014 4444
1015 4448
1016 4452
1017 4456
1018 4460
1019 4464
1020 4468
1021 4472
1022 4476
1023 4480
1024 4484
1025 4487
1026 4491
1027 4495
1028 4499
1029 4503
1030 4506
1031 4510
1032 4514
1033 4517
1034 4520
1035 4523
1036 4527
1037 4530
1038 4534
1039 4538
1040 4542
1041 4546
1042 4550
1043 4554
1044 4558
1045 4562
1046 4566
1047 4570
1048 4574
1049 4578
1050 4582
1051 4586
1052 4590
1053 4594
1054 4598
1055 4602
1056 4606
1057 4610
1058 4614
1059 4618
1060 4622
1061 4626
1062 4630
1063 4634
1064 4638
1065 4642
1066 4646
1067 4650
1068 4654
1069 4658
1070 4662
1071 4666
1072 4670
1073 4674
1074 4678
1075 4682
1076 4686
1077 4690
1078 4694
1079 4698
1080 4702
1081 4706
1082 4710
1083 4714
1084 4718
1085 4722
1086 4726
1087 4730
1088 4734
1089 4738
1090 4742
1091 4746
1092 4750
1093 4754
1094 4758
1095 4762
1096 4766
1097 4770
1098 4774
1099 4778
1100 4782
1101 4786
1102 4790
1103 4794
1104 4798
1105 4802
1106 4806
1107 4810
1108 4814
1109 4818
1110 4822
1111 4826
1112 4830
1113 4834
1114 4838
1115 4842
1116 4846
1117 4850
1118 4854
1119 4858
1120 4862
1121 4866
1122 4870
1123 4874
1124 4878
1125 4882
1126 4886
1127 4890
1128 4894
1129 4898
1130 4902
1131 4906
1132 4910
1133 4914
1134 4918
1135 4922
1136 4926
1137 4930
1138 4934
1139 4938
1140 4942
1141 4946
1142 4950
1143 4954
1144 4958
1145 4962
1146 4966
1147 4970
1148 4974
1149 4978
1150 4982
1151 4986
1152 4990
1153 4994
1154 4998
1155 5002
1156 5006
1157 5010
1158 5014
1159 5018
1160 5022
1161 5026
1162 5030
1163 5034
1164 5038
1165 5042
1166 5046
1167 5050
1168 5054
1169 5058
1170 5062
1171 5066
1172 5070
1173 5074
1174 5078
1175 5082
1176 5086
1177 5090
1178 5094
1179 5098
1180 5102
1181 5106
1182 5110
1183 5114
1184 5118
1185 5122
1186 5126
1187 5130
1188 5134
1189 5138
1190 5142
1191 5146
1192 5150
1193 5154
1194 5158
1195 5162
1196 5166
1197 5170
1198 5174
1199 5178
1200 5182
1201 5186
1202 5190
1203 5194
1204 5198
1205 5202
1206 5206
1207 5210
1208 5214
1209 5218
1210 5222
1211 5226
1212 5230
1213 5234
1214 5238
1215 5242
1216 5246
1217 5250
1218 5254
1219 5258
1220 5262
1221 5266
1222 5270
1223 5274
1224 5278
1225 5282
1226 5286
1227 5290
1228 5294
1229 5298
1230 5302
1231 5306
1232 5310
1233 5314
1234 5318
1235 5322
1236 5326
1237 5330
1238 5334
1239 5338
1240 5342
1241 5346
1242 5350
1243 5354
1244 5358
1245 5362
1246 5366
1247 5370
1248 5374
1249 5378
1250 5382
1251 5386
1252 5390
1253 5394
1254 5398
1255 5402
1256 5406
1257 5410
1258 5414
1259 5418
1260 5422
1261 5426
1262 5430
1263 5434
1264 5438
1265 5442
1266 5446
1267 5450
1268 5454
1269 5458
1270 5462
1271 5466
1272 5470
1273 5474
1274 5478
1275 5482
1276 5486
1277 5490
1278 5494
1279 5498
1280 5502
1281 5506
1282 5510
1283 5514
1284 5518
1285 5522
1286 5526
1287 5530
1288 5534
1289 5538
1290 5542
1291 5546
1292 5550
1293 5554
1294 5558
1295 5562
1296 5566
1297 5570
1298 5574
1299 5578
1300 5582
1301 5586
1302 5590
1303 5593
1304 5596
1305 5600
1306 5603
1307 5607
1308 5610
1309 5613
1310 5616
1311 5619
1312 5622
1313 5625
1314 5629
1315 5632
1316 5635
1317 5638
1318 5641
1319 5644
1320 5647
1321 5651
1322 5655
1323 5657
1324 5660
1325 5663
1326 5666
1327 5669
1328 5672
1329 5675
1330 5679
1331 5682
1332 5685
1333 5688
1334 5691
1335 5695
1336 5698
1337 5701
1338 5704
1339 5708
1340 5712
1341 5716
1342 5720
1343 5724
1344 5728
1345 5732
1346 5736
1347 5740
1348 5744
1349 5748
1350 5752
1351 5755
1352 5759
1353 5763
1354 5767
1355 5771
1356 5775
1357 5779
1358 5782
1359 5785
1360 5788
1361 5791
1362 5794
1363 5798
1364 5802
1365 5806
1366 5810
1367 5814
1368 5818
1369 5822
1370 5826
1371 5830
1372 5834
1373 5838
1374 5842
1375 5846
1376 5850
1377 5854
1378 5858
1379 5862
1380 5866
1381 5870
1382 5874
1383 5878
1384 5882
1385 5886
1386 5890
1387 5894
1388 5898
1389 5902
1390 5906
1391 5910
1392 5914
1393 5918
1394 5922
1395 5926
1396 5930
1397 5934
1398 5938
1399 5942
1400 5946
1401 5950
1402 5954
1403 5958
1404 5962
1405 5966
1406 5970
1407 5974
1408 5978
1409 5982
1410 5986
1411 5990
1412 5994
1413 5998
1414 6002
1415 6006
1416 6010
1417 6014
1418 6018
1419 6022
1420 6026
1421 6030
1422 6034
1423 6038
1424 6042
1425 6046
1426 6050
1427 6054
1428 6058
1429 6062
1430 6066
1431 6070
1432 6074
1433 6078
1434 6082
1435 6086
1436 6090
1437 6094
1438 6098
1439 6102
1440 6106
1441 6110
1442 6114
1443 6118
1444 6122
1445 6126
1446 6130
1447 6134
1448 6138
1449 6142
1450 6146
1451 6150
1452 6154
1453 6158
1454 6162
1455 6166
1456 6170
1457 6174
1458 6178
1459 6182
1460 6186
1461 6190
1462 6194
1463 6198
1464 6202
1465 6206
1466 6210
1467 6214
1468 6218
1469 6222
1470 6226
1471 6230
1472 6234
1473 6238
1474 6242
1475 6246
1476 6250
1477 6254
1478 6258
1479 6262
1480 6266
1481 6270
1482 6274
1483 6278
1484 6282
1485 6286
1486 6290
1487 6294
1488 6298
1489 6302
1490 6306
1491 6310
1492 6314
1493 6318
1494 6322
1495 6326
1496 6330
1497 6334
1498 6338
1499 6342
1500 6346
1501 6350
1502 6354
1503 6358
1504 6362
1505 6366
1506 6370
1507 6374
1508 6378
1509 6382
1510 6386
1511 6390
1512 6394
1513 6398
1514 6402
1515 6406
1516 6410
1517 6414
1518 6418
1519 6422
1520 6426
1521 6430
1522 6434
1523 6438
1524 6442
1525 6446
1526 6450
1527 6454
1528 6458
1529 6462
1530 6466
1531 6470
1532 6474
1533 6478
1534 6482
1535 6486
1536 6490
1537 6494
1538 6498
1539 6502
1540 6506
1541 6510
1542 6514
1543 6518
1544 6522
1545 6526
1546 6530
1547 6534
1548 6538
1549 6542
1550 6546
1551 6550
1552 6554
1553 6558
1554 6562
1555 6566
1556 6570
1557 6574
1558 6578
1559 6582
1560 6586
1561 6590
1562 6594
1563 6598
1564 6602
1565 6606
1566 6610
1567 6614
1568 6618
1569 6622
1570 6626
1571 6630
1572 6634
1573 6638
1574 6642
1575 6646
1576 6650
1577 6654
1578 6658
1579 6662
1580 6666
1581 6670
1582 6674
1583 6678
1584 6682
1585 6686
1586 6690
1587 6694
1588 6698
1589 6702
1590 6706
1591 6710
1592 6714
1593 6718
1594 6722
1595 6726
1596 6730
1597 6734
1598 6738
1599 6742
1600 6746
1601 6750
1602 6754
1603 6758
1604 6762
1605 6766
1606 6770
1607 6774
1608 6778
1609 6782
1610 6786
1611 6790
1612 6794
1613 6798
1614 6802
1615 6806
1616 6810
1617 6814
1618 6818
1619 6822
1620 6826
1621 6830
1622 6834
1623 6838
1624 6842
1625 6846
1626 6850
1627 6854
1628 6858
1629 6862
1630 6866
1631 6870
1632 6874
1633 6878
1634 6882
1635 6886
1636 6890
1637 6894
1638 6898
1639 6902
1640 6906
1641 6910
1642 6914
1643 6917
1644 6921
1645 6925
1646 6929
1647 6933
1648 6936
1649 6939
1650 6942
1651 6945
1652 6948
1653 6951
1654 6955
1655 6959
1656 6963
1657 6967
1658 6971
1659 6974
1660 6977
1661 6980
1662 6983
1663 6986
1664 6990
1665 6994
1666 6998
1667 7001
1668 7004
1669 7007
1670 7011
1671 7014
1672 7017
1673 7021
1674 7024
1675 7027
1676 7031
1677 7035
1678 7039
1679 7043
1680 7047
1681 7051
1682 7055
1683 7059
1684 7063
1685 7067
1686 7071
1687 7075
1688 7079
1689 7083
1690 7087
1691 7091
1692 7095
1693 7099
1694 7103
1695 7107
1696 7111
1697 7115
1698 7119
1699 7123
1700 7127
1701 7131
1702 7135
1703 7139
1704 7143
1705 7147
1706 7151
1707 7155
1708 7159
1709 7163
1710 7167
1711 7171
1712 7175
1713 7179
1714 7183
1715 7187
1716 7191
1717 7195
1718 7199
1719 7203
1720 7207
1721 7211
1722 7215
1723 7219
1724 7223
1725 7227
1726 7231
1727 7235
1728 7239
1729 7243
1730 7247
1731 7251
1732 7255
1733 7259
1734 7263
1735 7267
1736 7271
1737 7275
1738 7279
1739 7283
1740 7287
1741 7291
1742 7295
1743 7299
1744 7303
1745 7307
1746 7311
1747 7315
1748 7319
1749 7323
1750 7327
1751 7331
1752 7335
1753 7339
1754 7343
1755 7347
1756 7351
1757 7355
1758 7359
1759 7363
1760 7367
1761 7371
1762 7375
1763 7379
1764 7383
1765 7387
1766 7391
1767 7395
1768 7399
1769 7403
1770 7407
1771 7411
1772 7415
1773 7419
1774 7423
1775 7427
1776 7431
1777 7435
1778 7439
1779 7443
1780 7447
1781 7451
1782 7455
1783 7459
1784 7463
1785 7467
1786 7471
1787 7475
1788 7479
1789 7483
1790 7487
1791 7491
1792 7495
1793 7499
1794 7503
1795 7507
1796 7511
1797 7515
1798 7519
1799 7523
1800 7527
1801 7531
1802 7535
1803 7539
1804 7543
1805 7547
1806 7551
1807 7555
1808 7559
1809 7563
1810 7567
1811 7571
1812 7575
1813 7579
1814 7583
1815 7587
1816 7591
1817 7595
1818 7599
1819 7603
1820 7607
1821 7611
1822 7615
1823 7619
1824 7623
1825 7627
1826 7631
1827 7635
1828 7639
1829 7643
1830 7647
1831 7651
1832 7655
1833 7659
1834 7663
1835 7667
1836 7671
1837 7675
1838 7679
1839 7683
1840 7687
1841 7691
1842 7695
1843 7699
1844 7703
1845 7707
1846 7711
1847 7715
1848 7719
1849 7723
1850 7727
1851 7731
1852 7735
1853 7739
1854 7743
1855 7747
1856 7751
1857 7755
1858 7759
1859 7763
1860 7767
1861 7771
1862 7775
1863 7779
1864 7783
1865 7787
1866 7791
1867 7795
1868 7799
1869 7803
1870 7807
1871 7811
1872 7815
1873 7819
1874 7823
1875 7827
1876 7831
1877 7835
1878 7839
1879 7843
1880 7847
1881 7851
1882 7855
1883 7859
1884 7863
1885 7867
1886 7871
1887 7875
1888 7879
1889 7883
1890 7887
1891 7891
1892 7895
1893 7899
1894 7903
1895 7907
1896 7911
1897 7915
1898 7919
1899 7923
1900 7927
1901 7931
1902 7935
1903 7939
1904 7943
1905 7947
1906 7951
1907 7955
1908 7959
1909 7963
1910 7967
1911 7971
1912 7975
1913 7979
1914 7983
1915 7987
1916 7990
1917 7994
1918 7998
1919 8001
1920 8004
1921 8008
1922 8011
1923 8014
1924 8017
1925 8021
1926 8024
1927 8028
1928 8031
1929 8034
1930 8037
1931 8040
1932 8044
1933 8048
1934 8052
1935 8056
1936 8060
1937 8064
1938 8068
1939 8072
1940 8076
1941 8080
1942 8084
1943 8088
1944 8092
1945 8095
1946 8099
1947 8103
1948 8106
1949 8109
1950 8112
1951 8115
1952 8118
1953 8121
1954 8125
1955 8129
1956 8132
1957 8136
1958 8140
1959 8144
1960 8148
1961 8152
1962 8156
1963 8159
1964 8162
1965 8165
1966 8168
1967 8171
1968 8174
1969 8177
1970 8180
1971 8183
1972 8186
1973 8190
1974 8194
1975 8198
1976 8202
1977 8206
1978 8210
1979 8214
1980 8218
1981 8222
1982 8226
1983 8230
1984 8234
1985 8238
1986 8242
1987 8246
1988 8250
1989 8254
1990 8258
1991 8262
1992 8266
1993 8270
1994 8274
1995 8278
1996 8282
1997 8286
1998 8290
1999 8294
2000 8298
2001 8302
2002 8306
2003 8310
2004 8314
2005 8318
2006 8322
2007 8326
2008 8330
2009 8334
2010 8338
2011 8342
2012 8346
2013 8350
2014 8354
2015 8358
2016 8362
2017 8366
2018 8370
2019 8374
2020 8378
2021 8382
2022 8386
2023 8390
2024 8394
2025 8398
2026 8402
2027 8406
2028 8410
2029 8414
2030 8418
2031 8422
2032 8426
2033 8430
2034 8434
2035 8438
2036 8442
2037 8446
2038 8450
2039 8454
2040 8458
2041 8462
2042 8466
2043 8470
2044 8474
2045 8478
2046 8482
2047 8486
2048 8490
2049 8494
2050 8498
2051 8502
2052 8506
2053 8510
2054 8514
2055 8518
2056 8522
2057 8526
2058 8530
2059 8534
2060 8538
2061 8542
2062 8546
2063 8550
2064 8554
2065 8558
2066 8562
2067 8566
2068 8570
2069 8574
2070 8578
2071 8582
2072 8586
2073 8590
2074 8594
2075 8598
2076 8602
2077 8606
2078 8610
2079 8614
2080 8618
2081 8622
2082 8626
2083 8630
2084 8634
2085 8638
2086 8642
2087 8646
2088 8650
2089 8654
2090 8658
2091 8662
2092 8666
2093 8670
2094 8674
2095 8678
2096 8682
2097 8686
2098 8690
2099 8694
2100 8698
2101 8702
2102 8706
2103 8710
2104 8714
2105 8718
2106 8722
2107 8726
2108 8730
2109 8734
2110 8738
2111 8742
2112 8746
2113 8750
2114 8754
2115 8758
2116 8762
2117 8766
2118 8770
2119 8774
2120 8778
2121 8782
2122 8786
2123 8790
2124 8794
2125 8798
2126 8802
2127 8806
2128 8810
2129 8814
2130 8818
2131 8822
2132 8826
2133 8830
2134 8834
2135 8838
2136 8842
2137 8846
2138 8850
2139 8854
2140 8858
2141 8862
2142 8866
2143 8870
2144 8874
2145 8878
2146 8882
2147 8886
2148 8890
2149 8894
2150 8898
2151 8902
2152 8906
2153 8910
2154 8914
2155 8918
2156 8922
2157 8926
2158 8930
2159 8934
2160 8938
2161 8942
2162 8946
2163 8950
2164 8954
2165 8958
2166 8962
2167 8966
2168 8970
2169 8974
2170 8978
2171 8982
2172 8986
2173 8990
2174 8994
2175 8998
2176 9002
2177 9006
2178 9010
2179 9014
2180 9018
2181 9022
2182 9026
2183 9030
2184 9034
2185 9038
2186 9042
2187 9046
2188 9050
2189 9054
2190 9058
2191 9062
2192 9066
2193 9070
2194 9074
2195 9078
2196 9082
2197 9086
2198 9090
2199 9094
2200 9098
2201 9102
2202 9106
2203 9110
2204 9114
2205 9118
2206 9122
2207 9126
2208 9130
2209 9134
2210 9138
2211 9142
2212 9146
2213 9150
2214 9154
2215 9158
2216 9162
2217 9166
2218 9170
2219 9174
2220 9178
2221 9182
2222 9186
2223 9190
2224 9194
2225 9198
2226 9202
2227 9206
2228 9210
2229 9213
2230 9216
2231 9220
2232 9224
2233 9227
2234 9231
2235 9235
2236 9238
2237 9242
2238 9246
2239 9250
2240 9254
2241 9258
2242 9262
2243 9266
2244 9270
2245 9273
2246 9276
2247 9279
2248 9282
2249 9285
2250 9289
2251 9293
2252 9297
2253 9301
2254 9304
2255 9308
2256 9312
2257 9315
2258 9318
2259 9321
2260 9324
2261 9327
2262 9331
2263 9334
2264 9337
2265 9340
2266 9343
2267 9346
2268 9349
2269 9353
2270 9356
2271 9359
2272 9363
2273 9367
2274 9371
2275 9375
2276 9379
2277 9383
2278 9387
2279 9391
2280 9395
2281 9399
2282 9403
2283 9407
2284 9411
2285 9415
2286 9419
2287 9423
2288 9427
2289 9431
2290 9435
2291 9439
2292 9443
2293 9447
2294 9451
2295 9455
2296 9459
2297 9463
2298 9467
2299 9471
2300 9475
2301 9479
2302 9483
2303 9487
2304 9491
2305 9495
2306 9499
2307 9503
2308 9507
2309 9511
2310 9515
2311 9519
2312 9523
2313 9527
2314 9531
2315 9535
2316 9539
2317 9543
2318 9547
2319 9551
2320 9555
2321 9559
2322 9563
2323 9567
2324 9571
2325 9575
2326 9579
2327 9583
2328 9587
2329 9591
2330 9595
2331 9599
2332 9603
2333 9607
2334 9611
2335 9615
2336 9619
2337 9623
2338 9627
2339 9631
2340 9635
2341 9639
2342 9643
2343 9647
2344 9651
2345 9655
2346 9659
2347 9663
2348 9667
2349 9671
2350 9675
2351 9679
2352 9683
2353 9687
2354 9691
2355 9695
2356 9699
2357 9703
2358 9707
2359 9711
2360 9715
2361 9719
2362 9723
2363 9727
2364 9731
2365 9735
2366 9739
2367 9743
2368 9747
2369 9751
2370 9755
2371 9759
2372 9763
2373 9767
2374 9771
2375 9775
2376 9779
2377 9783
2378 9787
2379 9791
2380 9795
2381 9799
2382 9803
2383 9807
2384 9811
2385 9815
2386 9819
2387 9823
2388 9827
2389 9831
2390 9835
2391 9839
2392 9843
2393 9847
2394 9851
2395 9855
2396 9859
2397 9863
2398 9867
2399 9871
2400 9875
2401 9879
2402 9883
2403 9887
2404 9891
2405 9895
2406 9899
2407 9903
2408 9907
2409 9911
2410 9915
2411 9919
2412 9923
2413 9927
2414 9931
2415 9935
2416 9939
2417 9943
2418 9947
2419 9951
2420 9955
2421 9959
2422 9963
2423 9967
2424 9971
2425 9975
2426 9979
2427 9983
2428 9987
2429 9991
2430 9995
2431 9999
2432 10003
2433 10007
2434 10011
2435 10015
2436 10019
2437 10023
2438 10027
2439 10031
2440 10035
2441 10039
2442 10043
2443 10047
2444 10051
2445 10055
2446 10059
2447 10063
2448 10067
2449 10071
2450 10075
2451 10079
2452 10083
2453 10087
2454 10091
2455 10095
2456 10099
2457 10103
2458 10107
2459 10111
2460 10115
2461 10119
2462 10123
2463 10127
2464 10131
2465 10135
2466 10139
2467 10143
2468 10147
2469 10151
2470 10155
2471 10159
2472 10163
2473 10167
2474 10171
2475 10175
2476 10179
2477 10183
2478 10187
2479 10191
2480 10195
2481 10199
2482 10203
2483 10207
2484 10211
2485 10215
2486 10219
2487 10223
2488 10227
2489 10231
2490 10235
2491 10239
2492 10243
2493 10247
2494 10251
2495 10255
2496 10259
2497 10263
2498 10267
2499 10270
2500 10274
2501 10277
2502 10281
2503 10285
2504 10289
2505 10293
2506 10296
2507 10299
2508 10302
2509 10304
2510 10308
2511 10311
2512 10314
2513 10318
2514 10321
2515 10324
2516 10328
2517 10332
2518 10336
2519 10340
2520 10344
2521 10348
2522 10352
2523 10356
2524 10360
2525 10364
2526 10368
2527 10372
2528 10376
2529 10380
2530 10383
2531 10386
2532 10389
2533 10391
2534 10394
2535 10398
2536 10401
2537 10405
2538 10409
2539 10413
2540 10417
2541 10421
2542 10425
2543 10429
2544 10433
2545 10437
2546 10441
2547 10445
2548 10449
2549 10453
2550 10457
2551 10461
2552 10465
2553 10469
2554 10473
2555 10477
2556 10481
2557 10485
2558 10489
2559 10493
2560 10497
2561 10501
2562 10505
2563 10509
2564 10513
2565 10517
2566 10521
2567 10525
2568 10529
2569 10533
2570 10537
2571 10541
2572 10545
2573 10549
2574 10553
2575 10557
2576 10561
2577 10565
2578 10569
2579 10573
2580 10577
2581 10581
2582 10585
2583 10589
2584 10593
2585 10597
2586 10601
2587 10605
2588 10609
2589 10613
2590 10617
2591 10621
2592 10625
2593 10629
2594 10633
2595 10637
2596 10641
2597 10645
2598 10649
2599 10653
2600 10657
2601 10661
2602 10665
2603 10669
2604 10673
2605 10677
2606 10681
2607 10685
2608 10689
2609 10693
2610 10697
2611 10701
2612 10705
2613 10709
2614 10713
2615 10717
2616 10721
2617 10725
2618 10729
2619 10733
2620 10737
2621 10741
2622 10745
2623 10749
2624 10753
2625 10757
2626 10761
2627 10765
2628 10769
2629 10773
2630 10777
2631 10781
2632 10785
2633 10789
2634 10793
2635 10797
2636 10801
2637 10805
2638 10809
2639 10813
2640 10817
2641 10821
2642 10825
2643 10829
2644 10833
2645 10837
2646 10841
2647 10845
2648 10849
2649 10853
2650 10857
2651 10861
2652 10865
2653 10869
2654 10873
2655 10877
2656 10881
2657 10885
2658 10889
2659 10893
2660 10897
2661 10901
2662 10905
2663 10909
2664 10913
2665 10917
2666 10921
2667 10925
2668 10929
2669 10933
2670 10937
2671 10941
2672 10945
2673 10949
2674 10953
2675 10957
2676 10961
2677 10965
2678 10969
2679 10973
2680 10977
2681 10981
2682 10985
2683 10989
2684 10993
2685 10997
2686 11001
2687 11005
2688 11009
2689 11013
2690 11017
2691 11021
2692 11025
2693 11029
2694 11033
2695 11037
2696 11041
2697 11045
2698 11049
2699 11053
2700 11057
2701 11061
2702 11065
2703 11069
2704 11073
2705 11077
2706 11081
2707 11085
2708 11089
2709 11093
2710 11097
2711 11101
2712 11105
2713 11109
2714 11113
2715 11117
2716 11121
2717 11125
2718 11129
2719 11133
2720 11137
2721 11141
2722 11145
2723 11149
2724 11153
2725 11157
2726 11161
2727 11165
2728 11169
2729 11173
2730 11177
2731 11181
2732 11185
2733 11189
2734 11193
2735 11197
2736 11201
2737 11205
2738 11209
2739 11213
2740 11217
2741 11221
2742 11225
2743 11229
2744 11233
2745 11237
2746 11241
2747 11245
2748 11249
2749 11253
2750 11257
2751 11261
2752 11265
2753 11269
2754 11273
2755 11277
2756 11281
2757 11285
2758 11289
2759 11293
2760 11297
2761 11301
2762 11305
2763 11309
2764 11313
2765 11317
2766 11321
2767 11325
2768 11329
2769 11333
2770 11337
2771 11341
2772 11345
2773 11349
2774 11353
2775 11357
2776 11361
2777 11365
2778 11369
2779 11373
2780 11377
2781 11381
2782 11384
2783 11388
2784 11392
2785 11396
2786 11400
2787 11403
2788 11405
2789 11408
2790 11412
2791 11415
2792 11419
2793 11422
2794 11426
2795 11430
2796 11434
2797 11438
2798 11442
2799 11445
2800 11448
2801 11450
2802 11453
2803 11456
2804 11459
2805 11463
2806 11466
2807 11470
2808 11474
2809 11478
2810 11482
2811 11486
2812 11490
2813 11494
2814 11498
2815 11502
2816 11506
2817 11510
2818 11514
2819 11518
2820 11522
2821 11526
2822 11530
2823 11534
2824 11538
2825 11542
2826 11546
2827 11550
2828 11554
2829 11558
2830 11562
2831 11566
2832 11570
2833 11574
2834 11578
2835 11582
2836 11586
2837 11590
2838 11594
2839 11598
2840 11602
2841 11606
2842 11610
2843 11614
2844 11618
2845 11622
2846 11626
2847 11630
2848 11634
2849 11638
2850 11642
2851 11646
2852 11650
2853 11654
2854 11658
2855 11662
2856 11666
2857 11670
2858 11674
2859 11678
2860 11682
2861 11686
2862 11690
2863 11694
2864 11698
2865 11702
2866 11706
2867 11710
2868 11714
2869 11718
2870 11722
2871 11726
2872 11730
2873 11734
2874 11738
2875 11742
2876 11746
2877 11750
2878 11754
2879 11758
2880 11762
2881 11766
2882 11770
2883 11774
2884 11778
2885 11782
2886 11786
2887 11790
2888 11794
2889 11798
2890 11802
2891 11806
2892 11810
2893 11814
2894 11818
2895 11822
2896 11826
2897 11830
2898 11834
2899 11838
2900 11842
2901 11846
2902 11850
2903 11854
2904 11858
2905 11862
2906 11866
2907 11870
2908 11874
2909 11878
2910 11882
2911 11886
2912 11890
2913 11894
2914 11898
2915 11902
2916 11906
2917 11910
2918 11914
2919 11918
2920 11922
2921 11926
2922 11930
2923 11934
2924 11938
2925 11942
2926 11946
2927 11950
2928 11954
2929 11958
2930 11962
2931 11966
2932 11970
2933 11974
2934 11978
2935 11982
2936 11986
2937 11990
2938 11994
2939 11998
2940 12002
2941 12006
2942 12010
2943 12014
2944 12018
2945 12022
2946 12026
2947 12030
2948 12034
2949 12038
2950 12042
2951 12046
2952 12050
2953 12054
2954 12058
2955 12062
2956 12066
2957 12070
2958 12074
2959 12078
2960 12082
2961 12086
2962 12090
2963 12094
2964 12098
2965 12102
2966 12106
2967 12110
2968 12114
2969 12118
2970 12122
2971 12126
2972 12130
2973 12134
2974 12138
2975 12142
2976 12146
2977 12150
2978 12154
2979 12158
2980 12162
2981 12166
2982 12170
2983 12174
2984 12178
2985 12182
2986 12186
2987 12190
2988 12194
2989 12198
2990 12202
2991 12206
2992 12210
2993 12214
2994 12218
2995 12222
2996 12226
2997 12230
2998 12234
2999 12238
3000 12242
3001 12246
3002 12250
3003 12254
3004 12258
3005 12262
3006 12266
3007 12270
3008 12274
3009 12278
3010 12282
3011 12286
3012 12290
3013 12294
3014 12298
3015 12302
3016 12306
3017 12310
3018 12314
3019 12318
3020 12322
3021 12326
3022 12330
3023 12334
3024 12338
3025 12342
3026 12346
3027 12350
3028 12354
3029 12358
3030 12362
3031 12366
3032 12370
3033 12374
3034 12378
3035 12382
3036 12386
3037 12390
3038 12394
3039 12398
3040 12402
3041 12406
3042 12410
3043 12414
3044 12418
3045 12422
3046 12426
3047 12430
3048 12434
3049 12438
3050 12442
3051 12446
3052 12450
3053 12454
3054 12458
3055 12462
3056 12466
3057 12470
3058 12474
3059 12478
3060 12482
3061 12486
3062 12490
3063 12494
3064 12498
3065 12502
3066 12506
3067 12510
3068 12514
3069 12518
3070 12522
3071 12526
3072 12530
3073 12534
3074 12538
3075 12542
3076 12546
3077 12550
3078 12554
3079 12558
3080 12562
3081 12566
3082 12570
3083 12574
3084 12578
3085 12582
3086 12586
3087 12590
3088 12594
3089 12598
3090 12602
3091 12606
3092 12610
3093 12614
3094 12618
3095 12622
3096 12626
3097 12630
3098 12634
3099 12638
3100 12642
3101 12646
3102 12650
3103 12654
3104 12658
3105 12662
3106 12666
3107 12670
3108 12674
3109 12678
3110 12682
3111 12686
3112 12690
3113 12694
3114 12698
3115 12702
3116 12706
3117 12710
3118 12714
3119 12718
3120 12722
3121 12726
3122 12730
3123 12734
3124 12738
3125 12742
3126 12746
3127 12750
3128 12754
3129 12758
3130 12762
3131 12766
3132 12770
3133 12774
3134 12778
3135 12782
3136 12786
3137 12790
3138 12794
3139 12798
3140 12802
3141 12806
3142 12810
3143 12814
3144 12818
3145 12822
3146 12826
3147 12830
3148 12834
3149 12838
3150 12842
3151 12846
3152 12850
3153 12854
