110 0
111 3
112 7
113 11
114 15
115 19
116 23
117 27
118 31
119 35
120 39
121 43
122 47
123 51
124 55
125 59
126 63
127 67
128 71
129 75
130 79
131 83
132 87
133 91
134 95
135 99
136 103
137 107
138 111
139 115
140 119
141 123
142 127
143 131
144 135
145 139
146 143
147 147
148 151
149 155
150 159
151 163
152 167
153 171
154 175
155 179
156 183
157 187
158 191
159 195
160 199
161 203
162 207
163 211
164 215
165 219
166 223
167 227
168 231
169 235
170 239
171 243
172 247
173 251
174 255
175 259
176 263
177 267
178 271
179 275
180 279
181 283
182 287
183 291
184 295
185 299
186 303
187 307
188 311
189 315
190 319
191 323
192 327
193 331
194 335
195 339
196 343
197 347
198 351
199 355
200 359
201 363
202 367
203 371
204 375
205 379
206 383
207 387
208 391
209 395
210 399
211 402
212 405
213 408
214 411
215 414
216 418
217 422
218 426
219 430
220 434
221 438
222 442
223 446
224 450
225 454
226 458
227 462
228 466
229 470
230 474
231 478
232 482
233 486
234 490
235 494
236 498
237 502
238 506
239 510
240 514
241 518
242 522
243 526
244 530
245 534
246 538
247 542
248 546
249 548
250 552
251 555
252 558
253 561
254 563
255 566
256 568
257 572
258 576
259 580
260 584
261 588
262 592
263 596
264 600
265 604
266 608
267 612
268 616
269 620
270 624
271 628
272 632
273 636
274 640
275 644
276 648
277 652
278 656
279 660
280 664
281 668
282 672
283 676
284 680
285 684
286 688
287 692
288 696
289 700
290 704
291 708
292 712
293 716
294 720
295 724
296 728
297 732
298 735
299 738
300 742
301 745
302 747
303 751
304 754
305 757
306 760
307 763
308 767
309 771
310 775
311 779
312 783
313 787
314 791
315 794
316 798
317 802
318 806
319 810
320 814
321 818
322 822
323 826
324 830
325 834
326 838
327 842
328 846
329 850
330 854
331 858
332 862
333 865
334 869
335 873
336 877
337 881
338 885
339 889
340 893
341 897
342 901
343 905
344 909
345 913
346 917
347 921
348 925
349 929
350 933
351 937
352 941
353 945
354 949
355 953
356 957
357 961
358 965
359 969
360 973
361 977
362 981
363 985
364 989
365 993
366 997
367 1001
368 1005
369 1008
370 1012
371 1016
372 1020
373 1024
374 1028
375 1032
376 1036
377 1040
378 1044
379 1048
380 1052
381 1056
382 1060
383 1064
384 1068
385 1072
386 1076
387 1079
388 1083
389 1087
390 1091
391 1095
392 1099
393 1103
394 1107
395 1111
396 1115
397 1119
398 1123
399 1127
400 1131
401 1135
402 1139
403 1143
404 1147
405 1151
406 1155
407 1159
408 1163
409 1167
410 1171
411 1175
412 1179
413 1183
414 1187
415 1191
416 1195
417 1199
418 1203
419 1207
420 1211
421 1215
422 1218
423 1222
424 1226
425 1230
426 1234
427 1238
428 1242
429 1246
430 1250
431 1254
432 1257
433 1261
434 1265
435 1269
436 1273
437 1277
438 1281
439 1285
440 1289
441 1293
442 1297
443 1301
444 1305
445 1309
446 1311
447 1314
448 1317
449 1321
450 1324
451 1326
452 1328
453 1331
454 1334
455 1337
456 1340
457 1342
458 1346
459 1350
460 1354
461 1358
462 1362
463 1365
464 1368
465 1372
466 1376
467 1380
468 1384
469 1388
470 1392
471 1396
472 1400
473 1404
474 1408
475 1412
476 1416
477 1420
478 1424
479 1428
480 1432
481 1436
482 1440
483 1444
484 1448
485 1452
486 1456
487 1460
488 1464
489 1468
490 1472
491 1476
492 1480
493 1484
494 1488
495 1491
496 1495
497 1499
498 1503
499 1507
500 1511
501 1515
502 1519
503 1523
504 1527
505 1531
506 1535
507 1539
508 1543
509 1547
510 1551
511 1555
512 1559
513 1563
514 1567
515 1571
516 1575
517 1579
518 1583
519 1587
520 1591
521 1595
522 1599
523 1603
524 1607
525 1611
526 1615
527 1619
528 1623
529 1627
530 1631
531 1635
532 1639
533 1643
534 1647
535 1651
536 1655
537 1659
538 1663
539 1667
540 1671
541 1675
542 1679
543 1683
544 1687
545 1691
546 1695
547 1699
548 1703
549 1707
550 1711
551 1715
552 1719
553 1723
554 1727
555 1731
556 1735
557 1739
558 1743
559 1747
560 1751
561 1755
562 1759
563 1763
564 1766
565 1769
566 1773
567 1777
568 1781
569 1785
570 1789
571 1793
572 1797
573 1801
574 1805
575 1809
576 1813
577 1817
578 1821
579 1825
580 1829
581 1833
582 1837
583 1841
584 1845
585 1849
586 1853
587 1857
588 1861
589 1865
590 1869
591 1873
592 1877
593 1881
594 1885
595 1889
596 1893
597 1897
598 1901
599 1905
600 1909
601 1913
602 1917
603 1920
604 1923
605 1927
606 1930
607 1934
608 1938
609 1940
610 1943
611 1946
612 1949
613 1952
614 1954
615 1956
616 1958
617 1961
618 1963
619 1966
620 1969
621 1972
622 1976
623 1980
624 1984
625 1988
626 1992
627 1996
628 2000
629 2004
630 2008
631 2012
632 2016
633 2020
634 2024
635 2028
636 2032
637 2036
638 2040
639 2044
640 2048
641 2052
642 2056
643 2060
644 2064
645 2068
646 2072
647 2076
648 2080
649 2084
650 2088
651 2092
652 2096
653 2100
654 2104
655 2108
656 2111
657 2115
658 2120
659 2124
660 2128
661 2132
662 2136
663 2140
664 2144
665 2147
666 2151
667 2155
668 2159
669 2164
670 2168
671 2172
672 2176
673 2180
674 2183
675 2187
676 2191
677 2195
678 2199
679 2204
680 2208
681 2212
682 2216
683 2219
684 2223
685 2227
686 2231
687 2235
688 2239
689 2243
690 2248
691 2252
692 2255
693 2259
694 2263
695 2267
696 2271
697 2275
698 2279
699 2283
700 2287
701 2291
702 2295
703 2299
704 2303
705 2307
706 2311
707 2315
708 2319
709 2323
710 2327
711 2331
712 2335
713 2339
714 2343
715 2347
716 2351
717 2355
718 2359
719 2363
720 2367
721 2371
722 2375
723 2379
724 2383
725 2387
726 2391
727 2395
728 2399
729 2403
730 2407
731 2411
732 2415
733 2419
734 2423
735 2427
736 2431
737 2435
738 2439
739 2443
740 2447
741 2451
742 2455
743 2459
744 2463
745 2467
746 2471
747 2475
748 2479
749 2483
750 2487
751 2491
752 2495
753 2499
754 2503
755 2507
756 2511
757 2515
758 2519
759 2523
760 2527
761 2531
762 2535
763 2539
764 2543
765 2547
766 2551
767 2555
768 2559
769 2563
770 2567
771 2571
772 2575
773 2579
774 2583
775 2587
776 2591
777 2595
778 2599
779 2603
780 2607
781 2611
782 2615
783 2619
784 2623
785 2627
786 2631
787 2635
788 2639
789 2643
790 2647
791 2651
792 2655
793 2659
794 2663
795 2667
796 2671
797 2675
798 2679
799 2683
800 2687
801 2691
802 2695
803 2699
804 2703
805 2707
806 2711
807 2715
808 2719
809 2723
810 2727
811 2731
812 2735
813 2739
814 2743
815 2747
816 2751
817 2755
818 2759
819 2763
820 2767
821 2771
822 2775
823 2779
824 2783
825 2787
826 2791
827 2795
828 2799
829 2803
830 2807
831 2811
832 2815
833 2819
834 2823
835 2827
836 2831
837 2835
838 2839
839 2843
840 2847
841 2851
842 2855
843 2859
844 2863
845 2867
846 2871
847 2875
848 2879
849 2883
850 2887
851 2891
852 2895
853 2899
854 2903
855 2907
856 2911
857 2915
858 2919
859 2923
860 2927
861 2931
862 2935
863 2939
864 2943
865 2947
866 2951
867 2955
868 2959
869 2963
870 2967
871 2971
872 2975
873 2979
874 2983
875 2987
876 2991
877 2995
878 2999
879 3003
880 3007
881 3011
882 3015
883 3019
884 3023
885 3027
886 3031
887 3035
888 3039
889 3043
890 3047
891 3051
892 3055
893 3059
894 3063
895 3067
896 3071
897 3075
898 3079
899 3083
900 3087
901 3091
902 3095
903 3099
904 3103
905 3107
906 3111
907 3115
908 3119
909 3123
910 3127
911 3131
912 3135
913 3139
914 3143
915 3147
916 3151
917 3155
918 3159
919 3163
920 3167
921 3171
922 3175
923 3179
924 3183
925 3187
926 3191
927 3195
928 3199
929 3203
930 3207
931 3211
932 3215
933 3219
934 3223
935 3227
936 3231
937 3235
938 3239
939 3243
940 3247
941 3251
942 3255
943 3259
944 3263
945 3267
946 3271
947 3275
948 3279
949 3283
950 3287
951 3291
952 3295
953 3299
954 3303
955 3307
956 3311
957 3315
958 3319
959 3323
960 3327
961 3331
962 3335
963 3339
964 3343
965 3347
966 3351
967 3355
968 3359
969 3363
970 3367
971 3371
972 3375
973 3379
974 3383
975 3387
976 3391
977 3395
978 3399
979 3403
980 3407
981 3411
982 3415
983 3419
984 3423
985 3427
986 3431
987 3435
988 3439
989 3443
990 3447
991 3451
992 3455
993 3459
994 3463
995 3467
996 3471
997 3475
998 3479
999 3483
1000 3487
1001 3491
1002 3495
1003 3499
1004 3503
1005 3507
1006 3511
1007 3515
1008 3519
1009 3523
1010 3527
1011 3531
1012 3535
1013 3539
1014 3543
1015 3547
1016 3551
1017 3555
1018 3559
1019 3563
1020 3567
1021 3571
1022 3575
1023 3579
1024 3583
1025 3587
1026 3591
1027 3595
1028 3599
1029 3603
1030 3607
1031 3611
1032 3615
1033 3619
1034 3623
1035 3627
1036 3631
1037 3635
1038 3639
1039 3643
1040 3647
1041 3651
1042 3655
1043 3659
1044 3663
1045 3667
1046 3671
1047 3675
1048 3679
1049 3683
1050 3687
1051 3691
1052 3695
1053 3699
1054 3703
1055 3707
1056 3711
1057 3715
1058 3719
1059 3723
1060 3727
1061 3731
1062 3735
1063 3739
1064 3743
1065 3747
1066 3751
1067 3755
1068 3759
1069 3763
1070 3767
1071 3771
1072 3775
1073 3779
1074 3783
1075 3787
1076 3791
1077 3795
1078 3799
1079 3803
1080 3807
1081 3811
1082 3815
1083 3819
1084 3823
1085 3827
1086 3831
1087 3835
1088 3839
1089 3843
1090 3847
1091 3851
1092 3855
1093 3859
1094 3863
1095 3867
1096 3871
1097 3875
1098 3879
1099 3883
1100 3887
1101 3891
1102 3895
1103 3899
1104 3903
1105 3907
1106 3911
1107 3915
1108 3919
1109 3923
1110 3927
1111 3931
1112 3935
1113 3939
1114 3943
1115 3947
1116 3951
1117 3955
1118 3959
1119 3963
1120 3967
1121 3971
1122 3975
1123 3979
1124 3983
1125 3987
1126 3991
1127 3995
1128 3999
1129 4003
1130 4007
1131 4010
1132 4013
1133 4016
1134 4020
1135 4024
1136 4028
1137 4032
1138 4034
1139 4037
1140 4040
1141 4043
1142 4046
1143 4048
1144 4051
1145 4055
1146 4059
1147 4063
1148 4067
1149 4071
1150 4075
1151 4079
1152 4083
1153 4087
1154 4091
1155 4095
1156 4099
1157 4103
1158 4107
1159 4111
1160 4115
1161 4119
1162 4123
1163 4127
1164 4131
1165 4135
1166 4139
1167 4143
1168 4147
1169 4151
1170 4155
1171 4159
1172 4163
1173 4167
1174 4171
1175 4175
1176 4179
1177 4183
1178 4187
1179 4191
1180 4195
1181 4199
1182 4203
1183 4207
1184 4211
1185 4215
1186 4219
1187 4223
1188 4227
1189 4231
1190 4235
1191 4239
1192 4243
1193 4247
1194 4251
1195 4255
1196 4259
1197 4263
1198 4267
1199 4271
1200 4275
1201 4279
1202 4283
1203 4287
1204 4291
1205 4295
1206 4299
1207 4303
1208 4307
1209 4311
1210 4315
1211 4319
1212 4323
1213 4327
1214 4331
1215 4335
1216 4339
1217 4343
1218 4347
1219 4351
1220 4355
1221 4359
1222 4363
1223 4367
1224 4371
1225 4375
1226 4379
1227 4383
1228 4387
1229 4391
1230 4395
1231 4399
1232 4403
1233 4407
1234 4411
1235 4415
1236 4419
1237 4423
1238 4427
1239 4431
1240 4435
1241 4439
1242 4443
1243 4447
1244 4451
1245 4455
1246 4459
1247 4463
1248 4467
1249 4471
1250 4475
1251 4479
1252 4483
1253 4486
1254 4488
1255 4491
1256 4494
1257 4496
1258 4498
1259 4502
1260 4506
1261 4510
1262 4512
1263 4516
1264 4520
1265 4524
1266 4528
1267 4532
1268 4536
1269 4540
1270 4544
1271 4548
1272 4552
1273 4556
1274 4560
1275 4564
1276 4568
1277 4572
1278 4576
1279 4580
1280 4584
1281 4588
1282 4592
1283 4596
1284 4600
1285 4603
1286 4606
1287 4609
1288 4612
1289 4614
1290 4618
1291 4621
1292 4625
1293 4629
1294 4633
1295 4637
1296 4641
1297 4645
1298 4649
1299 4653
1300 4657
1301 4661
1302 4665
1303 4669
1304 4673
1305 4677
1306 4681
1307 4685
1308 4689
1309 4693
1310 4697
1311 4701
1312 4705
1313 4709
1314 4713
1315 4717
1316 4721
1317 4725
1318 4729
1319 4733
1320 4737
1321 4741
1322 4745
1323 4749
1324 4753
1325 4757
1326 4761
1327 4765
1328 4769
1329 4773
1330 4777
1331 4781
1332 4785
1333 4789
1334 4793
1335 4797
1336 4801
1337 4805
1338 4809
1339 4812
1340 4816
1341 4820
1342 4824
1343 4828
1344 4832
1345 4836
1346 4840
1347 4844
1348 4848
1349 4852
1350 4856
1351 4860
1352 4864
1353 4868
1354 4872
1355 4876
1356 4880
1357 4884
1358 4888
1359 4892
1360 4896
1361 4900
1362 4904
1363 4908
1364 4912
1365 4916
1366 4920
1367 4924
1368 4928
1369 4932
1370 4936
1371 4940
1372 4944
1373 4948
1374 4952
1375 4956
1376 4960
1377 4964
1378 4968
1379 4972
1380 4976
1381 4980
1382 4984
1383 4988
1384 4992
1385 4996
1386 5000
1387 5004
1388 5008
1389 5012
1390 5016
1391 5020
1392 5024
1393 5028
1394 5032
1395 5036
1396 5040
1397 5044
1398 5048
1399 5052
1400 5056
1401 5060
1402 5064
1403 5068
1404 5072
1405 5076
1406 5080
1407 5084
1408 5088
1409 5092
1410 5096
1411 5100
1412 5104
1413 5108
1414 5112
1415 5116
1416 5120
1417 5124
1418 5128
1419 5132
1420 5136
1421 5140
1422 5144
1423 5148
1424 5152
1425 5156
1426 5160
1427 5164
1428 5168
1429 5172
1430 5176
1431 5180
1432 5184
1433 5188
1434 5192
1435 5196
1436 5200
1437 5204
1438 5208
1439 5212
1440 5216
1441 5220
1442 5224
1443 5228
1444 5232
1445 5236
1446 5240
1447 5244
1448 5248
1449 5252
1450 5256
1451 5260
1452 5264
1453 5268
1454 5272
1455 5276
1456 5280
1457 5284
1458 5288
1459 5292
1460 5296
1461 5300
1462 5304
1463 5308
1464 5312
1465 5316
1466 5320
1467 5324
1468 5328
1469 5332
1470 5336
1471 5340
1472 5344
1473 5348
1474 5352
1475 5356
1476 5360
1477 5364
1478 5367
1479 5371
1480 5375
1481 5379
1482 5383
1483 5387
1484 5391
1485 5395
1486 5399
1487 5403
1488 5407
1489 5411
1490 5414
1491 5418
1492 5422
1493 5426
1494 5430
1495 5434
1496 5437
1497 5441
1498 5445
1499 5449
1500 5453
1501 5457
1502 5461
1503 5465
1504 5468
1505 5472
1506 5475
1507 5478
1508 5482
1509 5485
1510 5489
1511 5493
1512 5497
1513 5501
1514 5505
1515 5509
1516 5513
1517 5517
1518 5521
1519 5525
1520 5529
1521 5533
1522 5537
1523 5541
1524 5545
1525 5549
1526 5553
1527 5557
1528 5561
1529 5565
1530 5569
1531 5573
1532 5577
1533 5581
1534 5585
1535 5589
1536 5593
1537 5597
1538 5601
1539 5605
1540 5609
1541 5613
1542 5617
1543 5621
1544 5625
1545 5629
1546 5633
1547 5637
1548 5641
1549 5645
1550 5649
1551 5653
1552 5657
1553 5660
1554 5664
1555 5668
1556 5672
1557 5676
1558 5680
1559 5684
1560 5688
1561 5692
1562 5696
1563 5700
1564 5704
1565 5708
1566 5712
1567 5716
1568 5720
1569 5724
1570 5728
1571 5731
1572 5735
1573 5739
1574 5743
1575 5747
1576 5750
1577 5754
1578 5758
1579 5762
1580 5766
1581 5770
1582 5774
1583 5778
1584 5782
1585 5786
1586 5790
1587 5794
1588 5798
1589 5802
1590 5806
1591 5810
1592 5814
1593 5818
1594 5822
1595 5826
1596 5830
1597 5834
1598 5838
1599 5842
1600 5846
1601 5850
1602 5854
1603 5858
1604 5862
1605 5866
1606 5870
1607 5874
1608 5878
1609 5882
1610 5886
1611 5890
1612 5894
1613 5898
1614 5902
1615 5906
1616 5910
1617 5914
1618 5918
1619 5922
1620 5926
1621 5930
1622 5934
1623 5938
1624 5942
1625 5946
1626 5950
1627 5954
1628 5958
1629 5962
1630 5966
1631 5970
1632 5974
1633 5978
1634 5982
1635 5986
1636 5990
1637 5994
1638 5998
1639 6002
1640 6006
1641 6010
1642 6014
1643 6018
1644 6022
1645 6026
1646 6029
1647 6032
1648 6036
1649 6040
1650 6044
1651 6047
1652 6048
1653 6049
1654 6053
1655 6056
1656 6059
1657 6063
1658 6067
1659 6071
1660 6074
1661 6077
1662 6080
1663 6084
1664 6088
1665 6091
1666 6095
1667 6099
1668 6103
1669 6107
1670 6111
1671 6115
1672 6118
1673 6122
1674 6126
1675 6130
1676 6134
1677 6138
1678 6142
1679 6146
1680 6150
1681 6154
1682 6158
1683 6162
1684 6166
1685 6170
1686 6174
1687 6178
1688 6182
1689 6186
1690 6190
1691 6194
1692 6198
1693 6202
1694 6206
1695 6210
1696 6214
1697 6218
1698 6222
1699 6226
1700 6230
1701 6234
1702 6238
1703 6242
1704 6246
1705 6250
1706 6254
1707 6258
1708 6262
1709 6266
1710 6270
1711 6274
1712 6278
1713 6282
1714 6286
1715 6290
1716 6294
1717 6298
1718 6302
1719 6306
1720 6310
1721 6314
1722 6318
1723 6322
1724 6326
1725 6330
1726 6334
1727 6338
1728 6342
1729 6346
1730 6350
1731 6354
1732 6358
1733 6362
1734 6366
1735 6370
1736 6374
1737 6378
1738 6382
1739 6386
1740 6390
1741 6394
1742 6398
1743 6402
1744 6406
1745 6410
1746 6414
1747 6418
1748 6422
1749 6426
1750 6430
1751 6434
1752 6438
1753 6442
1754 6446
1755 6450
1756 6454
1757 6458
1758 6462
1759 6466
1760 6470
1761 6474
1762 6478
1763 6482
1764 6486
1765 6490
1766 6494
1767 6498
1768 6502
1769 6506
1770 6510
1771 6514
1772 6518
1773 6522
1774 6526
1775 6530
1776 6534
1777 6538
1778 6542
1779 6546
1780 6550
1781 6554
1782 6558
1783 6562
1784 6566
1785 6570
1786 6574
1787 6578
1788 6582
1789 6586
1790 6590
1791 6594
1792 6598
1793 6602
1794 6606
1795 6610
1796 6614
1797 6618
1798 6622
1799 6626
1800 6630
1801 6634
1802 6638
1803 6642
1804 6646
1805 6650
1806 6654
1807 6658
1808 6662
1809 6666
1810 6670
1811 6674
1812 6678
1813 6682
1814 6686
1815 6690
1816 6694
1817 6698
1818 6702
1819 6706
1820 6710
1821 6714
1822 6718
1823 6722
1824 6726
1825 6730
1826 6734
1827 6738
1828 6742
1829 6746
1830 6750
1831 6754
1832 6758
1833 6762
1834 6766
1835 6770
1836 6774
1837 6778
1838 6782
1839 6786
1840 6790
1841 6794
1842 6798
1843 6802
1844 6806
1845 6810
1846 6814
1847 6818
1848 6822
1849 6826
1850 6830
1851 6834
1852 6838
1853 6842
1854 6846
1855 6850
1856 6854
1857 6858
1858 6862
1859 6866
1860 6870
1861 6874
1862 6878
1863 6882
1864 6886
1865 6890
1866 6894
1867 6898
1868 6902
1869 6906
1870 6910
1871 6914
1872 6918
1873 6922
1874 6926
1875 6930
1876 6934
1877 6938
1878 6942
1879 6946
1880 6950
1881 6954
1882 6958
1883 6962
1884 6966
1885 6970
1886 6974
1887 6978
1888 6982
1889 6986
1890 6990
1891 6994
1892 6998
1893 7002
1894 7006
1895 7010
1896 7014
1897 7018
1898 7022
1899 7026
1900 7030
1901 7034
1902 7038
1903 7042
1904 7046
1905 7050
1906 7054
1907 7058
1908 7062
1909 7066
1910 7070
1911 7074
1912 7078
1913 7082
1914 7086
1915 7090
1916 7094
1917 7098
1918 7102
1919 7106
1920 7110
1921 7114
1922 7118
1923 7122
1924 7126
1925 7130
1926 7134
1927 7138
1928 7142
1929 7146
1930 7150
1931 7154
1932 7158
1933 7162
1934 7166
1935 7170
1936 7174
1937 7178
1938 7182
1939 7186
1940 7190
1941 7194
1942 7197
1943 7200
1944 7204
1945 7208
1946 7212
1947 7216
1948 7220
1949 7224
1950 7228
1951 7231
1952 7235
1953 7237
1954 7240
1955 7243
1956 7246
1957 7249
1958 7252
1959 7253
1974 7254
1976 7255
1982 7256
1984 7257
1985 7258
1987 7259
1988 7260
1989 7261
1990 7262
1991 7264
1992 7265
1994 7266
1999 7267
2000 7270
2001 7272
2002 7273
2003 7275
2004 7277
2005 7279
2006 7280
2007 7281
2008 7283
2009 7285
2010 7288
2011 7292
2012 7295
2013 7299
2014 7303
2015 7306
2016 7309
2017 7313
2018 7317
2019 7321
2020 7325
2021 7329
2022 7332
2023 7334
2024 7337
2025 7340
2026 7343
2027 7347
2028 7351
2029 7354
2030 7357
2031 7361
2032 7365
2033 7368
2034 7372
2035 7376
2036 7380
2037 7384
2038 7387
2039 7391
2040 7395
2041 7399
2042 7403
2043 7407
2044 7411
2045 7415
2046 7419
2047 7423
2048 7427
2049 7431
2050 7435
2051 7439
2052 7443
2053 7447
2054 7450
2055 7454
2056 7458
2057 7462
2058 7466
2059 7470
2060 7474
2061 7478
2062 7482
2063 7486
2064 7490
2065 7494
2066 7498
2067 7502
2068 7506
2069 7509
2070 7513
2071 7517
2072 7521
2073 7525
2074 7528
2075 7532
2076 7536
2077 7540
2078 7544
2079 7548
2080 7552
2081 7556
2082 7560
2083 7564
2084 7568
2085 7572
2086 7576
2087 7580
2088 7584
2089 7588
2090 7592
2091 7596
2092 7600
2093 7604
2094 7608
2095 7612
2096 7616
2097 7620
2098 7624
2099 7628
2100 7632
2101 7636
2102 7640
2103 7644
2104 7648
2105 7652
2106 7656
2107 7660
2108 7664
2109 7668
2110 7672
2111 7676
2112 7680
2113 7684
2114 7688
2115 7692
2116 7696
2117 7700
2118 7704
2119 7708
2120 7712
2121 7716
2122 7720
2123 7724
2124 7728
2125 7732
2126 7736
2127 7740
2128 7744
2129 7748
2130 7752
2131 7756
2132 7760
2133 7764
2134 7768
2135 7772
2136 7776
2137 7779
2138 7783
2139 7787
2140 7791
2141 7795
2142 7799
2143 7803
2144 7807
2145 7811
2146 7815
2147 7819
2148 7823
2149 7827
2150 7831
2151 7835
2152 7839
2153 7843
2154 7847
2155 7851
2156 7855
2157 7859
2158 7863
2159 7867
2160 7871
2161 7875
2162 7879
2163 7883
2164 7887
2165 7891
2166 7895
2167 7899
2168 7903
2169 7907
2170 7911
2171 7915
2172 7919
2173 7923
2174 7927
2175 7931
2176 7935
2177 7939
2178 7943
2179 7947
2180 7951
2181 7955
2182 7959
2183 7963
2184 7967
2185 7970
2186 7974
2187 7978
2188 7982
2189 7986
2190 7990
2191 7994
2192 7998
2193 8002
2194 8006
2195 8010
2196 8014
2197 8018
2198 8022
2199 8026
2200 8030
2201 8034
2202 8038
2203 8042
2204 8046
2205 8050
2206 8054
2207 8058
2208 8062
2209 8066
2210 8070
2211 8074
2212 8078
2213 8082
2214 8085
2215 8088
2216 8092
2217 8096
2218 8100
2219 8104
2220 8108
2221 8112
2222 8116
2223 8120
2224 8124
2225 8128
2226 8132
2227 8136
2228 8140
2229 8144
2230 8148
2231 8152
2232 8156
2233 8160
2234 8164
2235 8168
2236 8172
2237 8176
2238 8180
2239 8184
2240 8188
2241 8192
2242 8195
2243 8199
2244 8203
2245 8207
2246 8211
2247 8215
2248 8219
2249 8223
2250 8227
2251 8231
2252 8235
2253 8239
2254 8243
2255 8247
2256 8251
2257 8255
2258 8259
2259 8263
2260 8267
2261 8271
2262 8275
2263 8279
2264 8283
2265 8287
2266 8291
2267 8295
2268 8299
2269 8303
2270 8307
2271 8311
2272 8315
2273 8319
2274 8323
2275 8327
2276 8331
2277 8335
2278 8339
2279 8343
2280 8347
2281 8351
2282 8355
2283 8359
2284 8363
2285 8367
2286 8371
2287 8375
2288 8379
2289 8383
2290 8387
2291 8391
2292 8395
2293 8399
2294 8403
2295 8407
2296 8411
2297 8415
2298 8419
2299 8423
2300 8427
2301 8431
2302 8435
2303 8439
2304 8443
2305 8447
2306 8451
2307 8455
2308 8459
2309 8463
2310 8467
2311 8471
2312 8475
2313 8479
2314 8483
2315 8487
2316 8491
2317 8495
2318 8499
2319 8503
2320 8507
2321 8511
2322 8515
2323 8519
2324 8523
2325 8527
2326 8531
2327 8535
2328 8539
2329 8543
2330 8547
2331 8551
2332 8555
2333 8559
2334 8563
2335 8567
2336 8571
2337 8575
2338 8579
2339 8583
2340 8587
2341 8591
2342 8595
2343 8599
2344 8603
2345 8607
2346 8611
2347 8615
2348 8619
2349 8623
2350 8627
2351 8631
2352 8635
2353 8639
2354 8643
2355 8647
2356 8651
2357 8655
2358 8659
2359 8663
2360 8667
2361 8671
2362 8674
2363 8676
2364 8679
2365 8681
2366 8684
2367 8688
2368 8692
2369 8696
2370 8699
2371 8703
2372 8707
2373 8710
2374 8714
2375 8718
2376 8720
2377 8724
2378 8728
2379 8732
2380 8736
2381 8740
2382 8744
2383 8748
2384 8752
2385 8756
2386 8760
2387 8764
2388 8768
2389 8772
2390 8776
2391 8780
2392 8784
2393 8788
2394 8792
2395 8796
2396 8800
2397 8804
2398 8808
2399 8812
2400 8816
2401 8820
2402 8824
2403 8828
2404 8832
2405 8836
2406 8840
2407 8844
2408 8848
2409 8851
2410 8854
2411 8856
2412 8859
2413 8863
2414 8867
2415 8871
2416 8875
2417 8879
2418 8883
2419 8887
2420 8891
2421 8895
2422 8899
2423 8903
2424 8907
2425 8911
2426 8915
2427 8919
2428 8923
2429 8927
2430 8931
2431 8935
2432 8939
2433 8943
2434 8947
2435 8951
2436 8955
2437 8959
2438 8963
2439 8967
2440 8971
2441 8975
2442 8979
2443 8983
2444 8987
2445 8991
2446 8995
2447 8999
2448 9003
2449 9007
2450 9011
2451 9015
2452 9019
2453 9023
2454 9027
2455 9031
2456 9035
2457 9039
2458 9043
2459 9046
2460 9049
2461 9053
2462 9057
2463 9061
2464 9064
2465 9068
2466 9072
2467 9075
2468 9079
2469 9083
2470 9087
2471 9091
2472 9095
2473 9099
2474 9103
2475 9107
2476 9111
2477 9115
2478 9118
2479 9122
2480 9126
2481 9128
2482 9130
2483 9134
2484 9137
2485 9141
2486 9145
2487 9148
2488 9152
2489 9156
2490 9160
2491 9164
2492 9168
2493 9172
2494 9176
2495 9180
2496 9184
2497 9188
2498 9192
2499 9196
2500 9200
2501 9204
2502 9208
2503 9212
2504 9216
2505 9220
2506 9224
2507 9228
2508 9232
2509 9236
2510 9240
2511 9244
2512 9248
2513 9252
2514 9256
2515 9260
2516 9264
2517 9268
2518 9272
2519 9276
2520 9280
2521 9284
2522 9286
2523 9287
2524 9289
2525 9291
2526 9294
2527 9298
2528 9302
2529 9306
2530 9310
2531 9314
2532 9318
2533 9322
2534 9326
2535 9330
2536 9334
2537 9338
2538 9342
2539 9346
2540 9350
2541 9354
2542 9358
2543 9362
2544 9366
2545 9370
2546 9374
2547 9378
2548 9382
2549 9386
2550 9390
2551 9394
2552 9397
2553 9401
2554 9405
2555 9409
2556 9413
2557 9417
2558 9421
2559 9425
2560 9429
2561 9433
2562 9437
2563 9441
2564 9445
2565 9449
2566 9453
2567 9457
2568 9461
2569 9465
2570 9469
2571 9473
2572 9477
2573 9481
2574 9485
2575 9489
2576 9493
2577 9497
2578 9501
2579 9505
2580 9509
2581 9513
2582 9517
2583 9521
2584 9525
2585 9529
2586 9533
2587 9537
2588 9541
2589 9545
2590 9549
2591 9553
2592 9557
2593 9561
2594 9565
2595 9567
2596 9569
2597 9572
2598 9573
2599 9574
2600 9577
2601 9581
2602 9584
2603 9587
2604 9590
2605 9594
2606 9598
2607 9601
2608 9604
2609 9608
2610 9612
2611 9616
2612 9620
2613 9624
2614 9628
2615 9632
2616 9636
2617 9640
2618 9644
2619 9648
2620 9652
2621 9656
2622 9660
2623 9664
2624 9668
2625 9672
2626 9676
2627 9680
2628 9684
2629 9688
2630 9692
2631 9696
2632 9700
2633 9704
2634 9708
2635 9712
2636 9716
2637 9720
2638 9724
2639 9728
2640 9732
2641 9736
2642 9740
2643 9744
2644 9748
2645 9752
2646 9756
2647 9760
2648 9764
2649 9768
2650 9772
2651 9776
2652 9780
2653 9784
2654 9788
2655 9792
2656 9794
2657 9798
2658 9802
2659 9806
2660 9810
2661 9814
2662 9818
2663 9822
2664 9826
2665 9830
2666 9834
2667 9838
2668 9842
2669 9846
2670 9850
2671 9854
2672 9858
2673 9862
2674 9866
2675 9870
2676 9874
2677 9878
2678 9882
2679 9886
2680 9890
2681 9894
2682 9898
2683 9902
2684 9906
2685 9910
2686 9914
2687 9918
2688 9922
2689 9926
2690 9930
2691 9934
2692 9938
2693 9942
2694 9946
2695 9950
2696 9954
2697 9958
2698 9962
2699 9966
2700 9970
2701 9974
2702 9978
2703 9982
2704 9986
2705 9990
2706 9994
2707 9998
2708 10002
2709 10006
2710 10010
2711 10014
2712 10018
2713 10022
2714 10026
2715 10030
2716 10034
2717 10038
2718 10042
2719 10046
2720 10050
2721 10054
2722 10058
2723 10062
2724 10066
2725 10070
2726 10074
2727 10078
2728 10082
2729 10086
2730 10090
2731 10094
2732 10098
2733 10102
2734 10106
2735 10110
2736 10114
2737 10118
2738 10122
2739 10126
2740 10130
2741 10134
2742 10138
2743 10142
2744 10146
2745 10150
2746 10154
2747 10158
2748 10162
2749 10166
2750 10170
2751 10174
2752 10178
2753 10182
2754 10186
2755 10190
2756 10194
2757 10198
2758 10202
2759 10206
2760 10210
2761 10214
2762 10218
2763 10222
2764 10226
2765 10230
2766 10234
2767 10238
2768 10242
2769 10246
2770 10250
2771 10254
2772 10258
2773 10262
2774 10266
2775 10270
2776 10274
2777 10278
2778 10282
2779 10286
2780 10290
2781 10294
2782 10298
2783 10302
2784 10306
2785 10310
2786 10314
2787 10318
2788 10322
2789 10326
2790 10330
2791 10334
2792 10338
2793 10342
2794 10346
2795 10350
2796 10354
2797 10358
2798 10362
2799 10366
2800 10370
2801 10374
2802 10378
2803 10382
2804 10386
2805 10390
2806 10394
2807 10398
2808 10402
2809 10406
2810 10410
2811 10414
2812 10418
2813 10421
2814 10425
2815 10429
2816 10432
2817 10435
2818 10439
2819 10443
2820 10447
2821 10451
2822 10455
2823 10459
2824 10463
2825 10467
2826 10471
2827 10475
2828 10479
2829 10483
2830 10487
2831 10491
2832 10495
2833 10499
2834 10503
2835 10507
2836 10511
2837 10515
2838 10519
2839 10523
2840 10527
2841 10531
2842 10535
2843 10539
2844 10543
2845 10547
2846 10551
2847 10555
2848 10559
2849 10563
2850 10567
2851 10571
2852 10575
2853 10579
2854 10583
2855 10587
2856 10591
2857 10595
2858 10599
2859 10602
2860 10605
2861 10608
2862 10611
2863 10614
2864 10616
2865 10618
2866 10622
2867 10626
2868 10630
2869 10634
2870 10638
2871 10642
2872 10646
2873 10650
2874 10654
2875 10658
2876 10662
2877 10666
2878 10670
2879 10674
2880 10678
2881 10682
2882 10686
2883 10690
2884 10694
2885 10698
2886 10702
2887 10706
2888 10710
2889 10714
2890 10718
2891 10722
2892 10726
2893 10730
2894 10734
2895 10738
2896 10742
2897 10746
2898 10750
2899 10754
2900 10758
2901 10762
2902 10766
2903 10770
2904 10774
2905 10778
2906 10782
2907 10786
2908 10790
2909 10794
2910 10798
2911 10802
2912 10806
2913 10810
2914 10814
2915 10818
2916 10822
2917 10826
2918 10830
2919 10834
2920 10838
2921 10842
2922 10846
2923 10850
2924 10854
2925 10858
2926 10862
2927 10866
2928 10870
2929 10874
2930 10878
2931 10881
2932 10885
2933 10889
2934 10893
2935 10897
2936 10900
2937 10904
2938 10908
2939 10912
2940 10916
2941 10920
2942 10924
2943 10928
2944 10932
2945 10936
2946 10940
2947 10944
2948 10948
2949 10952
2950 10956
2951 10960
2952 10963
2953 10967
2954 10970
2955 10974
2956 10977
2957 10981
2958 10985
2959 10989
2960 10993
2961 10997
2962 11001
2963 11005
2964 11009
2965 11013
2966 11017
2967 11021
2968 11025
2969 11029
2970 11033
2971 11037
2972 11041
2973 11045
2974 11049
2975 11053
2976 11057
2977 11061
2978 11065
2979 11069
2980 11073
2981 11077
2982 11081
2983 11085
2984 11089
2985 11093
2986 11096
2987 11100
2988 11104
2989 11108
2990 11112
2991 11116
2992 11120
2993 11124
2994 11128
2995 11132
2996 11136
2997 11140
2998 11144
2999 11148
3000 11152
3001 11156
3002 11160
3003 11163
3004 11166
3005 11170
3006 11174
3007 11178
3008 11182
3009 11186
3010 11190
3011 11194
3012 11198
3013 11202
3014 11205
3015 11207
3016 11210
3017 11213
3018 11215
3019 11218
3020 11221
3021 11224
3022 11227
3023 11229
3024 11232
3025 11235
3026 11239
3027 11241
3028 11244
3029 11247
3030 11250
3031 11253
3032 11256
3033 11260
3034 11263
3035 11267
3036 11271
3037 11275
3038 11279
3039 11283
3040 11287
3041 11291
3042 11295
3043 11299
3044 11303
3045 11307
3046 11311
3047 11315
3048 11319
3049 11323
3050 11327
3051 11331
3052 11334
3053 11338
3054 11342
3055 11346
3056 11349
3057 11353
3058 11357
3059 11361
3060 11365
3061 11369
3062 11373
3063 11377
3064 11381
3065 11385
3066 11389
3067 11393
3068 11397
3069 11401
3070 11405
3071 11409
3072 11413
3073 11417
3074 11421
3075 11425
3076 11429
3077 11433
3078 11437
3079 11441
3080 11445
3081 11449
3082 11453
3083 11457
3084 11461
3085 11465
3086 11469
3087 11473
3088 11477
3089 11481
3090 11485
3091 11489
3092 11493
3093 11497
3094 11501
3095 11505
3096 11509
3098 11512
3099 11514
3100 11516
3101 11517
3112 11518
3113 11519
3114 11520
3115 11521
3116 11524
3117 11526
3118 11528
3119 11531
3120 11535
3121 11539
3122 11543
3123 11547
3124 11550
3125 11554
3126 11558
3127 11562
3128 11566
3129 11570
3130 11574
3131 11578
3132 11582
3133 11586
3134 11590
3135 11594
3136 11598
3137 11602
3138 11606
3139 11610
3140 11613
3141 11617
