#timestamp tx ty tz qx qy qz qw
5790.203136168000 0.000000000000 0.000000000000 -0.000000000000 -0.000000000000 -0.000000000000 -0.000000000000 1.000000000000
5790.303235168000 0.005659000000 -0.000131000000 -0.011362000000 -0.028435000000 -0.008797000000 0.010529000000 0.999501000000
5790.403184140000 0.010652000000 -0.011303000000 -0.023069000000 -0.091749000000 -0.015919000000 0.024708000000 0.995348000000
5790.503133187000 0.012687000000 -0.035758000000 -0.028836000000 -0.181857000000 -0.016529000000 0.033629000000 0.982611000000
5790.603232173000 0.014081000000 -0.062459000000 -0.020511000000 -0.264671000000 -0.010998000000 0.038783000000 0.963496000000
5790.703181135000 0.015101000000 -0.081858000000 -0.002998000000 -0.307903000000 -0.001154000000 0.045779000000 0.950315000000
5790.803130168000 0.015040000000 -0.094130000000 0.022882000000 -0.331547000000 0.008690000000 0.052094000000 0.941959000000
5790.903079140000 0.012214000000 -0.103251000000 0.051966000000 -0.336671000000 0.014072000000 0.053472000000 0.939997000000
5791.003178168000 0.007814000000 -0.111136000000 0.080066000000 -0.320134000000 0.014428000000 0.058321000000 0.945465000000
5791.103127168000 -0.003613000000 -0.120331000000 0.106830000000 -0.286262000000 0.011061000000 0.050856000000 0.956737000000
5791.203076140000 -0.020533000000 -0.120873000000 0.144663000000 -0.284524000000 0.023576000000 0.043209000000 0.957404000000
5791.303175140000 -0.038647000000 -0.114496000000 0.185702000000 -0.283913000000 0.036766000000 0.032432000000 0.957596000000
5791.403124140000 -0.058373000000 -0.104905000000 0.224457000000 -0.278812000000 0.054118000000 0.018596000000 0.958639000000
5791.503073149000 -0.070030000000 -0.095697000000 0.261737000000 -0.282499000000 0.074047000000 -0.006430000000 0.956384000000
5791.603022135000 -0.065828000000 -0.097200000000 0.290860000000 -0.289987000000 0.076215000000 -0.030893000000 0.953491000000
5791.703121168000 -0.042065000000 -0.108198000000 0.307760000000 -0.298591000000 0.056491000000 -0.056001000000 0.951061000000
5791.803070135000 0.004576000000 -0.125247000000 0.319409000000 -0.319071000000 0.017946000000 -0.060881000000 0.945603000000
5791.903019168000 0.062972000000 -0.138637000000 0.335819000000 -0.351241000000 -0.039243000000 -0.052271000000 0.934001000000
5792.003118106000 0.117825000000 -0.142488000000 0.354440000000 -0.383683000000 -0.089689000000 -0.038607000000 0.918288000000
5792.103067897000 0.157501000000 -0.135262000000 0.375481000000 -0.416934000000 -0.130973000000 -0.026976000000 0.899046000000
5792.203016139000 0.171913000000 -0.120109000000 0.392966000000 -0.452589000000 -0.138317000000 -0.019510000000 0.880710000000
5792.303115106000 0.154758000000 -0.102551000000 0.409738000000 -0.493013000000 -0.115775000000 -0.026372000000 0.861881000000
5792.403064168000 0.114188000000 -0.081669000000 0.429687000000 -0.528379000000 -0.097552000000 -0.045407000000 0.842162000000
5792.503013120000 0.064742000000 -0.061878000000 0.450554000000 -0.570536000000 -0.051551000000 -0.062823000000 0.817242000000
5792.602962135000 0.015056000000 -0.045854000000 0.474130000000 -0.602838000000 0.001754000000 -0.084073000000 0.793420000000
5792.703061168000 -0.027056000000 -0.032567000000 0.506544000000 -0.633490000000 0.039759000000 -0.102903000000 0.765846000000
5792.803010139000 -0.063767000000 -0.024370000000 0.547220000000 -0.658252000000 0.072828000000 -0.120349000000 0.739538000000
5792.902959139000 -0.092892000000 -0.021163000000 0.593902000000 -0.678916000000 0.095882000000 -0.138719000000 0.714588000000
5793.003058120000 -0.104757000000 -0.022349000000 0.654559000000 0.701173000000 -0.103940000000 0.147982000000 -0.689677000000
5793.103007135000 -0.084068000000 -0.032383000000 0.709790000000 0.730714000000 -0.084355000000 0.134521000000 -0.663962000000
5793.202956139000 -0.040476000000 -0.043914000000 0.763474000000 0.758468000000 -0.049729000000 0.105652000000 -0.641164000000
5793.302905168000 0.012358000000 -0.046564000000 0.817547000000 0.781898000000 0.000764000000 0.076514000000 -0.618693000000
5793.403004135000 0.073701000000 -0.038703000000 0.866238000000 0.802336000000 0.048647000000 0.034011000000 -0.593914000000
5793.502953187000 0.126443000000 -0.018525000000 0.914639000000 0.814156000000 0.086354000000 -0.006545000000 -0.574151000000
5793.602902139000 0.152678000000 0.003693000000 0.961220000000 0.822056000000 0.106265000000 -0.026623000000 -0.558769000000
5793.703001139000 0.140958000000 0.022577000000 1.004448000000 0.827889000000 0.102246000000 -0.025506000000 -0.550904000000
5793.802950168000 0.099278000000 0.037629000000 1.036372000000 0.837881000000 0.061776000000 0.002740000000 -0.542338000000
5793.902899139000 0.046327000000 0.068903000000 1.065752000000 0.845706000000 0.026304000000 0.042518000000 -0.531302000000
5794.002848168000 -0.008054000000 0.090142000000 1.097506000000 0.853514000000 -0.008838000000 0.078860000000 -0.514991000000
5794.102947168000 -0.052975000000 0.104713000000 1.130420000000 0.857230000000 -0.044624000000 0.108010000000 -0.501496000000
5794.202896139000 -0.079586000000 0.115653000000 1.169321000000 0.860332000000 -0.068788000000 0.130818000000 -0.487836000000
5794.302845168000 -0.091936000000 0.144808000000 1.192352000000 0.868385000000 -0.071314000000 0.142486000000 -0.469595000000
5794.402944106000 -0.076385000000 0.152023000000 1.219666000000 0.876496000000 -0.061888000000 0.121753000000 -0.461628000000
5794.502893168000 -0.050891000000 0.143517000000 1.248632000000 0.881756000000 -0.041495000000 0.104137000000 -0.458193000000
5794.602842168000 -0.016228000000 0.124957000000 1.270790000000 0.881268000000 -0.006717000000 0.074086000000 -0.466726000000
5794.702791168000 0.023354000000 0.104829000000 1.284610000000 0.881695000000 0.019618000000 0.039987000000 -0.469713000000
5794.802890168000 0.062224000000 0.082270000000 1.287104000000 0.873497000000 0.051720000000 0.013702000000 -0.483881000000
5794.902839139000 0.099525000000 0.057414000000 1.277960000000 0.855169000000 0.077154000000 -0.015535000000 -0.512340000000
5795.002788139000 0.131944000000 0.035424000000 1.255548000000 0.827049000000 0.093058000000 -0.047442000000 -0.552339000000
5795.102887934000 0.147297000000 0.017946000000 1.222965000000 0.787794000000 0.102338000000 -0.064261000000 -0.603969000000
5795.202837733000 0.138242000000 0.003827000000 1.185050000000 0.744892000000 0.093539000000 -0.069173000000 -0.656964000000
5795.302787533000 0.109447000000 -0.002883000000 1.145821000000 -0.697667000000 -0.081191000000 0.056916000000 0.709528000000
5795.402737333000 0.074317000000 0.015007000000 1.106262000000 -0.645345000000 -0.059256000000 0.041264000000 0.760471000000
5795.502837119000 0.032253000000 0.049035000000 1.082689000000 -0.591697000000 -0.052026000000 0.012451000000 0.804384000000
5795.602786933000 -0.004585000000 0.099687000000 1.068834000000 -0.539889000000 -0.040064000000 -0.010696000000 0.840714000000
5795.702736733000 -0.032854000000 0.166776000000 1.063271000000 -0.490327000000 -0.029290000000 -0.019043000000 0.870838000000
5795.802836533000 -0.056761000000 0.235680000000 1.065003000000 -0.423461000000 -0.012828000000 -0.025193000000 0.905473000000
5795.902786333000 -0.078878000000 0.316460000000 1.074073000000 -0.343205000000 0.002252000000 -0.028267000000 0.938833000000
5796.002736152000 -0.092256000000 0.407109000000 1.082752000000 -0.261183000000 0.010742000000 -0.025890000000 0.964882000000
5796.102685175000 -0.094248000000 0.495437000000 1.093233000000 -0.177063000000 0.014111000000 -0.028586000000 0.983683000000
5796.202784175000 -0.090117000000 0.591649000000 1.103473000000 -0.087214000000 0.012387000000 -0.035826000000 0.995468000000
5796.302733118000 -0.087691000000 0.680311000000 1.108209000000 0.002964000000 0.000957000000 -0.044792000000 0.998991000000
5796.402682114000 -0.086242000000 0.768401000000 1.114407000000 0.095884000000 -0.003228000000 -0.038394000000 0.994647000000
5796.502781123000 -0.087500000000 0.841399000000 1.130940000000 0.191202000000 -0.002324000000 -0.024411000000 0.981244000000
5796.602730142000 -0.096433000000 0.908592000000 1.154335000000 0.276821000000 -0.000670000000 -0.021111000000 0.960689000000
5796.702679147000 -0.111091000000 0.971578000000 1.180336000000 0.348631000000 -0.003989000000 -0.008062000000 0.937217000000
5796.802628142000 -0.131716000000 1.030834000000 1.189445000000 0.409587000000 -0.002496000000 0.007502000000 0.912237000000
5796.902727175000 -0.158165000000 1.083118000000 1.194478000000 0.472574000000 0.000683000000 0.031055000000 0.880744000000
5797.002676313000 -0.184536000000 1.133605000000 1.196233000000 0.522940000000 -0.004208000000 0.048946000000 0.850953000000
5797.102625147000 -0.210228000000 1.185189000000 1.179568000000 0.556300000000 -0.017174000000 0.059615000000 0.828662000000
5797.202724147000 -0.234724000000 1.232028000000 1.156405000000 0.579660000000 -0.018372000000 0.073727000000 0.811308000000
5797.302673142000 -0.254958000000 1.276152000000 1.130146000000 0.601429000000 -0.025222000000 0.071572000000 0.795314000000
5797.402622175000 -0.272106000000 1.306316000000 1.113066000000 0.618662000000 -0.036328000000 0.052004000000 0.783092000000
5797.502571132000 -0.296447000000 1.330192000000 1.102553000000 0.637041000000 -0.033238000000 0.052867000000 0.768296000000
5797.602670175000 -0.321873000000 1.345486000000 1.091788000000 0.653712000000 -0.014395000000 0.075101000000 0.752870000000
5797.702619142000 -0.343211000000 1.360145000000 1.084309000000 0.668700000000 -0.003812000000 0.089326000000 0.738138000000
5797.802568175000 -0.354350000000 1.367228000000 1.074939000000 0.676083000000 0.002831000000 0.073599000000 0.733135000000
5797.902667147000 -0.362120000000 1.372921000000 1.069449000000 0.686388000000 0.009244000000 0.075702000000 0.723226000000
5798.002616189000 -0.369692000000 1.380033000000 1.065515000000 0.695891000000 0.014413000000 0.077754000000 0.713780000000
5798.102565175000 -0.373260000000 1.377904000000 1.066532000000 0.701051000000 0.017454000000 0.076994000000 0.708727000000
5798.202514147000 -0.377465000000 1.376028000000 1.067162000000 0.700796000000 0.027419000000 0.074480000000 0.708933000000
5798.302613147000 -0.380178000000 1.377142000000 1.066983000000 0.700359000000 0.033333000000 0.073616000000 0.709201000000
5798.402562175000 -0.379464000000 1.373869000000 1.069181000000 0.699167000000 0.033436000000 0.073975000000 0.710335000000
5798.502511118000 -0.380199000000 1.374036000000 1.070127000000 0.699900000000 0.033216000000 0.077428000000 0.709254000000
5798.602610175000 -0.379807000000 1.375908000000 1.069692000000 0.701505000000 0.034199000000 0.079649000000 0.707373000000
5798.702559146000 -0.379499000000 1.376648000000 1.070369000000 0.703197000000 0.035680000000 0.078961000000 0.705695000000
5798.802508175000 -0.379079000000 1.378172000000 1.070548000000 0.703826000000 0.035086000000 0.077612000000 0.705248000000
5798.902457175000 -0.378388000000 1.377247000000 1.069190000000 0.704031000000 0.035139000000 0.078572000000 0.704934000000
5799.002556127000 -0.379330000000 1.377427000000 1.070079000000 0.704679000000 0.035153000000 0.077697000000 0.704383000000
5799.102505146000 -0.379756000000 1.378372000000 1.071538000000 0.705408000000 0.034759000000 0.078466000000 0.703587000000
5799.202454175000 -0.379007000000 1.380367000000 1.070611000000 0.706847000000 0.035379000000 0.078826000000 0.702070000000
5799.302553175000 -0.378956000000 1.379845000000 1.069651000000 0.706093000000 0.036312000000 0.077186000000 0.702963000000
5799.402502142000 -0.378749000000 1.379694000000 1.069290000000 0.706545000000 0.037181000000 0.076845000000 0.702501000000
5799.502451180000 -0.377636000000 1.379609000000 1.067346000000 0.707154000000 0.037954000000 0.076890000000 0.701841000000
5799.602400142000 -0.377395000000 1.378743000000 1.064903000000 0.708070000000 0.039157000000 0.076762000000 0.700864000000
5799.702499146000 -0.378003000000 1.378523000000 1.065015000000 0.708690000000 0.040154000000 0.076452000000 0.700216000000
5799.802448118000 -0.377989000000 1.379170000000 1.064563000000 0.710727000000 0.041474000000 0.075690000000 0.698154000000
5799.902397151000 -0.377408000000 1.380349000000 1.064363000000 0.712632000000 0.046094000000 0.078214000000 0.695639000000
5800.002496175000 -0.368224000000 1.385248000000 1.065081000000 0.713171000000 0.050605000000 0.067691000000 0.695877000000
5800.102445146000 -0.347068000000 1.395716000000 1.069594000000 0.715663000000 0.046612000000 0.050577000000 0.695051000000
5800.202394146000 -0.313643000000 1.408355000000 1.072239000000 0.720583000000 0.035405000000 0.035319000000 0.691562000000
5800.302343175000 -0.269840000000 1.417757000000 1.067166000000 0.727080000000 0.015203000000 0.014849000000 0.686224000000
5800.402442175000 -0.217388000000 1.423130000000 1.053816000000 0.732773000000 -0.010893000000 -0.010503000000 0.680305000000
5800.502391175000 -0.158215000000 1.422881000000 1.031067000000 0.733835000000 -0.042469000000 -0.034045000000 0.677144000000
5800.602340175000 -0.098047000000 1.415980000000 1.000023000000 0.730952000000 -0.076608000000 -0.052054000000 0.676114000000
5800.702439175000 -0.048240000000 1.403006000000 0.959366000000 0.725264000000 -0.102938000000 -0.060223000000 0.678062000000
5800.802388175000 -0.017033000000 1.384111000000 0.908986000000 0.709581000000 -0.124118000000 -0.063620000000 0.690682000000
5800.902337146000 -0.011467000000 1.365763000000 0.849751000000 0.689413000000 -0.120817000000 -0.052005000000 0.712326000000
5801.002286141000 -0.021501000000 1.344038000000 0.781725000000 0.660906000000 -0.108361000000 -0.039771000000 0.741538000000
5801.102385175000 -0.043469000000 1.327567000000 0.715087000000 0.635124000000 -0.091019000000 -0.025839000000 0.766593000000
5801.202334175000 -0.083632000000 1.316513000000 0.656006000000 0.614083000000 -0.057095000000 -0.002025000000 0.787171000000
5801.302283141000 -0.132867000000 1.312724000000 0.608217000000 0.599924000000 -0.019474000000 0.021734000000 0.799525000000
5801.402382175000 -0.184162000000 1.321425000000 0.572564000000 0.599764000000 0.024321000000 0.038680000000 0.798871000000
5801.502331113000 -0.228439000000 1.341357000000 0.550740000000 0.614818000000 0.065505000000 0.053010000000 0.784154000000
5801.602280175000 -0.256835000000 1.371872000000 0.545539000000 0.649474000000 0.088865000000 0.068583000000 0.752052000000
5801.702379175000 -0.254260000000 1.411330000000 0.553602000000 0.688602000000 0.092739000000 0.078877000000 0.714847000000
5801.802328146000 -0.221772000000 1.455482000000 0.561587000000 0.722962000000 0.075761000000 0.060819000000 0.684023000000
5801.902277175000 -0.158766000000 1.493903000000 0.566093000000 0.748205000000 0.033262000000 0.034894000000 0.661714000000
5802.002226146000 -0.080667000000 1.514386000000 0.557504000000 0.758367000000 -0.015725000000 -0.005369000000 0.651616000000
5802.102325175000 -0.001690000000 1.523693000000 0.532832000000 0.754275000000 -0.065928000000 -0.036625000000 0.652212000000
5802.202274175000 0.063502000000 1.515740000000 0.489266000000 0.739456000000 -0.107456000000 -0.066728000000 0.661215000000
5802.302223175000 0.109298000000 1.497887000000 0.425942000000 0.713990000000 -0.135045000000 -0.084820000000 0.681753000000
5802.402322175000 0.134846000000 1.470788000000 0.351818000000 0.686707000000 -0.154441000000 -0.095007000000 0.703956000000
5802.502271141000 0.143241000000 1.441943000000 0.273528000000 0.667587000000 -0.166539000000 -0.090369000000 0.720018000000
5802.602220532000 0.140946000000 1.413942000000 0.194972000000 0.652290000000 -0.168431000000 -0.052217000000 0.737171000000
5802.702169141000 0.130445000000 1.384932000000 0.116148000000 0.638410000000 -0.161811000000 -0.031543000000 0.751834000000
5802.802268174000 0.115564000000 1.352046000000 0.035353000000 0.615732000000 -0.146971000000 -0.031432000000 0.773489000000
5802.902217174000 0.098218000000 1.322750000000 -0.041327000000 0.593175000000 -0.135348000000 -0.030654000000 0.793022000000
5803.002166146000 0.075037000000 1.300337000000 -0.114846000000 0.572213000000 -0.110850000000 -0.013489000000 0.812467000000
5803.102265141000 0.046750000000 1.279106000000 -0.182057000000 0.549636000000 -0.086210000000 -0.001317000000 0.830943000000
5803.202214736000 0.015425000000 1.262733000000 -0.245451000000 0.528970000000 -0.051516000000 0.007332000000 0.847044000000
5803.302163141000 -0.010187000000 1.255749000000 -0.297728000000 0.512824000000 -0.026643000000 0.008038000000 0.858043000000
5803.402112174000 -0.028749000000 1.259006000000 -0.344875000000 0.501781000000 -0.008554000000 0.018319000000 0.864759000000
5803.502211146000 -0.030161000000 1.276859000000 -0.384852000000 0.498517000000 0.004319000000 0.034984000000 0.866163000000
5803.602160193000 -0.002587000000 1.308692000000 -0.419191000000 0.494139000000 0.002574000000 0.045246000000 0.868201000000
5803.702109141000 0.050341000000 1.342191000000 -0.445743000000 0.491055000000 -0.020607000000 0.015651000000 0.870744000000
5803.802208141000 0.116936000000 1.372512000000 -0.451015000000 0.492747000000 -0.067421000000 -0.008827000000 0.867512000000
5803.902157141000 0.168625000000 1.390849000000 -0.431900000000 0.502853000000 -0.106889000000 -0.023466000000 0.857416000000
5804.002106174000 0.195671000000 1.393793000000 -0.399078000000 0.511557000000 -0.126731000000 -0.032835000000 0.849218000000
5804.102055141000 0.200415000000 1.387596000000 -0.359620000000 0.519778000000 -0.131966000000 -0.045765000000 0.842805000000
5804.202154146000 0.189902000000 1.382387000000 -0.318685000000 0.532925000000 -0.115312000000 -0.051461000000 0.836688000000
5804.302103146000 0.169230000000 1.372973000000 -0.271187000000 0.548130000000 -0.109701000000 -0.057751000000 0.827154000000
5804.402052174000 0.122747000000 1.362720000000 -0.220423000000 0.569347000000 -0.092979000000 -0.054507000000 0.815002000000
5804.502151174000 0.053259000000 1.348027000000 -0.171468000000 0.584450000000 -0.047263000000 -0.032016000000 0.809419000000
5804.602100141000 -0.009605000000 1.321959000000 -0.117224000000 0.596211000000 -0.035363000000 0.010025000000 0.801986000000
5804.702049146000 -0.061341000000 1.287470000000 -0.066588000000 0.607520000000 -0.030762000000 0.043825000000 0.792497000000
5804.801998146000 -0.095521000000 1.255455000000 -0.020375000000 0.612237000000 -0.012224000000 0.047763000000 0.789135000000
5804.902097146000 -0.097820000000 1.234176000000 0.031071000000 0.625681000000 -0.008286000000 0.058010000000 0.777875000000
5805.002046146000 -0.075005000000 1.222655000000 0.085863000000 0.641535000000 -0.025976000000 0.040607000000 0.765577000000
5805.101995141000 -0.043682000000 1.218953000000 0.139291000000 0.659534000000 -0.038331000000 0.020919000000 0.750405000000
5805.202094146000 -0.004523000000 1.211693000000 0.191535000000 0.672320000000 -0.067387000000 -0.007495000000 0.737149000000
5805.302043141000 0.034399000000 1.207096000000 0.245869000000 0.685548000000 -0.095172000000 -0.026328000000 0.721300000000
5805.401992174000 0.067249000000 1.199724000000 0.301539000000 0.689172000000 -0.124071000000 -0.044034000000 0.712538000000
5805.501941174000 0.080788000000 1.194671000000 0.361955000000 0.692450000000 -0.147631000000 -0.063841000000 0.703308000000
5805.602040145000 0.060328000000 1.198317000000 0.423901000000 0.698281000000 -0.132431000000 -0.065426000000 0.700418000000
5805.701989174000 0.019375000000 1.204522000000 0.485498000000 0.705136000000 -0.100754000000 -0.049468000000 0.700132000000
5805.801938174000 -0.028943000000 1.205396000000 0.544931000000 0.710452000000 -0.069722000000 -0.032366000000 0.699535000000
5805.902037145000 -0.077613000000 1.202703000000 0.602322000000 0.713191000000 -0.045007000000 -0.010493000000 0.699444000000
5806.001986174000 -0.119467000000 1.202321000000 0.653457000000 0.723452000000 -0.016519000000 0.026157000000 0.689681000000
5806.101935145000 -0.140266000000 1.199043000000 0.696195000000 0.731975000000 -0.000114000000 0.045532000000 0.679808000000
5806.201884141000 -0.140215000000 1.207296000000 0.731226000000 0.730300000000 0.016045000000 0.043805000000 0.681532000000
5806.301983174000 -0.112830000000 1.209116000000 0.766855000000 0.725928000000 -0.000968000000 0.022384000000 0.687406000000
5806.401932174000 -0.076295000000 1.207267000000 0.805823000000 0.725226000000 -0.029833000000 0.001496000000 0.687862000000
5806.501881174000 -0.040480000000 1.199927000000 0.848761000000 0.723701000000 -0.062392000000 -0.007216000000 0.687250000000
5806.601980174000 -0.014979000000 1.187107000000 0.893596000000 0.717104000000 -0.082035000000 -0.018825000000 0.691866000000
5806.701929136000 -0.001937000000 1.167254000000 0.944218000000 0.708729000000 -0.094281000000 -0.032286000000 0.698407000000
5806.801878174000 -0.010752000000 1.145488000000 1.001180000000 0.704268000000 -0.089985000000 -0.047099000000 0.702632000000
5806.901827141000 -0.046554000000 1.130550000000 1.059269000000 0.703365000000 -0.058313000000 -0.040358000000 0.707282000000
5807.001926174000 -0.089532000000 1.116940000000 1.115437000000 0.707379000000 -0.032974000000 -0.026170000000 0.705579000000
5807.101875140000 -0.129882000000 1.104437000000 1.176558000000 0.721252000000 -0.018672000000 0.010567000000 0.692340000000
5807.201824164000 -0.161391000000 1.093104000000 1.236105000000 0.736722000000 0.000608000000 0.039991000000 0.675012000000
5807.301923112000 -0.173320000000 1.089041000000 1.296454000000 0.747857000000 0.002028000000 0.053176000000 0.661724000000
5807.401872140000 -0.170713000000 1.098050000000 1.363441000000 0.758515000000 0.001769000000 0.054544000000 0.649367000000
5807.501821145000 -0.155387000000 1.105718000000 1.437292000000 0.765796000000 -0.009770000000 0.033818000000 0.642119000000
5807.601770140000 -0.134856000000 1.121461000000 1.512065000000 0.768824000000 -0.030411000000 0.011973000000 0.638624000000
5807.701869140000 -0.122615000000 1.141949000000 1.581214000000 0.767480000000 -0.037842000000 0.002344000000 0.639950000000
5807.801818174000 -0.123878000000 1.160710000000 1.647166000000 0.766623000000 -0.040882000000 -0.006856000000 0.640758000000
5807.901767140000 -0.144163000000 1.181529000000 1.712659000000 0.773679000000 -0.024593000000 0.010605000000 0.633012000000
5808.001866174000 -0.174709000000 1.196687000000 1.773699000000 0.779680000000 0.006487000000 0.014082000000 0.625986000000
5808.101815140000 -0.200039000000 1.200935000000 1.835020000000 0.789926000000 0.002654000000 0.046075000000 0.611463000000
5808.201764174000 -0.219825000000 1.195158000000 1.891692000000 0.802785000000 -0.000650000000 0.065494000000 0.592660000000
5808.301713140000 -0.220407000000 1.187990000000 1.950018000000 0.809368000000 -0.003731000000 0.066786000000 0.583480000000
5808.401812174000 -0.197365000000 1.182848000000 2.007577000000 0.811982000000 -0.021270000000 0.042369000000 0.581753000000
5808.501761140000 -0.167630000000 1.179720000000 2.058407000000 0.802245000000 -0.030358000000 0.003523000000 0.596212000000
5808.601710174000 -0.139049000000 1.176604000000 2.103108000000 0.786419000000 -0.033945000000 -0.038839000000 0.615535000000
5808.701809174000 -0.122414000000 1.180076000000 2.138671000000 0.775071000000 -0.039803000000 -0.055208000000 0.628198000000
5808.801758140000 -0.122263000000 1.174998000000 2.158420000000 0.774642000000 -0.032008000000 -0.043440000000 0.630094000000
5808.901707140000 -0.125968000000 1.185785000000 2.173144000000 0.766271000000 -0.025423000000 -0.042603000000 0.640600000000
5809.001656174000 -0.132417000000 1.198719000000 2.192450000000 0.770085000000 -0.031253000000 -0.017959000000 0.636922000000
5809.101755145000 -0.141025000000 1.214726000000 2.209941000000 0.775014000000 -0.026766000000 0.004402000000 0.631361000000
5809.201704112000 -0.147900000000 1.233160000000 2.228024000000 0.774392000000 -0.029745000000 -0.000174000000 0.632006000000
5809.301653173000 -0.161702000000 1.259069000000 2.247590000000 0.775196000000 -0.026550000000 0.016392000000 0.630950000000
5809.401752173000 -0.172303000000 1.291207000000 2.265140000000 0.769208000000 -0.023531000000 0.022781000000 0.638158000000
5809.501701140000 -0.176356000000 1.330868000000 2.284694000000 0.759165000000 -0.016801000000 0.017326000000 0.650451000000
5809.601650173000 -0.175986000000 1.379247000000 2.309535000000 0.751490000000 -0.019527000000 0.011416000000 0.659357000000
5809.701599145000 -0.173523000000 1.431781000000 2.337007000000 0.746488000000 -0.020932000000 0.010742000000 0.664983000000
5809.801698178000 -0.167397000000 1.481360000000 2.365445000000 0.741612000000 -0.026143000000 0.008646000000 0.670264000000
5809.901647173000 -0.158685000000 1.527594000000 2.386754000000 0.731230000000 -0.024226000000 -0.004197000000 0.681688000000
5810.001596173000 -0.152274000000 1.573956000000 2.402357000000 0.717942000000 -0.012956000000 -0.010961000000 0.695896000000
5810.101697854000 -0.149540000000 1.620998000000 2.414062000000 0.713916000000 -0.009720000000 -0.013099000000 0.700041000000
5810.201649757000 -0.151195000000 1.669524000000 2.420624000000 0.717009000000 -0.010090000000 -0.004564000000 0.696976000000
5810.301601751000 -0.153459000000 1.715526000000 2.421158000000 0.719785000000 -0.009307000000 0.000807000000 0.694134000000
5810.401553583000 -0.148609000000 1.770253000000 2.419459000000 0.729322000000 -0.009388000000 -0.005476000000 0.684085000000
5810.501655452000 -0.135779000000 1.826290000000 2.426699000000 0.745496000000 -0.016119000000 0.003435000000 0.666307000000
5810.601607384000 -0.120192000000 1.884811000000 2.433275000000 0.758813000000 -0.023404000000 0.005410000000 0.650866000000
5810.701559249000 -0.107274000000 1.944124000000 2.434041000000 0.766973000000 -0.024735000000 -0.012100000000 0.641089000000
5810.801661186000 -0.099726000000 2.000761000000 2.434495000000 0.774855000000 -0.025801000000 -0.011581000000 0.631507000000
5810.901613056000 -0.094217000000 2.056163000000 2.436903000000 0.778472000000 -0.030990000000 -0.016590000000 0.626694000000
5811.001564954000 -0.094862000000 2.119647000000 2.440998000000 0.781693000000 -0.034684000000 -0.010585000000 0.622608000000
5811.101514111000 -0.098866000000 2.179040000000 2.444109000000 0.778966000000 -0.044637000000 0.000167000000 0.625475000000
5811.201613144000 -0.107083000000 2.240751000000 2.442990000000 0.772668000000 -0.039810000000 0.002050000000 0.633557000000
5811.301562149000 -0.110481000000 2.293544000000 2.437641000000 0.759212000000 -0.041087000000 0.001874000000 0.649542000000
5811.401511144000 -0.108979000000 2.344717000000 2.426756000000 0.740265000000 -0.040834000000 0.010857000000 0.670987000000
5811.501610111000 -0.106774000000 2.391633000000 2.404192000000 0.711782000000 -0.042386000000 0.007449000000 0.701081000000
5811.601559111000 -0.110372000000 2.438764000000 2.372998000000 0.690102000000 -0.031363000000 0.010673000000 0.722954000000
5811.701508116000 -0.111222000000 2.475610000000 2.333635000000 0.665729000000 -0.032939000000 0.024129000000 0.745076000000
5811.801607144000 -0.111741000000 2.502714000000 2.285833000000 0.643900000000 -0.029113000000 0.031203000000 0.763919000000
5811.901556116000 -0.111446000000 2.520936000000 2.230700000000 0.618550000000 -0.023685000000 0.032620000000 0.784711000000
5812.001505111000 -0.107433000000 2.533983000000 2.172236000000 0.593450000000 -0.023841000000 0.026287000000 0.804088000000
5812.101454144000 -0.102277000000 2.547373000000 2.113654000000 0.575235000000 -0.022993000000 0.029275000000 0.817141000000
5812.201553115000 -0.094851000000 2.560214000000 2.051682000000 0.560483000000 -0.028568000000 0.025210000000 0.827289000000
5812.301502115000 -0.086715000000 2.574347000000 1.989433000000 0.555532000000 -0.026858000000 0.026587000000 0.830636000000
5812.401451115000 -0.075856000000 2.579866000000 1.930586000000 0.549235000000 -0.031130000000 0.028321000000 0.834608000000
5812.501550144000 -0.071555000000 2.577435000000 1.873403000000 0.539817000000 -0.027459000000 0.018005000000 0.841142000000
5812.601499111000 -0.068699000000 2.578554000000 1.820040000000 0.533236000000 -0.021633000000 0.032780000000 0.845054000000
5812.701448115000 -0.063213000000 2.575435000000 1.768102000000 0.521402000000 -0.025880000000 0.036946000000 0.852118000000
5812.801397111000 -0.061152000000 2.575982000000 1.712523000000 0.511951000000 -0.021917000000 0.040458000000 0.857782000000
5812.901496149000 -0.061632000000 2.577072000000 1.652769000000 0.501409000000 -0.012750000000 0.040749000000 0.864156000000
5813.001445144000 -0.060828000000 2.578402000000 1.591090000000 0.485996000000 -0.016179000000 0.046736000000 0.872561000000
5813.101394115000 -0.061480000000 2.579686000000 1.523725000000 0.465885000000 -0.012122000000 0.047587000000 0.883482000000
5813.201493115000 -0.058451000000 2.582272000000 1.454462000000 0.446614000000 -0.005202000000 0.045621000000 0.893548000000
5813.301442144000 -0.049584000000 2.590933000000 1.389447000000 0.435709000000 -0.006565000000 0.059353000000 0.898105000000
5813.401391191000 -0.040900000000 2.600971000000 1.326919000000 0.424816000000 -0.004094000000 0.071054000000 0.902478000000
5813.501340115000 -0.029884000000 2.606710000000 1.266672000000 0.405241000000 -0.011128000000 0.067573000000 0.911641000000
5813.601439115000 -0.020575000000 2.609731000000 1.212366000000 0.396646000000 -0.007943000000 0.061687000000 0.915862000000
5813.701388144000 -0.010684000000 2.609013000000 1.160450000000 0.385851000000 -0.014576000000 0.054081000000 0.920859000000
5813.801337468000 -0.006630000000 2.608689000000 1.103898000000 0.381595000000 -0.009835000000 0.048231000000 0.923018000000
5813.901436082000 -0.003004000000 2.603272000000 1.049816000000 0.377731000000 -0.008703000000 0.046959000000 0.924683000000
5814.001385087000 0.000822000000 2.591186000000 0.988725000000 0.369592000000 -0.008407000000 0.037035000000 0.928418000000
5814.101334110000 0.008271000000 2.575730000000 0.925643000000 0.361522000000 -0.016185000000 0.023301000000 0.931932000000
5814.201283144000 0.017260000000 2.564730000000 0.860498000000 0.362865000000 -0.016844000000 0.026828000000 0.931303000000
5814.301382115000 0.026819000000 2.554768000000 0.793036000000 0.367318000000 -0.003194000000 0.035490000000 0.929413000000
5814.401331144000 0.041817000000 2.536560000000 0.730795000000 0.364976000000 -0.012443000000 0.030418000000 0.930437000000
5814.501280110000 0.051868000000 2.515299000000 0.673668000000 0.354708000000 -0.011559000000 0.031319000000 0.934381000000
5814.601379144000 0.062468000000 2.496499000000 0.621111000000 0.345950000000 -0.015402000000 0.025530000000 0.937779000000
5814.701328144000 0.068443000000 2.480707000000 0.567479000000 0.333717000000 -0.018749000000 0.025448000000 0.942143000000
5814.801277144000 0.066699000000 2.463085000000 0.511217000000 0.311714000000 -0.014255000000 0.018402000000 0.949891000000
5814.901226110000 0.064151000000 2.446969000000 0.449778000000 0.285452000000 -0.013094000000 0.010314000000 0.958248000000
5815.001325115000 0.061435000000 2.434466000000 0.385484000000 0.260452000000 -0.014568000000 0.013474000000 0.965283000000
5815.101274115000 0.055441000000 2.426319000000 0.314866000000 0.233401000000 -0.007677000000 0.004348000000 0.972341000000
5815.201223144000 0.049750000000 2.420199000000 0.244234000000 0.205600000000 0.014523000000 -0.001300000000 0.978527000000
5815.301322115000 0.052137000000 2.414420000000 0.178458000000 0.177840000000 0.016479000000 0.001220000000 0.983921000000
5815.401271110000 0.051925000000 2.402375000000 0.118130000000 0.151102000000 0.019747000000 0.009507000000 0.988275000000
5815.501220144000 0.043243000000 2.379172000000 0.065487000000 0.120889000000 0.032791000000 0.000312000000 0.992124000000
5815.601169110000 0.035950000000 2.346782000000 0.026339000000 0.085035000000 0.031758000000 -0.011221000000 0.995808000000
5815.701268115000 0.024842000000 2.309671000000 -0.004305000000 0.056709000000 0.046567000000 -0.013576000000 0.997212000000
5815.801217110000 0.016889000000 2.264020000000 -0.022500000000 0.021338000000 0.066946000000 -0.003992000000 0.997520000000
5815.901166144000 0.012747000000 2.220792000000 -0.035717000000 -0.005106000000 0.065054000000 -0.011185000000 0.997806000000
5816.001265110000 0.003391000000 2.184471000000 -0.052222000000 -0.012321000000 0.074938000000 -0.003729000000 0.997105000000
5816.101214110000 -0.014173000000 2.139789000000 -0.060897000000 -0.027382000000 0.087129000000 -0.011881000000 0.995750000000
5816.201163110000 -0.032296000000 2.091039000000 -0.066294000000 -0.042896000000 0.103045000000 -0.020377000000 0.993542000000
5816.301112143000 -0.044911000000 2.039720000000 -0.069697000000 -0.046402000000 0.123977000000 -0.016767000000 0.991058000000
5816.401211143000 -0.052048000000 1.983716000000 -0.069431000000 -0.055983000000 0.132490000000 -0.017111000000 0.989454000000
5816.501160115000 -0.064016000000 1.927857000000 -0.073546000000 -0.058860000000 0.142683000000 -0.020833000000 0.987797000000
5816.601109143000 -0.078525000000 1.875990000000 -0.081427000000 -0.056647000000 0.155787000000 -0.021268000000 0.985936000000
5816.701208110000 -0.093236000000 1.825312000000 -0.086001000000 -0.065588000000 0.170509000000 -0.015427000000 0.983050000000
5816.801157148000 -0.107916000000 1.778022000000 -0.088974000000 -0.077494000000 0.191143000000 -0.011052000000 0.978436000000
5816.901106143000 -0.123967000000 1.732334000000 -0.092074000000 -0.092501000000 0.207557000000 -0.018657000000 0.973661000000
5817.001055148000 -0.137803000000 1.691216000000 -0.093270000000 -0.110099000000 0.217445000000 -0.033193000000 0.969275000000
5817.101154110000 -0.150663000000 1.650315000000 -0.098649000000 -0.123664000000 0.225115000000 -0.041120000000 0.965577000000
5817.201103143000 -0.166532000000 1.605873000000 -0.106859000000 -0.139259000000 0.236518000000 -0.053908000000 0.960083000000
5817.301052143000 -0.177829000000 1.561210000000 -0.118834000000 -0.153926000000 0.243601000000 -0.061745000000 0.955590000000
5817.401151143000 -0.182073000000 1.516420000000 -0.136951000000 -0.155276000000 0.248674000000 -0.057239000000 0.954345000000
5817.501100110000 -0.185136000000 1.470983000000 -0.157807000000 -0.158958000000 0.258521000000 -0.060994000000 0.950883000000
5817.601049143000 -0.181057000000 1.426950000000 -0.181138000000 -0.165609000000 0.258003000000 -0.056881000000 0.950143000000
5817.700998143000 -0.173953000000 1.382132000000 -0.202851000000 -0.176153000000 0.255093000000 -0.050837000000 0.949375000000
5817.801097110000 -0.163896000000 1.338587000000 -0.219111000000 -0.188091000000 0.249628000000 -0.045676000000 0.948800000000
5817.901046143000 -0.151326000000 1.299188000000 -0.231123000000 -0.197996000000 0.243477000000 -0.042314000000 0.948539000000
5818.000995115000 -0.137056000000 1.266867000000 -0.239757000000 -0.206200000000 0.233026000000 -0.046468000000 0.949221000000
5818.101095919000 -0.116059000000 1.241887000000 -0.245369000000 -0.209332000000 0.220899000000 -0.037114000000 0.951844000000
5818.201043596000 -0.091228000000 1.218825000000 -0.249987000000 -0.206175000000 0.203729000000 -0.033358000000 0.956490000000
5818.300992110000 -0.067133000000 1.198415000000 -0.252248000000 -0.195308000000 0.184083000000 -0.027158000000 0.962928000000
5818.400941143000 -0.048083000000 1.169875000000 -0.247243000000 -0.186238000000 0.163361000000 -0.028698000000 0.968403000000
5818.501040143000 -0.028066000000 1.133838000000 -0.237335000000 -0.181695000000 0.140709000000 -0.029525000000 0.972788000000
5818.600989081000 -0.004471000000 1.098401000000 -0.224648000000 -0.170559000000 0.117666000000 -0.019640000000 0.978100000000
5818.700938143000 0.019927000000 1.064862000000 -0.210471000000 -0.156179000000 0.102008000000 -0.007468000000 0.982419000000
5818.801037110000 0.046170000000 1.031653000000 -0.188650000000 -0.147510000000 0.074443000000 0.007959000000 0.986223000000
5818.900986114000 0.056695000000 0.996942000000 -0.165177000000 -0.146494000000 0.061249000000 0.013088000000 0.987227000000
5819.000935110000 0.048221000000 0.963450000000 -0.145435000000 -0.144124000000 0.068025000000 0.012244000000 0.987143000000
5819.100884143000 0.024389000000 0.926750000000 -0.127912000000 -0.150252000000 0.084507000000 -0.014809000000 0.984918000000
5819.200983143000 -0.001225000000 0.891502000000 -0.113331000000 -0.156721000000 0.092984000000 -0.036450000000 0.982580000000
5819.300932114000 -0.027306000000 0.851579000000 -0.100010000000 -0.170954000000 0.109365000000 -0.047078000000 0.978058000000
5819.400881610000 -0.057888000000 0.807906000000 -0.083505000000 -0.188191000000 0.121149000000 -0.069187000000 0.972173000000
5819.500980081000 -0.088468000000 0.760097000000 -0.063607000000 -0.211334000000 0.144033000000 -0.078203000000 0.963575000000
5819.600929110000 -0.116636000000 0.707478000000 -0.042047000000 -0.232043000000 0.155642000000 -0.092396000000 0.955717000000
5819.700878143000 -0.144199000000 0.650913000000 -0.018257000000 -0.254541000000 0.169807000000 -0.102092000000 0.946547000000
5819.800827143000 -0.167749000000 0.592150000000 0.008404000000 -0.272200000000 0.184115000000 -0.117643000000 0.937107000000
5819.900926143000 -0.179888000000 0.534717000000 0.034008000000 -0.294159000000 0.191255000000 -0.113520000000 0.929519000000
5820.000875081000 -0.190602000000 0.479793000000 0.058151000000 -0.311517000000 0.201447000000 -0.119981000000 0.920859000000
5820.100824114000 -0.194721000000 0.429939000000 0.080933000000 -0.334721000000 0.189849000000 -0.121739000000 0.914931000000
5820.200923114000 -0.203365000000 0.383992000000 0.104599000000 -0.355148000000 0.194314000000 -0.128406000000 0.905331000000
5820.300872086000 -0.210474000000 0.342683000000 0.135903000000 -0.381650000000 0.201210000000 -0.138699000000 0.891415000000
5820.400821143000 -0.214116000000 0.306055000000 0.173649000000 -0.414256000000 0.199804000000 -0.149976000000 0.875202000000
5820.500770143000 -0.217820000000 0.276950000000 0.211213000000 -0.442180000000 0.195431000000 -0.167396000000 0.859222000000
5820.600869109000 -0.220928000000 0.250162000000 0.250479000000 -0.468277000000 0.188868000000 -0.181959000000 0.843763000000
5820.700818081000 -0.223143000000 0.225975000000 0.288035000000 -0.487295000000 0.184655000000 -0.190999000000 0.831845000000
5820.800767114000 -0.224760000000 0.203755000000 0.332083000000 -0.504913000000 0.178734000000 -0.194476000000 0.821764000000
5820.900866114000 -0.227001000000 0.181825000000 0.383317000000 -0.517773000000 0.174174000000 -0.195465000000 0.814474000000
5821.000815143000 -0.227973000000 0.161749000000 0.446386000000 -0.537582000000 0.173360000000 -0.196041000000 0.801573000000
5821.100764109000 -0.227957000000 0.140916000000 0.515224000000 -0.559299000000 0.164477000000 -0.201833000000 0.787017000000
5821.200863114000 -0.222585000000 0.122469000000 0.578877000000 -0.575382000000 0.163998000000 -0.190976000000 0.778182000000
5821.300812157000 -0.219886000000 0.105604000000 0.637298000000 -0.583812000000 0.174249000000 -0.184865000000 0.771120000000
5821.400761143000 -0.215039000000 0.095658000000 0.686233000000 -0.588794000000 0.173804000000 -0.172223000000 0.770359000000
5821.500710114000 -0.211950000000 0.088877000000 0.717572000000 -0.585285000000 0.169875000000 -0.171913000000 0.773970000000
5821.600809109000 -0.202585000000 0.085396000000 0.730609000000 -0.577366000000 0.169528000000 -0.170397000000 0.780303000000
5821.700758114000 -0.182208000000 0.075877000000 0.721804000000 -0.566863000000 0.145041000000 -0.154292000000 0.796130000000
5821.800707143000 -0.158492000000 0.064271000000 0.692581000000 -0.542995000000 0.136279000000 -0.134582000000 0.817602000000
5821.900806143000 -0.129524000000 0.052652000000 0.651837000000 -0.516094000000 0.112175000000 -0.112100000000 0.841723000000
5822.000755143000 -0.096700000000 0.044186000000 0.602066000000 -0.480126000000 0.096093000000 -0.083763000000 0.867887000000
5822.100704114000 -0.060769000000 0.036907000000 0.552896000000 -0.444957000000 0.088781000000 -0.056888000000 0.889323000000
5822.200653143000 -0.025598000000 0.028256000000 0.506325000000 -0.412801000000 0.074695000000 -0.043549000000 0.906708000000
5822.300752104000 0.005033000000 0.018246000000 0.461701000000 -0.381391000000 0.068794000000 -0.042414000000 0.920874000000
5822.400701143000 0.038999000000 0.007794000000 0.416560000000 -0.360717000000 0.072896000000 -0.018093000000 0.929646000000
5822.500650143000 0.068700000000 -0.002220000000 0.382029000000 -0.352682000000 0.059386000000 -0.010156000000 0.933802000000
5822.600749143000 0.090525000000 -0.010761000000 0.347372000000 -0.335154000000 0.044362000000 -0.009674000000 0.941069000000
5822.700698114000 0.109394000000 -0.015842000000 0.315471000000 -0.307481000000 0.053627000000 -0.011441000000 0.949973000000
5822.800647133000 0.128534000000 -0.025494000000 0.291617000000 -0.297422000000 0.062593000000 -0.020680000000 0.952467000000
5822.900596142000 0.148607000000 -0.033939000000 0.269782000000 -0.271260000000 0.048954000000 -0.028778000000 0.960829000000
5823.000695142000 0.172664000000 -0.046521000000 0.246585000000 -0.245015000000 0.052497000000 -0.018772000000 0.967915000000
5823.100644109000 0.201290000000 -0.063304000000 0.224780000000 -0.223403000000 0.055139000000 -0.000877000000 0.973165000000
5823.200593109000 0.229959000000 -0.084191000000 0.213659000000 -0.202374000000 0.034388000000 -0.009347000000 0.978660000000
5823.300692142000 0.253213000000 -0.108283000000 0.204156000000 -0.189440000000 0.037256000000 -0.024694000000 0.980875000000
5823.400641142000 0.278015000000 -0.126817000000 0.193336000000 -0.175054000000 0.042948000000 -0.021137000000 0.983395000000
5823.500590109000 0.300725000000 -0.137547000000 0.182261000000 -0.160263000000 0.019914000000 -0.009724000000 0.986826000000
5823.600539142000 0.312980000000 -0.147174000000 0.158834000000 -0.144803000000 0.024216000000 0.000914000000 0.989164000000
5823.700638890000 0.316550000000 -0.161283000000 0.130092000000 -0.137644000000 0.021689000000 -0.008972000000 0.990204000000
5823.800587114000 0.313419000000 -0.172088000000 0.098877000000 -0.142914000000 0.022173000000 -0.022003000000 0.989242000000
5823.900536142000 0.305575000000 -0.171099000000 0.065369000000 -0.141733000000 0.013446000000 -0.025315000000 0.989490000000
5824.000635109000 0.284366000000 -0.158762000000 0.022299000000 -0.137765000000 0.021949000000 -0.020546000000 0.990009000000
5824.100584109000 0.252265000000 -0.139310000000 -0.025009000000 -0.135627000000 0.046958000000 -0.019687000000 0.989451000000
5824.200533109000 0.220576000000 -0.109305000000 -0.075391000000 -0.126047000000 0.062643000000 -0.018059000000 0.989880000000
5824.300482142000 0.189321000000 -0.071232000000 -0.123300000000 -0.115923000000 0.076788000000 -0.017403000000 0.990133000000
5824.400581147000 0.158653000000 -0.027097000000 -0.166567000000 -0.098818000000 0.107045000000 -0.005874000000 0.989314000000
5824.500530109000 0.132516000000 0.021204000000 -0.202466000000 -0.077686000000 0.129911000000 0.014603000000 0.988370000000
5824.600479114000 0.106710000000 0.068310000000 -0.226607000000 -0.055138000000 0.144504000000 0.016551000000 0.987828000000
5824.700578142000 0.083369000000 0.113307000000 -0.238921000000 -0.034362000000 0.151450000000 0.009124000000 0.987825000000
5824.800527142000 0.064560000000 0.161406000000 -0.245166000000 -0.013926000000 0.156391000000 0.011200000000 0.987534000000
5824.900476142000 0.047664000000 0.215288000000 -0.246032000000 0.018479000000 0.162184000000 0.020483000000 0.986375000000
5825.000425109000 0.031432000000 0.270658000000 -0.239521000000 0.059460000000 0.161535000000 0.029198000000 0.984641000000
5825.100528918000 0.014940000000 0.329326000000 -0.226206000000 0.105017000000 0.173046000000 0.049588000000 0.978043000000
5825.200483110000 0.003802000000 0.388857000000 -0.207123000000 0.157673000000 0.174756000000 0.065589000000 0.969689000000
5825.300437308000 0.001520000000 0.446240000000 -0.183873000000 0.215113000000 0.174492000000 0.068453000000 0.958433000000
5825.400541518000 0.018883000000 0.498191000000 -0.159114000000 0.273867000000 0.160583000000 0.043600000000 0.947264000000
5825.500495715000 0.055176000000 0.550950000000 -0.127471000000 0.323443000000 0.131732000000 0.038183000000 0.936255000000
5825.600449941000 0.092128000000 0.594358000000 -0.089612000000 0.369983000000 0.100114000000 0.026874000000 0.923238000000
5825.700404138000 0.120764000000 0.629536000000 -0.044505000000 0.402235000000 0.072460000000 0.035536000000 0.911973000000
5825.800508343000 0.137932000000 0.663266000000 0.006288000000 0.440910000000 0.043664000000 0.037372000000 0.895710000000
5825.900462512000 0.135704000000 0.699375000000 0.058583000000 0.482987000000 0.024051000000 0.038512000000 0.874450000000
5826.000416738000 0.110971000000 0.744413000000 0.104327000000 0.508370000000 0.027785000000 0.051415000000 0.859153000000
5826.100516142000 0.074497000000 0.798282000000 0.142569000000 0.522975000000 0.045821000000 0.073853000000 0.847905000000
5826.200465109000 0.041335000000 0.857000000000 0.176858000000 0.534955000000 0.053882000000 0.100561000000 0.837142000000
5826.300414085000 0.007216000000 0.910299000000 0.208448000000 0.546216000000 0.075899000000 0.106431000000 0.827381000000
5826.400363109000 -0.022497000000 0.960572000000 0.237772000000 0.552782000000 0.091802000000 0.124863000000 0.818788000000
5826.500463590000 -0.046911000000 1.006964000000 0.263979000000 0.564374000000 0.102020000000 0.148667000000 0.805588000000
5826.600411142000 -0.069682000000 1.043677000000 0.282277000000 0.571563000000 0.116213000000 0.168584000000 0.794601000000
5826.700360113000 -0.090757000000 1.075314000000 0.292954000000 0.576364000000 0.128911000000 0.178621000000 0.786944000000
5826.800459142000 -0.110653000000 1.104570000000 0.298565000000 0.581328000000 0.143339000000 0.179413000000 0.780591000000
5826.900408147000 -0.126769000000 1.137181000000 0.311192000000 0.593270000000 0.149063000000 0.187059000000 0.768648000000
5827.000357109000 -0.133375000000 1.182347000000 0.329702000000 0.616232000000 0.145084000000 0.203189000000 0.746942000000
5827.100306113000 -0.129145000000 1.239018000000 0.347077000000 0.644131000000 0.139895000000 0.198479000000 0.725348000000
5827.200405080000 -0.113265000000 1.303047000000 0.360378000000 0.667192000000 0.129341000000 0.189107000000 0.708777000000
5827.300354108000 -0.091440000000 1.367610000000 0.375303000000 0.689011000000 0.118063000000 0.181843000000 0.691562000000
5827.400303113000 -0.061636000000 1.428984000000 0.392553000000 0.713034000000 0.101495000000 0.166570000000 0.673451000000
5827.500402142000 -0.022190000000 1.482691000000 0.413494000000 0.735813000000 0.077293000000 0.150099000000 0.655802000000
5827.600351108000 0.024321000000 1.525347000000 0.432648000000 0.750161000000 0.051508000000 0.125942000000 0.647104000000
5827.700300108000 0.063238000000 1.563584000000 0.452278000000 0.759805000000 0.030930000000 0.092720000000 0.642761000000
5827.800249142000 0.082853000000 1.606680000000 0.472053000000 0.769993000000 0.016770000000 0.077866000000 0.633061000000
5827.900348080000 0.080564000000 1.659115000000 0.483472000000 0.770512000000 0.014842000000 0.080446000000 0.632154000000
5828.000297142000 0.066034000000 1.716918000000 0.480797000000 0.764415000000 0.014539000000 0.091334000000 0.638056000000
5828.100246113000 0.051132000000 1.776835000000 0.464112000000 0.746583000000 0.019274000000 0.110571000000 0.655757000000
5828.200345108000 0.041828000000 1.840250000000 0.441496000000 0.727557000000 0.021675000000 0.128117000000 0.673629000000
5828.300294456000 0.039871000000 1.905736000000 0.418814000000 0.704697000000 0.033656000000 0.136645000000 0.695412000000
5828.400243142000 0.051392000000 1.969030000000 0.395866000000 0.686784000000 0.042691000000 0.125629000000 0.714649000000
5828.500192108000 0.074223000000 2.026966000000 0.366913000000 0.668423000000 0.037371000000 0.106143000000 0.735220000000
5828.600291142000 0.101443000000 2.078189000000 0.329844000000 0.646241000000 0.035133000000 0.089001000000 0.757111000000
5828.700240142000 0.133406000000 2.116384000000 0.289888000000 0.622903000000 0.019190000000 0.050208000000 0.780451000000
5828.800189142000 0.164594000000 2.146523000000 0.252376000000 0.604299000000 -0.000632000000 0.036128000000 0.795938000000
5828.900288142000 0.195969000000 2.176143000000 0.211584000000 0.585668000000 -0.019928000000 0.020197000000 0.810054000000
5829.000237142000 0.228535000000 2.199681000000 0.170985000000 0.563160000000 -0.043435000000 -0.000833000000 0.825205000000
5829.100186142000 0.256149000000 2.229468000000 0.126516000000 0.544786000000 -0.047962000000 -0.016180000000 0.837046000000
5829.200135142000 0.272157000000 2.258056000000 0.080403000000 0.524686000000 -0.059796000000 -0.023541000000 0.848867000000
5829.300234142000 0.264170000000 2.286492000000 0.026424000000 0.503795000000 -0.047207000000 -0.020122000000 0.862298000000
5829.400183141000 0.240830000000 2.307734000000 -0.027613000000 0.479025000000 -0.015882000000 0.002413000000 0.877654000000
5829.500132141000 0.217552000000 2.319739000000 -0.075119000000 0.453405000000 -0.001800000000 0.002629000000 0.891299000000
5829.600231113000 0.191221000000 2.326327000000 -0.114219000000 0.425713000000 0.019899000000 0.020159000000 0.904415000000
5829.700180108000 0.164258000000 2.328191000000 -0.148513000000 0.391387000000 0.042234000000 0.029469000000 0.918784000000
5829.800129141000 0.139614000000 2.327367000000 -0.177731000000 0.350389000000 0.062425000000 0.030940000000 0.934009000000
5829.900078141000 0.116950000000 2.329049000000 -0.201335000000 0.309870000000 0.084642000000 0.031369000000 0.946484000000
5830.000177141000 0.097466000000 2.328850000000 -0.215231000000 0.270404000000 0.104510000000 0.036779000000 0.956351000000
5830.100126079000 0.082583000000 2.325381000000 -0.221956000000 0.229966000000 0.117227000000 0.036035000000 0.965440000000
5830.200077151000 0.074297000000 2.317210000000 -0.224473000000 0.193548000000 0.121025000000 0.035147000000 0.972963000000
5830.300174141000 0.071079000000 2.299836000000 -0.226324000000 0.157809000000 0.122758000000 0.032625000000 0.979266000000
5830.400123141000 0.071202000000 2.268008000000 -0.224239000000 0.111686000000 0.123297000000 0.023469000000 0.985786000000
5830.500072141000 0.073134000000 2.223221000000 -0.219728000000 0.060056000000 0.120488000000 0.006497000000 0.990875000000
5830.600171141000 0.078905000000 2.170206000000 -0.216670000000 0.013663000000 0.110008000000 -0.008035000000 0.993804000000
5830.700120079000 0.086937000000 2.109311000000 -0.212609000000 -0.027142000000 0.111018000000 -0.004319000000 0.993438000000
5830.800069141000 0.096302000000 2.039101000000 -0.198677000000 -0.072953000000 0.097002000000 -0.014288000000 0.992504000000
5830.900018141000 0.103821000000 1.966185000000 -0.186115000000 -0.108993000000 0.092719000000 -0.015230000000 0.989592000000
5831.000117108000 0.105005000000 1.890601000000 -0.174159000000 -0.138900000000 0.095730000000 -0.015959000000 0.985539000000
5831.100066141000 0.102048000000 1.813232000000 -0.158415000000 -0.168415000000 0.095052000000 -0.021362000000 0.980890000000
5831.200015141000 0.088264000000 1.742975000000 -0.143652000000 -0.185404000000 0.089988000000 -0.035514000000 0.977889000000
5831.300114141000 0.063678000000 1.680387000000 -0.132469000000 -0.196523000000 0.111363000000 -0.037452000000 0.973434000000
5831.400063146000 0.035128000000 1.623660000000 -0.120879000000 -0.206689000000 0.126763000000 -0.041172000000 0.969286000000
5831.500012141000 0.002887000000 1.580326000000 -0.117859000000 -0.202162000000 0.158112000000 -0.045345000000 0.965440000000
5831.599961113000 -0.027005000000 1.556189000000 -0.121552000000 -0.187095000000 0.175437000000 -0.051917000000 0.965154000000
5831.700060113000 -0.059942000000 1.541609000000 -0.131994000000 -0.169983000000 0.201597000000 -0.056636000000 0.962942000000
5831.800009503000 -0.095196000000 1.523819000000 -0.147273000000 -0.158431000000 0.226429000000 -0.073311000000 0.958256000000
5831.899958141000 -0.121850000000 1.503254000000 -0.171352000000 -0.152784000000 0.237870000000 -0.076745000000 0.956130000000
5832.000057141000 -0.140799000000 1.473621000000 -0.202079000000 -0.148119000000 0.260125000000 -0.078648000000 0.950900000000
5832.100006113000 -0.132981000000 1.431776000000 -0.235896000000 -0.153124000000 0.264374000000 -0.073679000000 0.949332000000
5832.199955079000 -0.107780000000 1.377812000000 -0.276869000000 -0.169450000000 0.248136000000 -0.058786000000 0.951977000000
5832.299904141000 -0.076306000000 1.315978000000 -0.311769000000 -0.199256000000 0.216087000000 -0.055218000000 0.954230000000
5832.400003112000 -0.043971000000 1.252685000000 -0.333007000000 -0.237586000000 0.188127000000 -0.046832000000 0.951823000000
5832.499952108000 -0.012874000000 1.192690000000 -0.342792000000 -0.278200000000 0.163186000000 -0.041083000000 0.945668000000
5832.599901141000 0.013742000000 1.135539000000 -0.341325000000 -0.315430000000 0.140441000000 -0.039345000000 0.937674000000
5832.700000141000 0.037024000000 1.082517000000 -0.328347000000 -0.347145000000 0.129978000000 -0.035257000000 0.928091000000
5832.799949141000 0.054249000000 1.031352000000 -0.304089000000 -0.381548000000 0.110517000000 -0.037730000000 0.916942000000
5832.899898108000 0.062409000000 0.978027000000 -0.275652000000 -0.408913000000 0.104034000000 -0.039441000000 0.905765000000
5832.999847141000 0.063934000000 0.922695000000 -0.240761000000 -0.434907000000 0.103285000000 -0.037769000000 0.893735000000
5833.099946112000 0.057027000000 0.864150000000 -0.197004000000 -0.461401000000 0.107739000000 -0.047558000000 0.879341000000
5833.199895108000 0.044597000000 0.807372000000 -0.147581000000 -0.489850000000 0.114636000000 -0.054171000000 0.862538000000
5833.299844108000 0.023505000000 0.749841000000 -0.098499000000 -0.509571000000 0.134957000000 -0.068377000000 0.847023000000
5833.399943150000 0.001678000000 0.695140000000 -0.050289000000 -0.525536000000 0.149429000000 -0.077893000000 0.833916000000
5833.499892141000 -0.015823000000 0.643046000000 -0.006545000000 -0.535514000000 0.165018000000 -0.087222000000 0.823642000000
5833.599841141000 -0.021666000000 0.593757000000 0.038254000000 -0.549952000000 0.169102000000 -0.085246000000 0.813444000000
5833.699790112000 -0.019874000000 0.549595000000 0.087757000000 -0.576974000000 0.165280000000 -0.094984000000 0.794205000000
5833.799889112000 -0.002353000000 0.509675000000 0.140937000000 -0.616272000000 0.143334000000 -0.097741000000 0.768187000000
5833.899838112000 0.024452000000 0.472537000000 0.190504000000 -0.653405000000 0.118283000000 -0.087814000000 0.742536000000
5833.999787141000 0.048004000000 0.438807000000 0.242267000000 -0.689666000000 0.103124000000 -0.080716000000 0.712187000000
5834.099886141000 0.062393000000 0.406698000000 0.292619000000 0.725450000000 -0.088575000000 0.072738000000 -0.678665000000
5834.199835112000 0.061570000000 0.376119000000 0.343463000000 0.757111000000 -0.091086000000 0.070589000000 -0.643042000000
5834.299784112000 0.048640000000 0.352519000000 0.390949000000 0.779984000000 -0.111519000000 0.084225000000 -0.609996000000
5834.399733141000 0.030703000000 0.335435000000 0.437656000000 0.803613000000 -0.113780000000 0.100387000000 -0.575485000000
5834.499832107000 0.009690000000 0.318709000000 0.480747000000 0.824127000000 -0.124646000000 0.122922000000 -0.538673000000
5834.599781112000 -0.002403000000 0.310317000000 0.531652000000 0.849208000000 -0.120068000000 0.135554000000 -0.496039000000
5834.699730141000 -0.007090000000 0.311889000000 0.586784000000 0.870001000000 -0.118830000000 0.141289000000 -0.457181000000
5834.799829141000 -0.001357000000 0.315355000000 0.643242000000 0.890122000000 -0.125101000000 0.136032000000 -0.416567000000
5834.899778112000 0.008633000000 0.315953000000 0.705118000000 0.909633000000 -0.111623000000 0.130765000000 -0.378164000000
5834.999727107000 0.026081000000 0.317622000000 0.765312000000 0.925188000000 -0.097276000000 0.121305000000 -0.346192000000
5835.099676141000 0.050903000000 0.315427000000 0.823048000000 0.936718000000 -0.082538000000 0.098242000000 -0.325724000000
5835.199775141000 0.073132000000 0.302303000000 0.884182000000 0.941568000000 -0.068591000000 0.082401000000 -0.319305000000
5835.299724145000 0.101569000000 0.284371000000 0.950213000000 0.943843000000 -0.055912000000 0.062430000000 -0.319587000000
5835.399673141000 0.136500000000 0.268764000000 1.012050000000 0.943858000000 -0.046481000000 0.043363000000 -0.324178000000
5835.499772079000 0.177875000000 0.257113000000 1.064732000000 0.940753000000 -0.049877000000 0.025343000000 -0.334444000000
5835.599721107000 0.213729000000 0.239454000000 1.113266000000 0.933170000000 -0.046507000000 0.012447000000 -0.356197000000
5835.699670107000 0.244479000000 0.216718000000 1.154216000000 0.925059000000 -0.038114000000 0.005606000000 -0.377864000000
5835.799619079000 0.273005000000 0.195106000000 1.190917000000 0.919592000000 -0.007688000000 -0.010800000000 -0.392652000000
5835.899718141000 0.291818000000 0.171639000000 1.225290000000 0.914710000000 0.000356000000 -0.008394000000 -0.404023000000
5835.999667141000 0.309890000000 0.149054000000 1.257337000000 0.915126000000 0.010209000000 -0.020107000000 -0.402537000000
5836.099616140000 0.326694000000 0.116909000000 1.287772000000 0.911314000000 0.016274000000 -0.028857000000 -0.410376000000
5836.199715140000 0.343111000000 0.073315000000 1.311943000000 0.903434000000 0.009965000000 -0.029162000000 -0.427617000000
5836.299664112000 0.360229000000 0.025169000000 1.324592000000 0.888417000000 0.027601000000 -0.040385000000 -0.456424000000
5836.399613107000 0.373556000000 -0.026537000000 1.327749000000 0.868669000000 0.047113000000 -0.049099000000 -0.490697000000
5836.499562140000 0.375277000000 -0.075350000000 1.318370000000 0.848263000000 0.057570000000 -0.055665000000 -0.523486000000
5836.599661102000 0.368550000000 -0.116459000000 1.296643000000 0.829420000000 0.062786000000 -0.061661000000 -0.551651000000
5836.699610112000 0.355156000000 -0.153988000000 1.267151000000 0.803303000000 0.062563000000 -0.047420000000 -0.590374000000
5836.799559140000 0.344429000000 -0.179237000000 1.227471000000 0.774247000000 0.070862000000 -0.041379000000 -0.627541000000
5836.899658112000 0.334656000000 -0.192754000000 1.186226000000 0.738397000000 0.075858000000 -0.034030000000 -0.669221000000
5836.999607140000 0.329496000000 -0.195108000000 1.141183000000 -0.697677000000 -0.085056000000 0.031022000000 0.710668000000
5837.099556140000 0.328596000000 -0.190968000000 1.094550000000 -0.650868000000 -0.088657000000 0.032219000000 0.753308000000
5837.199505112000 0.322399000000 -0.176956000000 1.047300000000 -0.600810000000 -0.107826000000 0.034204000000 0.791348000000
5837.299604112000 0.304502000000 -0.159839000000 0.998304000000 -0.551589000000 -0.125155000000 0.022599000000 0.824363000000
5837.399553140000 0.280960000000 -0.140432000000 0.945357000000 -0.511118000000 -0.118858000000 0.005341000000 0.851236000000
5837.499502112000 0.258493000000 -0.111395000000 0.879877000000 -0.463162000000 -0.120012000000 -0.001286000000 0.878110000000
5837.599601140000 0.233310000000 -0.075574000000 0.805327000000 -0.404150000000 -0.119952000000 -0.013524000000 0.906692000000
5837.699550112000 0.208980000000 -0.034618000000 0.727960000000 -0.361682000000 -0.109285000000 -0.015456000000 0.925745000000
5837.799499140000 0.186009000000 0.009761000000 0.652344000000 -0.319162000000 -0.106591000000 -0.011111000000 0.941621000000
5837.899448112000 0.161599000000 0.051700000000 0.572903000000 -0.281048000000 -0.102697000000 -0.011061000000 0.954119000000
5837.999547078000 0.138428000000 0.093602000000 0.495077000000 -0.246119000000 -0.094677000000 -0.010904000000 0.964543000000
5838.099496112000 0.119350000000 0.134171000000 0.420998000000 -0.211351000000 -0.066035000000 0.005013000000 0.975164000000
5838.199445097000 0.098415000000 0.162909000000 0.356476000000 -0.179629000000 -0.058338000000 -0.007260000000 0.981976000000
5838.299544112000 0.080276000000 0.182864000000 0.306119000000 -0.151152000000 -0.043496000000 -0.016969000000 0.987407000000
5838.399493140000 0.067300000000 0.207543000000 0.272324000000 -0.129524000000 -0.045191000000 -0.024402000000 0.990245000000
5838.499442107000 0.052108000000 0.228538000000 0.244618000000 -0.110765000000 -0.041391000000 -0.023244000000 0.992712000000
5838.599391140000 0.027327000000 0.242310000000 0.220827000000 -0.088305000000 -0.021639000000 -0.034649000000 0.995255000000
5838.699490107000 0.005969000000 0.252038000000 0.196985000000 -0.049057000000 -0.003853000000 -0.037781000000 0.998074000000
5838.799439140000 -0.010481000000 0.245910000000 0.173139000000 -0.014600000000 0.016000000000 -0.018725000000 0.999590000000
5838.899388140000 -0.023802000000 0.219484000000 0.156861000000 0.013374000000 0.000683000000 -0.017912000000 0.999750000000
5838.999487140000 -0.042697000000 0.179565000000 0.139742000000 0.032769000000 0.021993000000 -0.000078000000 0.999221000000
5839.099436140000 -0.062668000000 0.135262000000 0.124193000000 0.055477000000 0.032313000000 -0.014838000000 0.997827000000
5839.199385140000 -0.079734000000 0.094297000000 0.110936000000 0.072121000000 0.037552000000 -0.023044000000 0.996422000000
5839.299334111000 -0.093421000000 0.065337000000 0.096954000000 0.094407000000 0.034541000000 -0.009810000000 0.994886000000
5839.399433107000 -0.102269000000 0.043353000000 0.081377000000 0.116602000000 0.044698000000 0.008346000000 0.992137000000
5839.499382140000 -0.103138000000 0.022498000000 0.069256000000 0.123745000000 0.032588000000 0.012888000000 0.991695000000
5839.599331140000 -0.104942000000 0.004308000000 0.059318000000 0.113797000000 0.037659000000 0.004392000000 0.992780000000
5839.699430107000 -0.104554000000 -0.008082000000 0.050516000000 0.104842000000 0.042576000000 -0.001350000000 0.993576000000
5839.799379107000 -0.101672000000 -0.016141000000 0.044165000000 0.099720000000 0.042502000000 -0.010806000000 0.994049000000
5839.899328107000 -0.099338000000 -0.021032000000 0.040675000000 0.098114000000 0.038711000000 -0.015261000000 0.994305000000
5839.999427140000 -0.101055000000 -0.023356000000 0.037369000000 0.098662000000 0.044924000000 -0.017604000000 0.993951000000
5840.099372459000 -0.101071000000 -0.024864000000 0.034929000000 0.096165000000 0.046288000000 -0.022090000000 0.994043000000
5840.199317494000 -0.098859000000 -0.025951000000 0.031632000000 0.096409000000 0.045102000000 -0.022476000000 0.994065000000
5840.299262463000 -0.098312000000 -0.028088000000 0.029104000000 0.092423000000 0.042865000000 -0.024268000000 0.994501000000
5840.399357492000 -0.100318000000 -0.030724000000 0.025884000000 0.087292000000 0.043684000000 -0.023603000000 0.994945000000
5840.499302494000 -0.103713000000 -0.034686000000 0.022398000000 0.079955000000 0.045474000000 -0.020142000000 0.995557000000
5840.599247468000 -0.108128000000 -0.040507000000 0.018641000000 0.071749000000 0.045342000000 -0.020044000000 0.996190000000
5840.699342493000 -0.112010000000 -0.043774000000 0.016615000000 0.068583000000 0.047293000000 -0.020371000000 0.996316000000
5840.799287461000 -0.113296000000 -0.048830000000 0.016661000000 0.062473000000 0.045362000000 -0.025843000000 0.996680000000
5840.899232435000 -0.112845000000 -0.051105000000 0.017790000000 0.056878000000 0.045000000000 -0.030238000000 0.996908000000
5840.999177499000 -0.111539000000 -0.049759000000 0.019065000000 0.057612000000 0.043452000000 -0.029479000000 0.996957000000
5841.099276111000 -0.112882000000 -0.046391000000 0.021148000000 0.060639000000 0.043458000000 -0.028902000000 0.996794000000
5841.199225140000 -0.115924000000 -0.046733000000 0.024796000000 0.061617000000 0.045177000000 -0.035479000000 0.996446000000
5841.299174111000 -0.117145000000 -0.048934000000 0.027495000000 0.060082000000 0.043412000000 -0.041306000000 0.996393000000
5841.399273140000 -0.115940000000 -0.048537000000 0.026605000000 0.068194000000 0.041134000000 -0.035690000000 0.996185000000
5841.499222111000 -0.115259000000 -0.050280000000 0.026962000000 0.068032000000 0.038177000000 -0.035018000000 0.996337000000
5841.599171106000 -0.113983000000 -0.050005000000 0.026459000000 0.072241000000 0.036510000000 -0.034944000000 0.996106000000
5841.699120111000 -0.112755000000 -0.048949000000 0.025453000000 0.078420000000 0.035378000000 -0.029471000000 0.995856000000
5841.799219111000 -0.114156000000 -0.051970000000 0.024472000000 0.078590000000 0.038667000000 -0.028837000000 0.995739000000
5841.899168116000 -0.117074000000 -0.056004000000 0.024329000000 0.076978000000 0.042532000000 -0.026712000000 0.995767000000
5841.999117140000 -0.118281000000 -0.059258000000 0.023143000000 0.080070000000 0.045921000000 -0.024771000000 0.995423000000
5842.099216140000 -0.116179000000 -0.061424000000 0.023603000000 0.080407000000 0.042434000000 -0.027703000000 0.995473000000
