98 0
99 11
100 23
101 34
102 46
103 57
104 69
105 80
106 92
107 103
108 115
109 127
110 139
111 151
112 163
113 175
114 186
115 198
116 210
117 222
118 234
119 246
120 258
121 270
122 282
123 294
124 306
125 318
126 330
127 342
128 354
129 365
130 377
131 389
132 401
133 413
134 425
135 437
136 446
137 454
138 460
139 467
140 476
141 485
142 491
143 500
144 512
145 524
146 536
147 548
148 560
149 572
150 584
151 596
152 608
153 620
154 632
155 644
156 656
157 668
158 680
159 692
160 704
161 716
162 728
163 740
164 752
165 764
166 775
167 787
168 799
169 811
170 823
171 835
172 847
173 859
174 870
175 882
176 893
177 905
178 917
179 928
180 940
181 952
182 964
183 975
184 985
185 997
186 1009
187 1021
188 1028
189 1038
190 1049
191 1061
192 1070
193 1082
194 1094
195 1105
196 1116
197 1128
198 1140
199 1152
200 1164
201 1176
202 1188
203 1200
204 1212
205 1221
206 1226
207 1230
208 1241
209 1253
210 1263
211 1275
212 1285
213 1294
214 1306
215 1317
216 1329
217 1339
218 1347
219 1358
220 1370
221 1381
222 1393
223 1404
224 1416
225 1427
226 1435
227 1447
228 1457
229 1469
230 1481
231 1493
232 1505
233 1517
234 1529
235 1541
236 1553
237 1565
238 1577
239 1589
240 1601
241 1613
242 1625
243 1637
244 1649
245 1661
246 1673
247 1685
248 1697
249 1709
250 1721
251 1733
252 1745
253 1753
254 1762
255 1772
256 1784
257 1796
258 1808
259 1820
260 1832
261 1844
262 1851
263 1862
264 1874
265 1886
266 1898
267 1910
268 1922
269 1934
270 1946
271 1958
272 1970
273 1982
274 1994
275 2006
276 2018
277 2030
278 2042
279 2054
280 2066
281 2078
282 2090
283 2102
284 2114
285 2126
286 2138
287 2150
288 2162
289 2172
290 2183
291 2194
292 2206
293 2218
294 2230
295 2242
296 2254
297 2265
298 2269
299 2280
300 2289
301 2299
302 2310
303 2322
304 2334
305 2346
306 2358
307 2369
308 2381
309 2391
310 2402
311 2411
312 2421
313 2433
314 2445
315 2455
316 2465
317 2477
318 2489
319 2501
320 2512
321 2524
322 2536
323 2548
324 2559
325 2571
326 2583
327 2595
328 2607
329 2619
330 2631
331 2643
332 2655
334 2665
337 2666
338 2668
340 2670
341 2671
342 2675
343 2684
344 2696
345 2708
346 2720
347 2732
348 2744
349 2756
350 2768
351 2780
352 2792
353 2804
354 2816
355 2828
356 2837
357 2847
358 2857
359 2867
360 2879
361 2890
362 2902
363 2914
364 2926
365 2938
366 2950
367 2962
368 2974
369 2986
370 2998
371 3010
372 3022
373 3034
374 3046
375 3058
376 3070
377 3082
378 3094
379 3106
380 3118
381 3129
382 3141
383 3153
384 3165
385 3177
386 3189
387 3201
388 3213
389 3224
390 3236
391 3247
392 3258
393 3269
394 3281
395 3293
396 3305
397 3317
398 3329
399 3341
400 3351
401 3363
402 3375
403 3387
404 3399
405 3411
406 3423
407 3434
408 3439
409 3450
410 3462
411 3474
412 3486
413 3498
414 3510
415 3522
416 3534
417 3546
418 3558
419 3570
420 3582
421 3594
422 3606
423 3618
424 3630
425 3642
426 3654
427 3666
428 3678
429 3690
430 3702
431 3714
432 3726
433 3738
434 3749
435 3761
436 3773
437 3784
438 3796
439 3808
440 3820
441 3832
442 3844
443 3856
444 3868
445 3880
446 3892
447 3904
448 3916
449 3928
450 3940
451 3952
452 3963
453 3975
454 3986
455 3998
456 4010
457 4022
458 4034
459 4046
460 4058
461 4070
462 4082
463 4094
464 4106
465 4118
466 4130
467 4142
468 4153
469 4165
470 4176
471 4188
472 4198
473 4207
474 4216
475 4225
476 4231
477 4240
478 4251
479 4263
480 4272
481 4277
482 4282
483 4289
484 4299
485 4311
486 4323
487 4335
488 4347
489 4359
490 4371
491 4383
492 4395
493 4407
494 4419
495 4431
496 4443
497 4455
498 4467
499 4479
500 4491
501 4503
502 4515
503 4527
504 4539
505 4551
506 4563
507 4575
508 4587
509 4599
510 4611
511 4623
512 4635
513 4647
514 4659
515 4671
516 4683
517 4695
518 4707
519 4719
