72 1
73 5
74 9
75 13
76 17
77 21
78 25
79 29
80 33
81 37
82 41
83 45
84 49
85 53
86 57
87 61
88 65
89 69
90 73
91 77
92 81
93 85
94 89
95 93
96 97
97 101
98 105
99 109
100 113
101 117
102 121
103 125
104 129
105 133
106 137
107 141
108 145
109 149
110 153
111 157
112 161
113 165
114 169
115 173
116 177
117 181
118 185
119 189
120 193
121 197
122 201
123 205
124 209
125 213
126 217
127 221
128 225
129 229
130 233
131 237
132 241
133 245
134 249
135 253
136 257
137 261
138 265
139 269
140 273
141 277
142 281
143 285
144 289
145 293
146 297
147 301
148 305
149 309
150 313
151 317
152 321
153 325
154 329
155 333
156 337
157 341
158 345
159 349
160 353
161 357
162 361
163 365
164 369
165 373
166 377
167 381
168 385
169 389
170 393
171 397
172 401
173 405
174 409
175 413
176 417
177 421
178 425
179 429
180 433
181 437
182 441
183 445
184 449
185 453
186 457
187 461
188 465
189 469
190 473
191 477
192 481
193 485
194 489
195 493
196 497
197 501
198 505
199 509
200 513
201 517
202 521
203 525
204 529
205 533
206 537
207 541
208 545
209 549
210 553
211 557
212 561
213 565
214 569
215 573
216 577
217 580
218 584
219 588
220 592
221 596
222 600
223 604
224 608
225 612
226 616
227 620
228 624
229 628
230 632
231 636
232 640
233 644
234 648
235 652
236 656
237 660
238 664
239 668
240 672
241 676
242 680
243 684
244 688
245 692
246 696
247 700
248 704
249 708
250 712
251 716
252 720
253 724
254 728
255 732
256 736
257 740
258 744
259 748
260 752
261 756
262 760
263 764
264 768
265 772
266 776
267 779
268 783
269 787
270 791
271 795
272 799
273 803
274 807
275 811
276 815
277 819
278 823
279 827
280 831
281 835
282 839
283 843
284 847
285 851
286 855
287 859
288 863
289 867
290 871
291 875
292 879
293 883
294 887
295 891
296 895
297 899
298 903
299 907
300 911
301 915
302 919
303 923
304 927
305 931
306 935
307 939
308 943
309 947
310 951
311 955
312 959
313 963
314 967
315 971
316 975
317 979
318 983
319 987
320 991
321 995
322 999
323 1003
324 1007
325 1011
326 1015
327 1019
328 1023
329 1027
330 1031
331 1035
332 1039
333 1043
334 1047
335 1051
336 1055
337 1059
338 1063
339 1067
340 1071
341 1075
342 1079
343 1083
344 1087
345 1091
346 1095
347 1099
348 1103
349 1107
350 1111
351 1115
352 1119
353 1123
354 1127
355 1131
356 1135
357 1139
358 1143
359 1147
360 1151
361 1155
362 1159
363 1163
364 1167
365 1171
366 1175
367 1179
368 1183
369 1187
370 1191
371 1195
372 1199
373 1203
374 1207
375 1211
376 1215
377 1219
378 1223
379 1227
380 1231
381 1235
382 1239
383 1243
384 1247
385 1251
386 1255
387 1259
388 1263
389 1267
390 1271
391 1275
392 1279
393 1283
394 1287
395 1291
396 1295
397 1299
398 1303
399 1307
400 1311
401 1315
402 1319
403 1323
404 1327
405 1331
406 1335
407 1339
408 1343
409 1347
410 1351
411 1355
412 1359
413 1363
414 1367
415 1371
416 1375
417 1379
418 1383
419 1387
420 1391
421 1395
422 1399
423 1403
424 1407
425 1411
426 1415
427 1419
428 1423
429 1427
430 1431
431 1435
432 1439
433 1443
434 1447
435 1451
436 1455
437 1459
438 1463
439 1467
440 1471
441 1475
442 1479
443 1483
444 1487
445 1491
446 1495
447 1499
448 1503
449 1507
450 1511
451 1515
452 1519
453 1523
454 1527
455 1531
456 1535
457 1539
458 1543
459 1547
460 1551
461 1555
462 1559
463 1563
464 1567
465 1571
466 1575
467 1579
468 1583
469 1587
470 1591
471 1595
472 1599
473 1603
474 1607
475 1611
476 1615
477 1619
478 1623
479 1627
480 1631
481 1635
482 1639
483 1643
484 1647
485 1651
486 1655
487 1659
488 1663
489 1667
490 1671
491 1675
492 1679
493 1683
494 1687
495 1691
496 1695
497 1699
498 1703
499 1707
500 1711
501 1715
502 1719
503 1723
504 1727
505 1731
506 1735
507 1739
508 1743
509 1747
510 1751
511 1755
512 1759
513 1763
514 1767
515 1771
516 1775
517 1779
518 1783
519 1787
520 1791
521 1795
522 1799
523 1803
524 1807
525 1811
526 1815
527 1819
528 1823
529 1827
530 1831
531 1835
532 1839
533 1843
534 1847
535 1851
536 1855
537 1859
538 1863
539 1867
540 1871
541 1875
542 1879
543 1883
544 1887
545 1891
546 1895
547 1899
548 1903
549 1907
550 1911
551 1915
552 1919
553 1923
554 1927
555 1931
556 1935
557 1939
558 1943
559 1947
560 1951
561 1955
562 1959
563 1963
564 1967
565 1971
566 1975
567 1979
568 1983
569 1987
570 1991
571 1995
572 1998
573 2002
574 2006
575 2010
576 2014
577 2017
578 2020
579 2024
580 2028
581 2032
582 2036
583 2040
584 2044
585 2048
586 2051
587 2054
588 2057
589 2061
590 2065
591 2069
592 2073
593 2077
594 2081
595 2085
596 2089
597 2093
598 2097
599 2101
600 2105
601 2109
602 2113
603 2117
604 2121
605 2125
606 2129
607 2133
608 2137
609 2141
610 2145
611 2149
612 2153
613 2157
614 2161
615 2165
616 2169
617 2173
618 2177
619 2181
620 2185
621 2189
622 2193
623 2197
624 2201
625 2205
626 2209
627 2213
628 2217
629 2221
630 2225
631 2229
632 2233
633 2237
634 2241
635 2245
636 2249
637 2253
638 2257
639 2261
640 2265
641 2269
642 2273
643 2277
644 2281
645 2285
646 2289
647 2293
648 2297
649 2301
650 2305
651 2309
652 2313
653 2317
654 2321
655 2325
656 2329
657 2333
658 2337
659 2341
660 2345
661 2349
662 2353
663 2357
664 2361
665 2364
666 2367
667 2370
668 2373
669 2377
670 2381
671 2385
672 2389
673 2393
674 2397
675 2401
676 2405
677 2409
678 2413
679 2417
680 2421
681 2425
682 2429
683 2433
684 2437
685 2441
686 2445
687 2449
688 2453
689 2457
690 2461
691 2465
692 2469
693 2473
694 2477
695 2481
696 2485
697 2489
698 2493
699 2497
700 2501
701 2505
702 2509
703 2513
704 2517
705 2521
706 2525
707 2529
708 2533
709 2537
710 2541
711 2545
712 2549
713 2553
714 2557
715 2561
716 2565
717 2569
718 2573
719 2577
720 2581
721 2585
722 2589
723 2593
724 2597
725 2601
726 2605
727 2609
728 2613
729 2617
730 2621
731 2625
732 2629
733 2633
734 2637
735 2641
736 2645
737 2649
738 2653
739 2657
740 2661
741 2665
742 2669
743 2673
744 2677
745 2681
746 2685
747 2689
748 2693
749 2697
750 2701
751 2705
752 2709
753 2713
754 2717
755 2721
756 2725
757 2729
758 2733
759 2737
760 2741
761 2745
762 2749
763 2753
764 2757
765 2761
766 2765
767 2769
768 2773
769 2777
770 2781
771 2785
772 2789
773 2793
774 2797
775 2801
776 2805
777 2809
778 2813
779 2817
780 2821
781 2825
782 2829
783 2833
784 2837
785 2841
786 2845
787 2849
788 2853
789 2857
790 2861
791 2865
792 2869
793 2873
794 2877
795 2881
796 2885
797 2889
798 2893
799 2897
800 2901
801 2905
802 2909
803 2913
804 2917
805 2921
806 2925
807 2929
808 2933
809 2937
810 2941
811 2945
812 2949
813 2953
814 2957
815 2961
816 2965
817 2969
818 2973
819 2977
820 2981
821 2985
822 2989
823 2993
824 2997
825 3001
826 3005
827 3009
828 3013
829 3017
830 3021
831 3025
832 3029
833 3033
834 3037
835 3040
836 3043
837 3044
838 3048
839 3052
840 3056
841 3060
842 3064
843 3068
844 3072
845 3076
846 3080
847 3084
848 3088
849 3092
850 3096
851 3100
852 3104
853 3108
854 3112
855 3116
856 3120
857 3124
858 3128
859 3132
860 3136
861 3140
862 3144
863 3148
864 3152
865 3156
866 3160
867 3164
868 3168
869 3172
870 3176
871 3180
872 3184
873 3188
874 3192
875 3196
876 3200
877 3204
878 3208
879 3212
880 3216
881 3220
882 3224
883 3228
884 3232
885 3236
886 3240
887 3244
888 3248
889 3252
890 3256
891 3260
892 3264
893 3267
894 3270
895 3274
896 3278
897 3282
898 3286
899 3290
900 3294
901 3298
902 3302
903 3305
904 3309
905 3313
906 3317
907 3321
908 3325
909 3329
910 3333
911 3337
912 3341
913 3345
914 3349
915 3353
916 3357
917 3361
918 3365
919 3369
920 3373
921 3377
922 3381
923 3385
924 3389
925 3393
926 3397
927 3401
928 3405
929 3409
930 3413
931 3417
932 3421
933 3425
934 3429
935 3433
936 3437
937 3441
938 3445
939 3449
940 3453
941 3457
942 3461
943 3465
944 3469
945 3473
946 3477
947 3481
948 3485
949 3489
950 3493
951 3497
952 3501
953 3505
954 3509
955 3513
956 3517
957 3521
958 3525
959 3529
960 3533
961 3537
962 3541
963 3545
964 3549
965 3553
966 3557
967 3561
968 3565
969 3569
970 3573
971 3577
972 3581
973 3585
974 3589
975 3593
976 3597
977 3601
978 3605
979 3609
980 3613
981 3617
982 3621
983 3625
984 3629
985 3633
986 3637
987 3641
988 3645
989 3649
990 3653
991 3657
992 3661
993 3665
994 3669
995 3673
996 3677
997 3681
998 3684
999 3687
1000 3690
1001 3691
1002 3694
1003 3698
1004 3702
1005 3706
1006 3710
1007 3714
1008 3718
1009 3722
1010 3726
1011 3730
1012 3734
1013 3738
1014 3742
1015 3746
1016 3750
1017 3754
1018 3758
1019 3762
1020 3766
1021 3770
1022 3774
1023 3778
1024 3782
1025 3783
1026 3787
1028 3788
1029 3791
1030 3795
1031 3799
1032 3803
1033 3807
1034 3811
1035 3815
1036 3819
1037 3823
1038 3827
1039 3831
1040 3835
1041 3839
1042 3843
1043 3847
1044 3851
1045 3855
1046 3859
1047 3863
1048 3867
1049 3871
1050 3875
1051 3879
1052 3883
1053 3887
1054 3891
1055 3895
1056 3899
1057 3903
1058 3907
1059 3911
1060 3915
1061 3919
1062 3923
1063 3927
1064 3931
1065 3935
1066 3939
1067 3943
1068 3947
1069 3951
1070 3955
1071 3959
1072 3963
1073 3967
1074 3971
1075 3975
1076 3979
1077 3983
1078 3987
1079 3991
1080 3995
1081 3999
1082 4003
1083 4007
1084 4011
1085 4015
1086 4019
1087 4023
1088 4027
1089 4031
1090 4035
1091 4039
1092 4043
1093 4047
1094 4051
1095 4055
1096 4059
1097 4063
1098 4067
1099 4071
1100 4075
1101 4079
1102 4083
1103 4087
1104 4091
1105 4095
1106 4099
1107 4103
1108 4107
1109 4111
1110 4115
1111 4119
1112 4123
1113 4127
1114 4131
1115 4135
1116 4139
1117 4143
1118 4147
1119 4151
1120 4155
1121 4159
1122 4163
1123 4167
1124 4171
1125 4175
1126 4179
1127 4183
1128 4187
1129 4191
1130 4195
1131 4199
1132 4203
1133 4207
1134 4211
1135 4215
1136 4219
1137 4223
1138 4227
1139 4231
1140 4235
1141 4239
1142 4243
1143 4247
1144 4251
1145 4255
1146 4259
1147 4263
1148 4267
1149 4271
1150 4275
1151 4279
1152 4283
1153 4287
1154 4291
1155 4295
1156 4299
1157 4303
1158 4307
1159 4311
1160 4315
1161 4319
1162 4323
1163 4327
1164 4331
1165 4335
1166 4339
1167 4343
1168 4347
1169 4351
1170 4355
1171 4359
1172 4363
1173 4367
1174 4371
1175 4375
1176 4379
1177 4383
1178 4387
1179 4391
1180 4395
1181 4399
1182 4403
1183 4407
1184 4411
1185 4415
1186 4419
1187 4423
1188 4427
1189 4431
1190 4435
1191 4439
1192 4443
1193 4447
1194 4451
1195 4455
1196 4459
1197 4463
1198 4467
1199 4471
1200 4475
1201 4479
1202 4483
1203 4487
1204 4491
1205 4495
1206 4499
1207 4503
1208 4507
1209 4511
1210 4515
1211 4519
1212 4523
1213 4527
1214 4531
1215 4535
1216 4539
1217 4543
1218 4547
1219 4551
1220 4555
1221 4559
1222 4563
1223 4567
1224 4571
1225 4575
1226 4579
1227 4583
1228 4587
1229 4591
1230 4595
1231 4599
1232 4603
1233 4607
1234 4611
1235 4615
1236 4619
1237 4623
1238 4627
1239 4631
1240 4635
1241 4639
1242 4643
1243 4647
1244 4651
1245 4655
1246 4659
1247 4663
1248 4667
1249 4671
1250 4675
1251 4678
1252 4682
1253 4686
1254 4690
1255 4694
1256 4698
1257 4702
1258 4706
1259 4710
1260 4714
1261 4717
1262 4721
1263 4725
1264 4729
1265 4733
1266 4737
1267 4741
1268 4745
1269 4749
1270 4753
1271 4757
1272 4761
1273 4765
1274 4769
1275 4773
1276 4776
1277 4779
1278 4783
1279 4787
1280 4791
1281 4795
1282 4799
1283 4803
1284 4807
1285 4811
1286 4815
1287 4819
1288 4823
1289 4827
1290 4831
1291 4835
1292 4839
1293 4843
1294 4847
1295 4851
1296 4855
1297 4859
1298 4863
1299 4867
1300 4871
1301 4875
1302 4879
1303 4883
1304 4887
1305 4891
1306 4895
1307 4899
1308 4903
1309 4907
1310 4911
1311 4915
1312 4919
1313 4923
1314 4927
1315 4931
1316 4935
1317 4939
1318 4943
1319 4947
1320 4951
1321 4955
1322 4959
1323 4963
1324 4967
1325 4971
1326 4975
1327 4979
1328 4983
1329 4987
1330 4991
1331 4995
1332 4999
1333 5003
1334 5007
1335 5011
1336 5015
1337 5019
1338 5023
1339 5027
1340 5031
1341 5035
1342 5039
1343 5043
1344 5047
1345 5051
1346 5055
1347 5059
1348 5063
1349 5067
1350 5071
1351 5075
1352 5079
1353 5083
1354 5087
1355 5091
1356 5095
1357 5099
1358 5103
1359 5107
1360 5111
1361 5115
1362 5119
1363 5123
1364 5127
1365 5131
1366 5135
1367 5139
1368 5143
1369 5147
1370 5151
1371 5155
1372 5159
1373 5163
1374 5167
1375 5171
1376 5175
1377 5179
1378 5183
1379 5187
1380 5191
1381 5195
1382 5199
1383 5202
1384 5206
1385 5210
1386 5213
1387 5216
1388 5220
1389 5224
1390 5228
1391 5232
1392 5236
1393 5240
1394 5244
1395 5248
1396 5252
1397 5256
1398 5260
1399 5264
1400 5268
1401 5272
1402 5276
1403 5280
1404 5284
1405 5288
1406 5292
1407 5296
1408 5300
1409 5304
1410 5308
1411 5312
1412 5316
1413 5320
1414 5324
1415 5328
1416 5332
1417 5336
1418 5340
1419 5344
1420 5348
1421 5352
1422 5356
1423 5360
1424 5364
1425 5368
1426 5372
1427 5376
1428 5380
1429 5384
1430 5388
1431 5392
1432 5396
1433 5400
1434 5404
1435 5408
1436 5412
1437 5416
1438 5420
1439 5424
1440 5428
1441 5432
1442 5436
1443 5440
1444 5444
1445 5448
1446 5452
1447 5456
1448 5460
1449 5464
1450 5468
1451 5472
1452 5476
1453 5480
1454 5484
1455 5488
1456 5492
1457 5496
1458 5500
1459 5504
1460 5508
1461 5512
1462 5516
1463 5520
1464 5524
1465 5528
1466 5532
1467 5536
1468 5540
1469 5544
1470 5548
1471 5552
1472 5556
1473 5560
1474 5564
1475 5568
1476 5572
1477 5576
1478 5580
1479 5584
1480 5588
1481 5592
1482 5596
1483 5600
1484 5604
1485 5608
1486 5612
1487 5616
1488 5620
1489 5624
1490 5628
1491 5632
1492 5636
1493 5640
1494 5644
1495 5648
1496 5652
1497 5656
1498 5660
1499 5664
1500 5667
1501 5671
1502 5675
1503 5679
1504 5683
1505 5687
1506 5691
1507 5695
1508 5699
1509 5703
1510 5707
1511 5711
1512 5715
1513 5719
1514 5723
1515 5727
1516 5731
1517 5735
1518 5739
1519 5743
1520 5747
1521 5751
1522 5755
1523 5759
1524 5763
1525 5767
1526 5771
1527 5775
1528 5779
1529 5783
1530 5787
1531 5791
1532 5795
1533 5799
1534 5803
1535 5807
1536 5811
1537 5815
1538 5819
1539 5823
1540 5827
1541 5831
1542 5835
1543 5839
1544 5843
1545 5847
1546 5851
1547 5854
1548 5858
1549 5863
1550 5867
1551 5871
1552 5875
1553 5879
1554 5883
1555 5887
1556 5890
1557 5894
1558 5898
1559 5903
1560 5907
1561 5911
1562 5915
1563 5919
1564 5922
1565 5926
1566 5930
1567 5934
1568 5938
1569 5942
1570 5947
1571 5951
1572 5955
1573 5958
1574 5962
1575 5966
1576 5970
1577 5974
1578 5978
1579 5982
1580 5987
1581 5991
1582 5994
1583 5998
1584 6002
1585 6006
1586 6010
1587 6014
1588 6018
1589 6022
1590 6026
1591 6030
1592 6034
1593 6038
1594 6042
1595 6046
1596 6050
1597 6054
1598 6058
1599 6062
1600 6066
1601 6070
1602 6074
1603 6078
1604 6082
1605 6086
1606 6090
1607 6094
1608 6098
1609 6102
1610 6106
1611 6110
1612 6114
1613 6118
1614 6122
1615 6126
1616 6130
1617 6134
1618 6138
1619 6142
1620 6146
1621 6150
1622 6154
1623 6158
1624 6162
1625 6166
1626 6170
1627 6174
1628 6178
1629 6182
1630 6186
1631 6190
1632 6194
1633 6198
1634 6202
1635 6206
1636 6210
1637 6214
1638 6218
1639 6222
1640 6226
1641 6230
1642 6234
1643 6238
1644 6242
1645 6246
1646 6250
1647 6254
1648 6258
1649 6262
1650 6266
1651 6270
1652 6274
1653 6278
1654 6282
1655 6286
1656 6290
1657 6294
1658 6298
1659 6302
1660 6306
1661 6310
1662 6314
1663 6318
1664 6322
1665 6326
1666 6330
1667 6334
1668 6338
1669 6342
1670 6346
1671 6350
1672 6354
1673 6358
1674 6362
1675 6366
1676 6370
1677 6374
1678 6378
1679 6382
1680 6386
1681 6390
1682 6394
1683 6398
1684 6402
1685 6406
1686 6410
1687 6414
1688 6418
1689 6422
1690 6426
1691 6430
1692 6434
1693 6438
1694 6442
1695 6446
1696 6450
1697 6454
1698 6458
1699 6462
1700 6466
1701 6470
1702 6474
1703 6478
1704 6482
1705 6486
1706 6490
1707 6494
1708 6498
1709 6502
1710 6506
1711 6510
1712 6514
1713 6518
1714 6522
1715 6526
1716 6530
1717 6533
1718 6536
1719 6539
1720 6542
1721 6546
1722 6550
1723 6554
1724 6558
1725 6562
1726 6566
1727 6570
1728 6574
1729 6578
1730 6582
1731 6586
1732 6590
1733 6594
1734 6598
1735 6602
1736 6606
1737 6610
1738 6614
1739 6618
1740 6622
1741 6626
1742 6630
1743 6634
1744 6638
1745 6642
1746 6646
1747 6650
1748 6654
1749 6658
1750 6662
1751 6666
1752 6670
1753 6674
1754 6678
1755 6682
1756 6686
1757 6690
1758 6694
1759 6698
1760 6702
1761 6706
1762 6710
1763 6714
1764 6718
1765 6722
1766 6726
1767 6730
1768 6734
1769 6738
1770 6742
1771 6746
1772 6750
1773 6754
1774 6758
1775 6762
1776 6766
1777 6770
1778 6774
1779 6778
1780 6781
1781 6784
1782 6788
1783 6792
1784 6796
1785 6800
1786 6804
1787 6807
1788 6811
1789 6815
1790 6819
1791 6823
1792 6827
1793 6831
1794 6835
1795 6839
1796 6843
1797 6847
1798 6851
1799 6855
1800 6859
1801 6863
1802 6867
1803 6871
1804 6875
1805 6879
1806 6883
1808 6886
1809 6889
1810 6893
1811 6897
1812 6901
1813 6905
1814 6909
1815 6913
1816 6917
1817 6921
1818 6925
1819 6929
1820 6933
1821 6937
1822 6941
1823 6945
1824 6949
1825 6953
1826 6957
1827 6961
1828 6965
1829 6969
1830 6973
1831 6976
1832 6979
1833 6982
1834 6985
1835 6989
1836 6993
1837 6997
1838 7001
1839 7005
1840 7009
1841 7013
1842 7017
1843 7021
1844 7025
1845 7029
1846 7033
1847 7037
1848 7041
1849 7045
1850 7049
1851 7053
1852 7057
1853 7061
1854 7065
1855 7069
1856 7073
1857 7077
1858 7081
1859 7085
1860 7089
1861 7093
1862 7097
1863 7101
1864 7105
1865 7109
1866 7113
1867 7117
1868 7121
1869 7125
1870 7129
1871 7133
1872 7137
1873 7141
1874 7145
1875 7149
1876 7153
1877 7157
1878 7161
1879 7165
1880 7169
1881 7173
1882 7177
1883 7181
1884 7185
1885 7189
1886 7193
1887 7197
1888 7201
1889 7205
1890 7209
1891 7213
1892 7217
1893 7221
1894 7225
1895 7229
1896 7233
1897 7237
1898 7241
1899 7245
1900 7249
1901 7253
1902 7257
1903 7261
1904 7265
1905 7269
1906 7273
1907 7277
1908 7281
1909 7285
1910 7289
1911 7293
1912 7297
1913 7301
1914 7305
1915 7309
1916 7313
1917 7317
1918 7321
1919 7325
1920 7329
1921 7333
1922 7337
1923 7341
1924 7345
1925 7349
1926 7353
1927 7357
1928 7361
1929 7365
1930 7369
1931 7373
1932 7377
1933 7381
1934 7385
1935 7389
1936 7393
1937 7397
1938 7401
1939 7405
1940 7409
1941 7413
1942 7417
1943 7421
1944 7425
1945 7429
1946 7433
1947 7437
1948 7441
1949 7445
1950 7449
1951 7453
1952 7454
1953 7455
1954 7458
1955 7461
1956 7465
1957 7468
1958 7471
1959 7474
1960 7478
1961 7482
1962 7486
1963 7490
1964 7494
1965 7498
1966 7502
1967 7506
1968 7510
1969 7514
1970 7518
1971 7521
1972 7525
1973 7529
1974 7533
1975 7535
1976 7539
1977 7543
1978 7547
1979 7550
1980 7553
1981 7556
1982 7560
1983 7562
1984 7565
1985 7566
1986 7568
1987 7570
1988 7573
1989 7576
1990 7579
1991 7582
1992 7586
1993 7590
1994 7594
1995 7598
1996 7602
1997 7606
1998 7610
1999 7614
2000 7618
2001 7622
2002 7626
2003 7630
2004 7634
2005 7638
2006 7642
2007 7646
2008 7650
2009 7654
2010 7658
2011 7662
2012 7666
2013 7670
2014 7674
2015 7678
2016 7682
2017 7686
2018 7690
2019 7694
2020 7698
2021 7702
2022 7706
2023 7710
2024 7714
2025 7718
2026 7722
2027 7726
2028 7730
2029 7734
2030 7738
2031 7742
2032 7746
2033 7750
2034 7754
2035 7758
2036 7762
2037 7766
2038 7770
2039 7774
2040 7778
2041 7782
2042 7786
2043 7790
2044 7794
2045 7798
2046 7802
2047 7806
2048 7810
2049 7814
2050 7818
2051 7822
2052 7826
2053 7830
2054 7834
2055 7838
2056 7842
2057 7846
2058 7850
2059 7854
2060 7858
2061 7862
2062 7866
2063 7870
2064 7874
2065 7878
2066 7882
2067 7886
2068 7890
2069 7894
2070 7898
2071 7902
2072 7906
2073 7910
2074 7914
2075 7918
2076 7922
2077 7926
2078 7930
2079 7934
2080 7938
2081 7942
2082 7946
2083 7950
2084 7954
2085 7958
2086 7962
2087 7966
2088 7970
2089 7974
2090 7978
2091 7982
2092 7986
2093 7990
2094 7994
2095 7998
2096 8002
2097 8006
2098 8010
2099 8014
2100 8018
2101 8022
2102 8026
2103 8030
2104 8034
2105 8038
2106 8042
2107 8046
2108 8050
2109 8054
2110 8058
2111 8062
2112 8066
2113 8070
2114 8074
2115 8078
2116 8082
2117 8086
2118 8090
2119 8094
2120 8098
2121 8102
2122 8106
2123 8110
2124 8114
2125 8118
2126 8122
2127 8126
2128 8130
2129 8134
2130 8138
2131 8142
2132 8146
2133 8150
2134 8154
2135 8158
2136 8162
2137 8166
2138 8170
2139 8174
2140 8178
2141 8182
2142 8186
2143 8190
2144 8194
2145 8198
2146 8202
2147 8206
2148 8210
2149 8214
2150 8218
2151 8222
2152 8226
2153 8230
2154 8233
2155 8237
2156 8241
2157 8245
2158 8249
2159 8253
2160 8257
2161 8261
2162 8265
2163 8269
2164 8273
2165 8277
2166 8281
2167 8285
2169 8288
2170 8292
2171 8296
2172 8300
2173 8304
2174 8308
2175 8312
2176 8316
2177 8320
2178 8324
2179 8328
2180 8332
2181 8336
2182 8340
2183 8344
2184 8348
2185 8352
2186 8356
2187 8360
2188 8364
2189 8368
2190 8372
2191 8376
2192 8380
2193 8384
2194 8388
2195 8392
2196 8396
2197 8400
2198 8404
2199 8408
2200 8412
2201 8416
2202 8420
2203 8424
2204 8428
2205 8432
2206 8436
2207 8440
2208 8444
2209 8448
2210 8452
2211 8456
2212 8460
2213 8464
2214 8468
2215 8472
2216 8476
2217 8480
2218 8484
2219 8488
2220 8492
2221 8496
2222 8500
2223 8504
2224 8508
2225 8512
2226 8516
2227 8520
2228 8524
2229 8528
2230 8532
2231 8536
2232 8540
2233 8544
2234 8548
2235 8552
2236 8556
2237 8560
2238 8564
2239 8568
2240 8572
2241 8576
2242 8580
2243 8584
2244 8588
2245 8592
2246 8596
2247 8600
2248 8604
2249 8607
2250 8610
2251 8614
2252 8618
2253 8622
2254 8626
2255 8630
2256 8634
2257 8638
2258 8642
2259 8646
2260 8650
2261 8654
2262 8658
2263 8662
2264 8666
2265 8670
2266 8674
2267 8678
2268 8682
2269 8686
2270 8690
2271 8694
2272 8698
2273 8702
2274 8706
2275 8710
2276 8714
2277 8718
2278 8722
2279 8726
2280 8730
2281 8734
2282 8738
2283 8742
2284 8746
2285 8750
2286 8754
2287 8758
2288 8762
2289 8766
2290 8770
2291 8774
2292 8778
2293 8782
2294 8786
2295 8790
2296 8794
2297 8798
2298 8802
2299 8806
2300 8810
2301 8814
2302 8818
2303 8822
2304 8826
2305 8830
2306 8834
2307 8838
2308 8842
2309 8846
2310 8850
2311 8854
2312 8858
2313 8862
2314 8866
2315 8870
2316 8874
2317 8878
2318 8882
2319 8886
2320 8888
2321 8892
2322 8896
2323 8900
2324 8904
2325 8908
2326 8912
2327 8916
2328 8920
2329 8924
2330 8928
2331 8932
2332 8936
2333 8940
2334 8944
2335 8948
2336 8952
2337 8956
2338 8960
2339 8964
2340 8968
2341 8972
2342 8976
2343 8980
2344 8984
2345 8988
2346 8992
2347 8996
2348 9000
2349 9004
2350 9008
2351 9012
2352 9016
2353 9020
2354 9024
2355 9028
2356 9032
2357 9036
2358 9040
2359 9044
2360 9048
2361 9052
2362 9056
2363 9060
2364 9064
2365 9068
2366 9072
2367 9076
2368 9080
2369 9084
2370 9088
2371 9092
2372 9096
2373 9100
2374 9104
2375 9108
2376 9112
2377 9116
2378 9120
2379 9124
2380 9128
2381 9132
2382 9136
2383 9140
2384 9144
2385 9148
2386 9152
2387 9156
2388 9160
2389 9164
2390 9168
2391 9172
2392 9176
2393 9180
2394 9184
2395 9188
2396 9192
2397 9196
2398 9200
2399 9204
2400 9208
2401 9212
2402 9216
2403 9220
2404 9224
2405 9228
2406 9232
2407 9236
2408 9240
2409 9244
2410 9248
2411 9252
2412 9256
2413 9260
2414 9264
2415 9268
2416 9272
2417 9276
2418 9280
2419 9284
2420 9288
2421 9292
2422 9296
2423 9300
2424 9304
2425 9308
2426 9312
2427 9316
2428 9320
2429 9324
2430 9328
2431 9332
2432 9336
2433 9340
2434 9344
2435 9348
2436 9352
2437 9356
2438 9360
2439 9364
2440 9368
2441 9372
2442 9376
2443 9380
2444 9384
2445 9388
2446 9392
2447 9396
2448 9400
2449 9404
2450 9408
2451 9412
2452 9416
2453 9420
2454 9424
2455 9428
2456 9432
2457 9436
2458 9440
2459 9444
2460 9448
2461 9452
2462 9456
2463 9460
2464 9464
2465 9468
2466 9472
2467 9476
2468 9480
2469 9484
2470 9488
2471 9492
2472 9496
2473 9500
2474 9504
2475 9508
2476 9512
2477 9516
2478 9520
2479 9524
2480 9528
2481 9532
2482 9536
2483 9540
2484 9544
2485 9548
2486 9552
2487 9556
2488 9560
2489 9564
2490 9568
2491 9572
2492 9576
2493 9580
2494 9584
2495 9588
2496 9592
2497 9596
2498 9600
2499 9604
2500 9608
2501 9612
2502 9616
2503 9620
2504 9624
2505 9628
2506 9632
2507 9636
2508 9640
2509 9644
2510 9648
2511 9652
2512 9656
2513 9660
2514 9664
2515 9668
2516 9672
2517 9676
2518 9680
2519 9684
2520 9688
2521 9692
2522 9696
2523 9700
2524 9704
2525 9708
2526 9712
2527 9716
2528 9720
2529 9724
2530 9728
2531 9732
2532 9736
2533 9740
2534 9744
2535 9748
2536 9752
2537 9756
2538 9760
2539 9764
2540 9768
2541 9772
2542 9776
2543 9780
2544 9784
2545 9788
2546 9792
2547 9796
2548 9800
2549 9804
2550 9808
2551 9812
2552 9816
2553 9820
2554 9824
2555 9828
2556 9832
2557 9836
2558 9840
2559 9844
2560 9848
2561 9852
2562 9856
2563 9860
2564 9864
2565 9868
2566 9872
2567 9876
2568 9880
2569 9884
2570 9888
2571 9892
2572 9896
2573 9900
2574 9904
2575 9908
2576 9912
2577 9916
2578 9920
2579 9924
2580 9928
2581 9932
2582 9936
2583 9940
2584 9944
2585 9948
2586 9952
2587 9956
2588 9960
2589 9964
2590 9968
2591 9972
2592 9976
2593 9980
2594 9984
2595 9988
2596 9992
2597 9996
2598 10000
2599 10004
2600 10008
2601 10012
2602 10016
2603 10020
2604 10024
2605 10028
2606 10032
2607 10036
2608 10040
2609 10044
2610 10048
2611 10052
2612 10056
2613 10060
2614 10064
2615 10068
2616 10072
2617 10076
2618 10080
2619 10084
2620 10088
2621 10092
2622 10096
2623 10100
2624 10104
2625 10108
2626 10112
2627 10116
2628 10120
2629 10124
2630 10128
2631 10132
2632 10136
2633 10140
2634 10144
2635 10148
2636 10152
2637 10156
2638 10160
2639 10164
2640 10168
2641 10172
2642 10176
2643 10180
2644 10184
2645 10188
2646 10192
2647 10196
2648 10200
2649 10204
2650 10208
2651 10212
2652 10216
2653 10220
2654 10224
2655 10228
2656 10232
2657 10236
2658 10240
2659 10244
2660 10248
2661 10252
2662 10256
2663 10260
2664 10264
2665 10268
2666 10272
2667 10276
2668 10280
2669 10284
2670 10288
2671 10292
2672 10296
2673 10300
2674 10304
2675 10308
2676 10312
2677 10316
2678 10320
2679 10324
2680 10328
2681 10332
2682 10336
2683 10340
2684 10344
2685 10346
2686 10350
2687 10354
2688 10358
2689 10362
2690 10366
2691 10370
2692 10374
2693 10378
2694 10382
2695 10386
2696 10390
2697 10394
2698 10398
2699 10402
2700 10406
2701 10410
2702 10414
2703 10418
2704 10422
2705 10426
2706 10430
2707 10434
2708 10438
2709 10442
2710 10446
2711 10450
2712 10454
2713 10458
2714 10462
2715 10466
2716 10470
2717 10474
2718 10478
2719 10482
2720 10486
2721 10490
2722 10494
2723 10498
2724 10502
2725 10506
2726 10510
2727 10514
2728 10518
2729 10522
2730 10526
2731 10530
2732 10534
2733 10538
2734 10542
2735 10546
2736 10550
2737 10554
2738 10558
2739 10562
2740 10566
2741 10570
2742 10574
2743 10578
2744 10582
2745 10586
2746 10590
2747 10594
2748 10598
2749 10602
2750 10606
2751 10610
2752 10614
2753 10618
2754 10622
2755 10626
2756 10630
2757 10634
2758 10638
2759 10642
2760 10646
2761 10650
2762 10654
2763 10658
2764 10662
2765 10666
2766 10670
2767 10674
2768 10678
2769 10682
2770 10686
2771 10690
2772 10694
2773 10698
2774 10702
2775 10706
2776 10710
2777 10714
2778 10718
2779 10722
2780 10726
2781 10730
2782 10734
2783 10738
2784 10742
2785 10746
2786 10750
2787 10754
2788 10758
2789 10762
2790 10766
2791 10770
2792 10774
2793 10778
2794 10782
2795 10786
2796 10790
2797 10794
2798 10798
2799 10802
2800 10806
2801 10810
2802 10814
2803 10818
2804 10822
2805 10826
2806 10830
2807 10834
2808 10838
2809 10842
2810 10846
2811 10850
2812 10854
2813 10858
2814 10862
2815 10866
2816 10870
2817 10874
2818 10878
2819 10882
2820 10886
2821 10890
2822 10894
2823 10898
2824 10902
2825 10906
2826 10910
2827 10914
2828 10918
2829 10922
2830 10926
2831 10930
2832 10934
2833 10938
2834 10942
2835 10946
2836 10950
2837 10954
2838 10958
2839 10962
2840 10966
2841 10970
2842 10974
2843 10978
2844 10982
2845 10986
2846 10990
2847 10994
2848 10998
2849 11002
2850 11006
2851 11010
2852 11014
2853 11018
2854 11022
2855 11026
2856 11030
2857 11034
2858 11038
2859 11042
2860 11046
2861 11050
2862 11054
2863 11058
2864 11062
2865 11066
2866 11070
2867 11074
2868 11078
2869 11082
2870 11086
2871 11090
2872 11094
2873 11098
2874 11102
2875 11106
2876 11110
2877 11114
2878 11118
2879 11122
2880 11126
2881 11130
2882 11134
2883 11138
2884 11142
2885 11146
2886 11150
2887 11154
2888 11158
2889 11162
2890 11166
2891 11170
2892 11174
2893 11178
2894 11182
2895 11186
2896 11190
2897 11194
2898 11198
2899 11202
2900 11206
2901 11210
2902 11214
2903 11218
2904 11222
2905 11226
2906 11230
2907 11234
2908 11238
2909 11242
2910 11246
2911 11250
2912 11254
2913 11258
2914 11262
2915 11266
2916 11270
2917 11274
2918 11278
2919 11282
2920 11286
2921 11290
2922 11294
2923 11298
2924 11302
2925 11306
2926 11310
2927 11314
2928 11318
2929 11322
2930 11326
2931 11330
2932 11334
2933 11338
2934 11342
2935 11346
2936 11350
2937 11354
2938 11358
2939 11362
2940 11366
2941 11370
2942 11374
2943 11378
2944 11382
2945 11386
2946 11390
2947 11394
2948 11398
2949 11402
2950 11406
2951 11410
2952 11414
2953 11418
2954 11422
2955 11426
2956 11430
2957 11434
2958 11438
2959 11442
2960 11446
2961 11450
2962 11454
2963 11458
2964 11462
2965 11466
2966 11470
2967 11474
2968 11478
2969 11482
2970 11486
2971 11490
2972 11494
2973 11498
2974 11502
2975 11506
2976 11510
2977 11514
2978 11518
2979 11522
2980 11526
2981 11530
2982 11534
2983 11538
2984 11542
2985 11546
2986 11550
2987 11554
2988 11558
2989 11562
2990 11566
2991 11570
2992 11574
2993 11578
2994 11582
2995 11586
2996 11590
2997 11594
2998 11598
2999 11602
3000 11606
3001 11610
3002 11614
3003 11618
3004 11622
3005 11626
3006 11630
3007 11634
3008 11638
3009 11642
3010 11645
3011 11649
3012 11653
3013 11657
3014 11661
3015 11665
3016 11669
3017 11673
3018 11677
3019 11681
3020 11685
3021 11689
3022 11693
3023 11697
3024 11701
3025 11705
3026 11709
3027 11713
3028 11717
3029 11721
3030 11725
3031 11729
3032 11733
3033 11737
3034 11741
3035 11745
3036 11749
3037 11753
3038 11757
3039 11761
3040 11765
3041 11769
3042 11773
3043 11777
3044 11781
3045 11785
3046 11789
3047 11793
3048 11797
3049 11801
3050 11805
3051 11809
3052 11813
3053 11817
3054 11821
3055 11825
3056 11829
3057 11833
3058 11837
3059 11841
3060 11845
3061 11849
3062 11853
3063 11857
3064 11861
3065 11865
3066 11869
3067 11873
3068 11877
3069 11881
3070 11885
3071 11889
3072 11893
3073 11897
3074 11901
3075 11905
3076 11909
3077 11913
3078 11917
3079 11921
3080 11925
3081 11929
3082 11933
3083 11937
3084 11941
3085 11945
3086 11949
3087 11953
3088 11957
3089 11961
3090 11965
3091 11969
3092 11973
3093 11977
3094 11981
3095 11985
3096 11989
3097 11993
3098 11997
3099 12001
3100 12005
3101 12009
3102 12013
3103 12017
3104 12021
3105 12025
3106 12029
3107 12033
3108 12037
3109 12041
3110 12045
3111 12049
3112 12053
3113 12057
3114 12061
3115 12065
3116 12069
3117 12073
3118 12077
3119 12081
3120 12085
3121 12089
3122 12093
