19 0
20 1
21 3
22 5
23 7
24 9
25 11
26 13
27 14
28 15
29 16
30 18
34 19
36 20
37 21
40 22
41 24
42 27
43 29
44 31
45 32
46 34
47 36
49 38
50 39
51 41
52 43
53 45
54 47
55 50
56 51
57 52
66 53
69 54
70 56
72 57
73 58
74 60
75 61
76 63
77 65
78 67
79 68
80 69
81 72
82 74
83 77
84 80
85 83
86 86
88 88
90 90
91 94
92 96
93 100
94 104
95 107
96 110
97 113
98 117
99 121
100 124
101 127
102 131
103 135
104 139
105 143
106 146
107 149
108 153
109 156
110 160
111 163
112 165
113 168
114 170
115 174
116 176
117 179
118 182
119 185
120 188
121 190
122 194
123 198
124 202
125 204
126 207
127 210
128 214
129 218
130 222
131 224
132 225
133 227
134 229
138 230
139 232
140 233
141 234
142 236
143 238
144 240
145 243
146 245
147 248
148 251
149 253
150 256
151 258
152 260
153 264
154 268
155 272
156 276
157 280
158 284
159 287
160 290
161 293
162 297
163 299
164 301
165 303
166 305
167 307
168 309
169 310
171 311
180 313
181 314
182 316
183 318
184 319
185 321
186 322
191 323
195 324
196 325
197 326
199 328
200 330
201 331
202 334
203 336
204 340
205 342
206 345
207 347
208 351
209 353
210 356
211 360
212 362
213 364
214 366
215 369
216 371
217 374
218 377
219 379
220 382
221 384
222 386
223 388
224 390
225 392
226 394
227 397
228 398
229 400
235 401
238 402
248 403
249 404
250 405
254 406
258 407
262 408
270 409
272 410
273 412
274 414
275 415
276 416
277 417
279 418
280 419
281 422
282 424
283 426
286 427
287 430
288 431
290 432
291 434
292 436
293 438
294 439
295 440
296 441
299 442
300 443
302 444
319 445
322 446
325 447
334 448
389 449
392 451
393 452
394 454
395 455
396 456
397 457
398 459
399 462
400 466
401 469
402 472
403 473
405 475
406 478
407 481
408 484
409 488
410 492
411 496
412 500
413 504
414 508
415 511
416 514
417 518
418 522
419 526
420 530
421 534
422 537
423 540
424 543
425 547
426 551
427 555
428 556
429 558
430 561
431 563
432 567
433 569
434 571
435 574
436 577
437 580
438 582
439 585
440 586
441 589
442 593
443 597
444 601
445 605
446 609
447 613
448 617
449 621
450 625
451 629
452 633
453 637
454 641
455 645
456 649
457 653
458 657
459 661
460 664
461 665
462 666
463 668
465 669
473 671
474 675
475 679
476 683
477 687
478 691
479 695
480 699
481 703
482 707
483 711
484 715
485 719
486 723
487 727
488 731
489 735
490 739
491 743
492 747
493 751
494 755
495 759
496 763
497 767
498 771
499 775
500 779
501 783
502 787
503 791
504 795
505 799
506 803
507 807
508 811
509 815
510 819
511 823
512 827
513 831
514 835
515 839
516 843
517 847
518 851
519 855
520 859
521 863
522 867
523 871
524 875
525 879
526 883
527 887
528 891
529 895
530 899
531 903
532 907
533 911
534 915
535 919
536 923
537 927
538 931
539 935
540 939
541 943
542 947
543 951
544 955
545 959
546 963
547 967
548 971
549 975
550 979
551 983
552 987
553 991
554 995
555 999
556 1003
557 1007
558 1011
559 1015
560 1019
561 1023
562 1027
563 1031
564 1035
565 1039
566 1043
567 1047
568 1051
569 1055
570 1059
571 1063
572 1067
573 1071
574 1075
575 1079
576 1083
577 1087
578 1091
579 1095
580 1099
581 1103
582 1107
583 1111
585 1112
588 1113
589 1114
590 1115
591 1116
592 1118
593 1122
594 1126
595 1129
596 1130
597 1131
598 1132
607 1134
611 1135
615 1136
617 1137
618 1139
619 1142
620 1146
621 1150
622 1154
623 1158
624 1162
625 1166
626 1170
627 1173
628 1176
629 1179
630 1181
631 1185
632 1189
633 1192
634 1195
635 1199
636 1203
637 1207
638 1210
639 1213
640 1217
641 1221
642 1225
643 1229
644 1232
645 1235
646 1238
647 1240
661 1241
662 1242
663 1245
664 1247
665 1250
666 1254
667 1258
668 1262
669 1266
670 1269
671 1272
672 1276
673 1280
674 1284
675 1288
676 1292
677 1296
678 1300
679 1304
680 1308
681 1312
682 1316
683 1320
684 1324
685 1328
686 1332
687 1336
688 1340
689 1344
690 1348
691 1352
692 1355
693 1359
694 1363
695 1367
696 1370
697 1374
698 1378
699 1382
700 1385
701 1388
702 1392
703 1396
704 1398
705 1402
706 1406
707 1410
708 1414
709 1418
710 1420
717 1421
720 1422
728 1423
729 1425
730 1427
731 1429
732 1431
733 1433
734 1435
735 1437
736 1439
737 1443
738 1447
739 1451
740 1454
741 1458
742 1462
743 1465
744 1469
745 1472
746 1476
747 1480
748 1484
749 1488
750 1492
751 1496
752 1500
753 1504
754 1508
755 1512
756 1516
757 1520
758 1524
759 1528
760 1532
761 1536
762 1540
763 1544
764 1548
765 1552
766 1556
767 1560
768 1564
769 1568
770 1572
771 1576
772 1580
773 1584
774 1588
775 1592
776 1596
777 1600
778 1604
779 1608
780 1612
781 1616
782 1620
783 1624
784 1628
785 1632
786 1636
787 1638
788 1642
789 1646
790 1648
791 1650
792 1652
793 1654
794 1658
795 1660
796 1663
797 1665
798 1666
799 1670
800 1672
801 1674
802 1676
803 1680
804 1683
805 1687
806 1691
807 1695
808 1697
809 1699
810 1703
811 1706
812 1709
813 1712
814 1715
815 1719
816 1721
817 1725
818 1729
819 1733
820 1736
821 1739
822 1743
823 1747
824 1751
825 1755
826 1759
827 1763
828 1767
829 1769
830 1773
831 1777
832 1781
833 1785
834 1789
835 1793
836 1797
837 1800
838 1803
839 1805
840 1809
841 1812
842 1815
843 1818
844 1820
845 1823
846 1826
847 1830
848 1834
849 1838
850 1842
851 1844
852 1845
858 1846
869 1848
870 1850
871 1852
872 1855
874 1856
875 1859
876 1863
877 1865
880 1868
881 1872
882 1875
885 1877
887 1879
888 1881
889 1883
890 1886
891 1888
892 1892
893 1896
894 1900
895 1902
896 1906
897 1910
898 1914
899 1918
900 1922
901 1926
902 1930
903 1932
904 1936
905 1940
906 1943
907 1947
908 1951
909 1954
910 1957
911 1961
912 1965
913 1969
914 1973
915 1977
916 1981
917 1985
918 1988
919 1992
920 1997
921 2001
922 2005
923 2008
924 2012
925 2015
926 2019
927 2022
928 2026
929 2030
930 2034
931 2039
932 2042
933 2046
934 2050
935 2054
936 2057
937 2061
938 2064
939 2068
940 2072
941 2077
942 2081
943 2085
944 2089
945 2092
946 2096
947 2100
948 2104
949 2108
950 2112
951 2116
952 2120
953 2124
954 2127
955 2131
956 2135
957 2139
958 2143
959 2147
960 2151
961 2155
962 2158
963 2162
964 2166
965 2170
966 2174
967 2178
968 2182
969 2186
970 2190
971 2194
972 2198
973 2202
974 2206
975 2210
976 2214
977 2218
978 2222
979 2226
980 2230
981 2234
982 2238
983 2242
984 2246
985 2250
986 2254
987 2258
988 2262
989 2265
990 2269
991 2273
992 2277
993 2281
994 2285
995 2287
996 2290
997 2293
998 2295
999 2297
1000 2301
1001 2304
1002 2308
1003 2312
1004 2316
1005 2320
1006 2324
1007 2328
1008 2332
1009 2336
1010 2340
1011 2343
1012 2347
1013 2351
1014 2355
1015 2359
1016 2362
1017 2365
1018 2369
1019 2373
1020 2377
1021 2381
1022 2385
1023 2388
1024 2391
1025 2395
1026 2399
1027 2403
1028 2407
1029 2410
1030 2414
1031 2417
1032 2420
1033 2424
1034 2427
1035 2431
1036 2434
1037 2438
1038 2442
1039 2446
1040 2450
1041 2453
1042 2457
1043 2460
1044 2464
1045 2468
1046 2471
1047 2474
1048 2478
1049 2482
1050 2486
1051 2489
1052 2493
1053 2497
1054 2501
1055 2505
1056 2508
1057 2512
1058 2516
1059 2520
1060 2524
1061 2528
1062 2532
1063 2536
1064 2540
1065 2544
1066 2548
1067 2552
1068 2556
1069 2560
1070 2564
1071 2568
1072 2572
1073 2576
1074 2580
1075 2584
1076 2588
1077 2592
1078 2596
1079 2600
1080 2604
1081 2608
1082 2612
1083 2616
1084 2620
1085 2624
1086 2628
1087 2632
1088 2636
1089 2640
1090 2644
1091 2648
1092 2652
1093 2656
1094 2660
1095 2664
1096 2668
1097 2672
1098 2676
1099 2680
1100 2684
1101 2688
1102 2692
1103 2696
1104 2700
1105 2704
1106 2708
1107 2712
1108 2716
1109 2720
1110 2724
1111 2728
1112 2732
1113 2736
1114 2740
1115 2744
1116 2748
1117 2752
1118 2756
1119 2760
1120 2764
1121 2768
1122 2772
1123 2776
1124 2780
1125 2784
1126 2788
1127 2792
1128 2796
1129 2800
1130 2804
1131 2808
1132 2812
1133 2816
1134 2819
1135 2823
1136 2827
1137 2831
1138 2835
1139 2839
1140 2843
1141 2847
1142 2851
1143 2855
1144 2859
1145 2863
1146 2867
1147 2871
1148 2875
1149 2879
1150 2883
1151 2887
1152 2891
1153 2895
1154 2899
1155 2903
1156 2907
1157 2911
1158 2915
1159 2919
1160 2923
1161 2927
1162 2931
1163 2935
1164 2939
1165 2943
1166 2947
1167 2951
1168 2955
1169 2959
1170 2963
1171 2967
1172 2971
1173 2975
1174 2979
1175 2983
1176 2987
1177 2991
1178 2995
1179 2999
1180 3003
1181 3007
1182 3011
1183 3015
1184 3019
1185 3023
1186 3027
1187 3030
1188 3033
1189 3037
1190 3041
1191 3045
1192 3049
1193 3053
1194 3056
1195 3060
1196 3063
1197 3067
1198 3071
1199 3074
1200 3077
1201 3081
1202 3085
1203 3089
1204 3093
1205 3097
1206 3101
1207 3105
1208 3109
1209 3113
1210 3117
1211 3121
1212 3125
1213 3129
1214 3133
1215 3137
1216 3141
1217 3145
1218 3149
1219 3153
1220 3157
1221 3161
1222 3164
1223 3168
1224 3172
1225 3176
1226 3180
1227 3184
1228 3188
1229 3192
1230 3196
1231 3200
1232 3204
1233 3208
1234 3212
1235 3216
1236 3220
1237 3224
1238 3228
1239 3232
1240 3236
1241 3240
1242 3244
1243 3248
1244 3252
1245 3255
1246 3259
1247 3263
1248 3267
1249 3271
1250 3275
1251 3279
1252 3283
1253 3287
1254 3291
1255 3295
1256 3299
1257 3303
1258 3307
1259 3311
1260 3315
1261 3319
1262 3323
1263 3327
1264 3331
1265 3335
1266 3339
1267 3343
1268 3347
1269 3351
1270 3355
1271 3359
1272 3363
1273 3367
1274 3371
1275 3375
1276 3379
1277 3383
1278 3387
1279 3391
1280 3395
1281 3399
1282 3403
1283 3407
1284 3411
1285 3414
1286 3418
1287 3422
1288 3424
1289 3428
1290 3432
1291 3436
1292 3440
1293 3443
1294 3447
1295 3451
1296 3455
1297 3459
1298 3463
1299 3467
1300 3471
1301 3475
1302 3479
1303 3483
1304 3487
1305 3491
1306 3495
1307 3499
1308 3503
1309 3507
1310 3511
1311 3515
1312 3519
1313 3523
1314 3526
1315 3530
1316 3534
1317 3538
1318 3542
1319 3546
1320 3550
1321 3554
1322 3558
1323 3561
1324 3565
1325 3569
1326 3572
1327 3575
1328 3579
1329 3583
1330 3587
1331 3591
1332 3595
1333 3599
1334 3603
1335 3607
1336 3611
1337 3615
1338 3618
1339 3622
1340 3626
1341 3630
1342 3634
1343 3638
1344 3642
1345 3646
1346 3650
1347 3654
1348 3658
1349 3662
1350 3666
1351 3670
1352 3674
1353 3678
1354 3682
1355 3686
1356 3690
1357 3694
1358 3698
1359 3702
1360 3706
1361 3710
1362 3714
1363 3717
1364 3721
1365 3724
1366 3728
1367 3732
1368 3736
1369 3740
1370 3743
1371 3745
1372 3746
1373 3750
1374 3753
1375 3757
1376 3761
1377 3764
1378 3767
1379 3771
1380 3775
1381 3778
1382 3782
1383 3786
1384 3787
1385 3788
1386 3789
1387 3790
1389 3791
1390 3793
1393 3795
1394 3798
1395 3802
1396 3806
1397 3809
1398 3812
1399 3816
1400 3819
1401 3822
1402 3826
1403 3829
1404 3833
1405 3837
1406 3841
1407 3845
1408 3849
1409 3852
1410 3856
1411 3860
1412 3864
1413 3868
1414 3871
1415 3875
1416 3879
1417 3882
1418 3886
1419 3889
1420 3893
1421 3897
1422 3899
1423 3903
1424 3906
1425 3910
1426 3914
1427 3918
1428 3921
1429 3925
1430 3929
1431 3933
1432 3935
1433 3939
1434 3942
1435 3946
1436 3950
1437 3954
1438 3958
1439 3962
1440 3966
1441 3970
1442 3974
1443 3978
1444 3982
1445 3986
1446 3990
1447 3994
1448 3998
1449 4002
1450 4006
1451 4010
1452 4014
1453 4018
1454 4022
1455 4026
1456 4030
1457 4034
1458 4038
1459 4042
1460 4046
1461 4050
1462 4054
1463 4058
1464 4062
1465 4066
1466 4070
1467 4074
1468 4078
1469 4082
1470 4086
1471 4090
1472 4094
1473 4098
1474 4102
1475 4106
1476 4110
1477 4114
1478 4118
1479 4122
1480 4126
1481 4130
1482 4134
1483 4138
1484 4142
1485 4145
1486 4149
1487 4153
1488 4157
1489 4161
1490 4165
1491 4169
1492 4173
1493 4177
1494 4181
1495 4185
1496 4189
1497 4193
1498 4197
1499 4201
1500 4205
1501 4209
1502 4213
1503 4217
1504 4221
1505 4225
1506 4229
1507 4233
1508 4237
1509 4241
1510 4245
1511 4249
1512 4253
1513 4257
1514 4261
1515 4265
1516 4269
1517 4273
1518 4277
1519 4281
1520 4285
1521 4289
1522 4293
1523 4297
1524 4301
1525 4305
1526 4309
1527 4313
1528 4317
1529 4321
1530 4325
1531 4329
1532 4333
1533 4337
1534 4341
1535 4345
1536 4349
1537 4353
1538 4357
1539 4361
1540 4365
1541 4369
1542 4373
1543 4377
1544 4381
1545 4385
1546 4389
1547 4393
1548 4397
1549 4401
1550 4405
1551 4409
1552 4413
1553 4417
1554 4421
1555 4425
1556 4429
1557 4433
1558 4437
1559 4441
1560 4445
1561 4449
1562 4453
1563 4457
1564 4460
1565 4463
1566 4467
1567 4471
1568 4475
1569 4479
1570 4483
1571 4487
1572 4491
1573 4495
1574 4499
1575 4503
1576 4506
1577 4509
1578 4513
1579 4517
1580 4521
1581 4525
1582 4529
1583 4533
1584 4537
1585 4541
1586 4545
1587 4549
1588 4553
1589 4557
1590 4561
1591 4565
1592 4569
1593 4572
1594 4576
1595 4580
1596 4582
1597 4586
1598 4590
1599 4594
1600 4598
1601 4602
1602 4606
1603 4610
1604 4614
1605 4618
1606 4622
1607 4626
1608 4630
1609 4634
1610 4638
1611 4642
1612 4646
1613 4650
1614 4654
1615 4658
1616 4662
1617 4666
1618 4670
1619 4674
1620 4678
1621 4682
1622 4686
1623 4690
1624 4694
1625 4698
1626 4702
1627 4706
1628 4710
1629 4714
1630 4718
1631 4722
1632 4726
1633 4730
1634 4734
1635 4738
1636 4742
1637 4746
1638 4750
1639 4754
1640 4758
1641 4762
1642 4766
1643 4770
1644 4774
1645 4778
1646 4782
1647 4786
1648 4790
1649 4794
1650 4798
1651 4802
1652 4805
1653 4808
1654 4812
1655 4816
1656 4820
1657 4824
1658 4828
1659 4832
1660 4836
1661 4840
1662 4844
1663 4848
1664 4852
1665 4856
1666 4860
1667 4863
1668 4866
1669 4870
1670 4874
1671 4878
1672 4882
1673 4886
1674 4890
1675 4894
1676 4898
1677 4902
1678 4906
1679 4910
1680 4914
1681 4918
1682 4922
1683 4926
1684 4930
1685 4934
1686 4938
1687 4942
1688 4946
1689 4950
1690 4954
1691 4958
1692 4962
1693 4965
1694 4969
1695 4973
1696 4977
1697 4981
1698 4985
1699 4989
1700 4993
1701 4997
1702 5001
1703 5005
1704 5009
1705 5013
1706 5017
1707 5021
1708 5025
1709 5028
1710 5032
1711 5036
1712 5040
1713 5044
1714 5048
1715 5052
1716 5056
1717 5060
1718 5064
1719 5068
1720 5072
1721 5076
1722 5080
1723 5084
1724 5088
1725 5092
1726 5096
1727 5100
1728 5104
1729 5108
1730 5112
1731 5116
1732 5120
1733 5124
1734 5127
1735 5130
1736 5134
1737 5138
1738 5142
1739 5145
1740 5149
1741 5153
1742 5157
1743 5161
1744 5165
1745 5169
1746 5173
1747 5176
1748 5180
1749 5184
1750 5188
1751 5192
1752 5196
1753 5200
1754 5204
1755 5208
1756 5212
1757 5216
1758 5220
1759 5224
1760 5228
1761 5232
1762 5236
1763 5240
1764 5244
1765 5248
1766 5252
1767 5256
1768 5260
1769 5264
1770 5268
1771 5272
1772 5276
1773 5280
1774 5284
1775 5288
1776 5292
1777 5296
1778 5300
1779 5304
1780 5308
1781 5312
1782 5316
1783 5320
1784 5324
1785 5328
1786 5332
1787 5336
1788 5340
1789 5344
1790 5348
1791 5352
1792 5356
1793 5359
1794 5362
1795 5366
1796 5369
1797 5372
1798 5376
1799 5380
1800 5384
1801 5388
1802 5392
1803 5396
1804 5400
1805 5404
1806 5408
1807 5412
1808 5416
1809 5420
1810 5424
1811 5428
1812 5432
1813 5436
1814 5440
1815 5444
1816 5448
1817 5452
1818 5456
1819 5460
1820 5464
1821 5468
1822 5472
1823 5476
1824 5480
1825 5484
1826 5488
1827 5492
1828 5495
1829 5499
1830 5502
1831 5506
1832 5510
1833 5514
1834 5518
1835 5522
1836 5526
1837 5530
1838 5534
1839 5538
1840 5542
1841 5546
1842 5550
1843 5554
1844 5558
1845 5562
1846 5566
1847 5570
1848 5574
1849 5578
1850 5582
1851 5586
1852 5590
1853 5594
1854 5598
1855 5602
1856 5605
1931 5606
1934 5607
1935 5609
1936 5610
1938 5611
1939 5612
1940 5614
1941 5615
1942 5617
1944 5618
1945 5619
1946 5620
1947 5621
1948 5623
1949 5624
1950 5626
1951 5627
1952 5629
1953 5630
1957 5631
1958 5633
1959 5635
1960 5636
1961 5637
1962 5638
1963 5639
1964 5642
1966 5645
1967 5648
1968 5651
1969 5652
1970 5656
1971 5658
1972 5661
1973 5665
1974 5669
1975 5673
1976 5677
1977 5681
1978 5685
1979 5689
1980 5692
1981 5696
1982 5700
1983 5704
1984 5708
1985 5712
1986 5716
1987 5719
1988 5723
1989 5726
1990 5730
1991 5733
1992 5736
1993 5740
1994 5744
1995 5748
1996 5752
1997 5756
1998 5759
1999 5763
2000 5767
2001 5771
2002 5775
2003 5779
2004 5783
2005 5785
2006 5788
2007 5791
2008 5794
2009 5798
2010 5802
2011 5806
2012 5810
2013 5813
2014 5816
2015 5817
2016 5819
2017 5820
2018 5822
2019 5824
2020 5825
2021 5827
2022 5829
2023 5830
2024 5831
2027 5832
2028 5833
2029 5834
2030 5835
2031 5837
2033 5838
2034 5840
2035 5841
2036 5843
2037 5846
2038 5848
2039 5849
2040 5850
2041 5851
2042 5854
2044 5856
2045 5857
2046 5859
2047 5860
2048 5862
2049 5863
2050 5865
2051 5868
2052 5870
2053 5872
2054 5873
2055 5877
2056 5880
2057 5883
2058 5885
2059 5889
2060 5892
2061 5895
2062 5897
2063 5899
2064 5901
2065 5903
2066 5905
2067 5909
2068 5913
2069 5916
2070 5917
2071 5919
2072 5921
2073 5925
2074 5927
2075 5928
2076 5929
2077 5932
2078 5934
2079 5935
2080 5936
2084 5937
2085 5939
2091 5940
2092 5941
2095 5942
2096 5944
2097 5948
2098 5950
2099 5954
2100 5957
2101 5960
2102 5964
2103 5968
2104 5972
2105 5976
2106 5979
2107 5982
2108 5986
2109 5990
2110 5994
2111 5998
2112 6002
2113 6006
2114 6010
2115 6014
2116 6018
2117 6022
2118 6025
2119 6029
2120 6033
2121 6037
2122 6041
2123 6045
2124 6049
2125 6053
2126 6057
2127 6061
2128 6065
2129 6069
2130 6073
2131 6077
2132 6081
2133 6085
2134 6089
2135 6093
2136 6097
2137 6101
2138 6105
2139 6109
2140 6113
2141 6117
2142 6121
2143 6125
2144 6129
2145 6133
2146 6137
2147 6141
2148 6145
2149 6149
2150 6153
2151 6155
2152 6158
2153 6162
2154 6165
2155 6168
2156 6172
2157 6176
2158 6177
2159 6179
2162 6180
2163 6182
2164 6185
2165 6188
2166 6190
2167 6193
2168 6196
2169 6198
2170 6201
2171 6203
2172 6204
2173 6205
2174 6207
2175 6208
2176 6211
2177 6213
2178 6215
2179 6218
2180 6219
2181 6221
2182 6223
2183 6225
2184 6226
2185 6227
2186 6228
2187 6229
2188 6232
2190 6233
2191 6235
2192 6237
2193 6239
2194 6240
2195 6243
2196 6245
2197 6246
2198 6248
2199 6251
2200 6253
2201 6254
2202 6256
2203 6257
2204 6258
2205 6259
2206 6260
2207 6261
2208 6265
2209 6266
2210 6268
2211 6270
2212 6273
2213 6274
2214 6276
2215 6277
2216 6279
2217 6281
2218 6283
2219 6285
2220 6289
2221 6292
2222 6294
2223 6295
2224 6296
2225 6297
2226 6299
2227 6302
2228 6304
2229 6307
2230 6310
2231 6313
2232 6317
2233 6321
2234 6324
2235 6327
2236 6330
2237 6334
2238 6337
2239 6339
2240 6342
2241 6345
2242 6347
2243 6349
2244 6352
2245 6354
2246 6356
2247 6359
2248 6361
2249 6363
2250 6364
2251 6367
2252 6369
2253 6371
2254 6373
2255 6374
2256 6376
2257 6377
2258 6379
2266 6380
2267 6381
2268 6382
2269 6383
2273 6384
2277 6385
2280 6386
2284 6388
2286 6389
2287 6390
2289 6391
2292 6392
2293 6394
2294 6396
2295 6398
2296 6401
2297 6404
2298 6407
2299 6411
2300 6414
2301 6417
2302 6420
2303 6423
2304 6426
2305 6429
2306 6432
2307 6435
2310 6436
2311 6437
2312 6438
2313 6441
2314 6442
2315 6443
2316 6445
2317 6448
2318 6449
2322 6450
2323 6451
2325 6452
2328 6454
2329 6455
2331 6457
2333 6459
2334 6462
2338 6463
2347 6464
2349 6465
2350 6467
2351 6468
2352 6470
2353 6471
2354 6472
2355 6476
2356 6479
2357 6483
2358 6484
2359 6487
2360 6491
2361 6495
2362 6499
2363 6503
2364 6507
2365 6511
2366 6514
2367 6518
2368 6522
2369 6525
2370 6529
2371 6532
2372 6536
2373 6540
2374 6544
2375 6548
2376 6552
2377 6556
2378 6560
2379 6564
2380 6568
2381 6572
2382 6576
2383 6580
2384 6584
2385 6588
2386 6592
2387 6596
2388 6600
2389 6604
2390 6608
2391 6612
2392 6616
2393 6620
2394 6622
2395 6626
2396 6630
2397 6633
2398 6637
2399 6641
2400 6645
2401 6649
2402 6653
2403 6657
2404 6661
2405 6665
2406 6668
2407 6672
2408 6676
2409 6678
2410 6681
2411 6685
2412 6689
2413 6693
2414 6696
2415 6700
2416 6704
2417 6708
2418 6712
2419 6714
2420 6717
2421 6721
2422 6724
2423 6728
2424 6732
2425 6736
2426 6739
2427 6742
2428 6746
2429 6750
2430 6753
2431 6757
2432 6760
2433 6764
2434 6768
2435 6770
2436 6774
2437 6778
2438 6781
2439 6785
2440 6788
2441 6790
2442 6794
2443 6797
2444 6801
2445 6805
2446 6809
2447 6813
2448 6817
2449 6820
2450 6824
2451 6828
2452 6831
2453 6835
2454 6839
2455 6843
2456 6847
2457 6850
2458 6854
2459 6858
2460 6862
2461 6866
2462 6869
2463 6873
2464 6877
2465 6881
2466 6884
2467 6888
2468 6892
2469 6896
2470 6900
2471 6904
2472 6908
2473 6912
2474 6915
2475 6918
2476 6921
2477 6925
2478 6929
2479 6932
2480 6936
2481 6940
2482 6944
2483 6948
2484 6952
2485 6956
2486 6960
2487 6963
2488 6967
2489 6971
2490 6975
2491 6979
2492 6982
2493 6986
2494 6990
2495 6994
2496 6998
2497 7002
2498 7006
2499 7010
2500 7014
2501 7018
2502 7022
2503 7026
2504 7030
2505 7034
2506 7038
2507 7042
2508 7046
2509 7050
2510 7054
2511 7058
2512 7062
2513 7066
2514 7070
2515 7074
2516 7078
2517 7082
2518 7086
2519 7090
2520 7094
2521 7098
2522 7102
2523 7106
2524 7110
2525 7114
2526 7118
2527 7122
2528 7126
2529 7130
2530 7134
2531 7138
2532 7141
2533 7145
2534 7148
2535 7152
2536 7156
2537 7160
2538 7164
2539 7168
2540 7172
2541 7176
2542 7180
2543 7184
2544 7188
2545 7192
2546 7196
2547 7200
2548 7204
2549 7208
2550 7212
2551 7216
2552 7220
2553 7224
2554 7228
2555 7232
2556 7236
2557 7240
2558 7244
2559 7248
2560 7252
2561 7256
2562 7260
2563 7264
2564 7268
2565 7271
2566 7275
2567 7279
2568 7283
2569 7287
2570 7291
2571 7295
2572 7298
2573 7302
2574 7306
2575 7310
2576 7314
2577 7318
2578 7322
2579 7326
2580 7330
2581 7334
2582 7338
2583 7342
2584 7346
2585 7350
2586 7354
2587 7358
2588 7361
2589 7365
2590 7369
2591 7373
2592 7377
2593 7381
2594 7385
2595 7389
2596 7392
2597 7396
2598 7400
2599 7404
2600 7408
2601 7412
2602 7416
2603 7420
2604 7424
2605 7428
2606 7432
2607 7436
2608 7440
2609 7444
2610 7448
2611 7452
2612 7456
2613 7460
2614 7464
2615 7468
2616 7472
2617 7476
2618 7480
2619 7484
2620 7488
2621 7492
2622 7496
2623 7500
2624 7504
2625 7508
2626 7512
2627 7516
2628 7520
2629 7524
2630 7527
2631 7531
2632 7535
2633 7539
2634 7543
2635 7547
2636 7551
2637 7555
2638 7559
2639 7563
2640 7567
2641 7571
2642 7575
2643 7579
2644 7583
2645 7586
2646 7589
2647 7592
2648 7596
2649 7600
2650 7603
2651 7605
2652 7608
2653 7611
2654 7614
2666 7615
2667 7616
2668 7618
2669 7619
2670 7621
2672 7622
2674 7623
2675 7624
2676 7625
2677 7626
2678 7627
2679 7628
2681 7629
2685 7630
2686 7631
2687 7632
2695 7633
2696 7634
2698 7635
2701 7636
2708 7637
2711 7638
2714 7639
2716 7640
2722 7641
2729 7642
2730 7643
2731 7644
2733 7645
2742 7646
2744 7647
2745 7648
2746 7649
2749 7650
2753 7651
2755 7652
2756 7653
2757 7654
2758 7655
2759 7656
2762 7657
2763 7659
2764 7661
2765 7662
2766 7664
2767 7665
2770 7667
2771 7668
2774 7669
2775 7671
2776 7673
2777 7675
2778 7676
2779 7679
2780 7680
2781 7682
2782 7684
2783 7687
2784 7688
2785 7691
2786 7694
2787 7697
2788 7700
2789 7703
2790 7707
2791 7710
2792 7713
2793 7716
2794 7720
2795 7724
2796 7727
2797 7731
2798 7735
2799 7739
2800 7743
2801 7747
2802 7751
2803 7755
2804 7759
2805 7763
2806 7767
2807 7771
2808 7775
2809 7779
2810 7783
2811 7787
2812 7791
2813 7795
2814 7799
2815 7803
2816 7807
2817 7811
2818 7815
2819 7819
2820 7823
2821 7827
2822 7831
2823 7835
2824 7839
2825 7843
2826 7847
2827 7851
2828 7855
2829 7859
2830 7863
2831 7867
2832 7871
2833 7875
2834 7879
2835 7883
2836 7887
2837 7891
2838 7895
2839 7899
2840 7903
2841 7907
2842 7911
2843 7914
2844 7918
2845 7922
2846 7926
2847 7930
2848 7934
2849 7938
2850 7942
2851 7946
2852 7950
2853 7954
2854 7958
2855 7962
2856 7966
2857 7970
2858 7974
2859 7978
2860 7982
2861 7986
2862 7990
2863 7994
2864 7998
2865 8002
2866 8006
2867 8010
2868 8014
2869 8018
2870 8022
2871 8026
2872 8030
2873 8034
2874 8038
2875 8042
2876 8046
2877 8050
2878 8054
2879 8058
2880 8062
2881 8066
2882 8070
2883 8074
2884 8078
2885 8082
2886 8086
2887 8090
2888 8094
2889 8098
2890 8102
2891 8106
2892 8110
2893 8114
2894 8118
2895 8122
2896 8126
2897 8130
2898 8134
2899 8138
2900 8142
2901 8146
2902 8150
2903 8154
2904 8158
2905 8162
2906 8166
2907 8170
2908 8174
2909 8178
2910 8182
2911 8186
2912 8190
2913 8194
2914 8198
2915 8202
2916 8206
2917 8209
2918 8213
2919 8217
2920 8221
2921 8224
2922 8227
2923 8229
2924 8233
2925 8236
2926 8238
2927 8242
2928 8244
2929 8246
2930 8249
2931 8251
2932 8253
2933 8255
2934 8257
2935 8259
2936 8262
2937 8263
2938 8264
2939 8268
2940 8272
2941 8275
2942 8276
2943 8278
2944 8281
2945 8284
2946 8288
2947 8292
2948 8296
2949 8300
2950 8302
2951 8305
2952 8308
2953 8311
2954 8315
2955 8319
2956 8323
2957 8327
2958 8331
2959 8335
2960 8339
2961 8342
2962 8346
2963 8350
2964 8353
2965 8356
2966 8359
2967 8362
2968 8366
2969 8370
2970 8374
2971 8378
2972 8381
2973 8384
2974 8387
2975 8391
2976 8394
2977 8398
2978 8401
2979 8404
2980 8408
2981 8411
2982 8415
2983 8418
2984 8421
2985 8424
2986 8427
2987 8431
2988 8435
2989 8439
2990 8443
2991 8445
2992 8449
2993 8453
2994 8457
2995 8460
2996 8463
2997 8466
2998 8469
2999 8473
3000 8477
3001 8480
3002 8484
3003 8488
3004 8490
3005 8491
3006 8495
3007 8498
3008 8500
3009 8503
3010 8504
3011 8506
3012 8508
3013 8510
3014 8512
3015 8515
3016 8516
3017 8517
3018 8518
3022 8519
3024 8520
3025 8521
3029 8522
3030 8523
3031 8524
3032 8525
3033 8526
3034 8530
3035 8533
3036 8536
3037 8538
3038 8540
3039 8543
3040 8546
3041 8550
3042 8553
3043 8557
3045 8558
3046 8562
3047 8565
3048 8568
3049 8571
3050 8574
3051 8576
3052 8580
3053 8584
3054 8586
3055 8590
3056 8593
3057 8597
3058 8601
3059 8605
3060 8609
3061 8613
3062 8616
3063 8620
3064 8624
3065 8628
3066 8631
3067 8634
3068 8636
3069 8640
3070 8644
3071 8647
3072 8649
3073 8653
3074 8655
3075 8659
3076 8663
3077 8667
3078 8671
3079 8675
3080 8678
3081 8682
3082 8685
3083 8689
3084 8692
3085 8695
3086 8699
3087 8703
3088 8706
3089 8710
3090 8713
3091 8716
3092 8720
3093 8724
3094 8728
3095 8730
3096 8734
3097 8736
3098 8740
3099 8743
3100 8746
3101 8749
3102 8753
3103 8757
3104 8761
3105 8764
3106 8768
3107 8772
3108 8776
3109 8780
3110 8782
3111 8786
3112 8790
3113 8793
3114 8796
3115 8800
3116 8804
3117 8806
3118 8810
3119 8814
3120 8818
3121 8821
3122 8824
3123 8827
3124 8831
3125 8835
3126 8837
3127 8841
3128 8845
3129 8848
3130 8852
3131 8855
3132 8858
3133 8861
3134 8864
3135 8867
3136 8871
3137 8875
3138 8879
3139 8883
3140 8887
3141 8891
3142 8895
3143 8899
3144 8903
3145 8907
3146 8911
3147 8915
3148 8919
3149 8923
3150 8927
3151 8931
3152 8935
3153 8939
3154 8943
3155 8947
3156 8951
3157 8955
3158 8959
3159 8963
3160 8967
3161 8971
3162 8975
3163 8979
3164 8983
3165 8987
3166 8991
3167 8995
3168 8999
3169 9003
3170 9006
3171 9009
3172 9013
3173 9016
3174 9019
3175 9023
3176 9027
3177 9031
3178 9034
3179 9037
3180 9040
3181 9043
3182 9046
3183 9049
3184 9052
3185 9056
3186 9059
3187 9062
3188 9065
3189 9067
3190 9071
3191 9075
3192 9079
3193 9083
3194 9087
3195 9091
3196 9095
3197 9099
3198 9103
3199 9107
3200 9111
3201 9115
3202 9119
3203 9123
3204 9127
3205 9131
3206 9135
3207 9139
3208 9143
3209 9147
3210 9151
3211 9155
3212 9159
3213 9163
3214 9167
3215 9171
3216 9175
3217 9179
3218 9183
3219 9187
3220 9190
3221 9194
3222 9198
3223 9202
3224 9205
3225 9209
3226 9213
3227 9216
3228 9218
3229 9220
3230 9222
3231 9226
3232 9229
3233 9233
3234 9236
3235 9240
3236 9244
3237 9248
3238 9252
3239 9256
3240 9260
3241 9264
3242 9268
3243 9272
3244 9276
3245 9280
3246 9284
3247 9288
3248 9292
3249 9296
3250 9300
3251 9304
3252 9308
3253 9312
3254 9316
3255 9320
3256 9323
3257 9327
3258 9329
3259 9331
3260 9333
3261 9335
3263 9337
3264 9338
3265 9341
3267 9342
3268 9344
3269 9346
3270 9348
3271 9352
3272 9356
3273 9360
3274 9364
3275 9368
3276 9372
3277 9376
3278 9380
3279 9384
3280 9388
3281 9392
3282 9396
3283 9400
3284 9404
3285 9408
3286 9412
3287 9416
3288 9420
3289 9424
3290 9428
3291 9432
3292 9436
3293 9440
3294 9444
3295 9448
3296 9450
3297 9452
3298 9455
3299 9457
3300 9460
3301 9462
3302 9464
3303 9465
3304 9466
3305 9467
3306 9468
3307 9469
3308 9471
3309 9472
3310 9473
3311 9474
3312 9477
3313 9478
3314 9480
3315 9483
3316 9485
3317 9487
3318 9489
3319 9493
3320 9496
3321 9497
3322 9499
3324 9501
3325 9502
3326 9504
3327 9508
3328 9511
3329 9515
3330 9519
3331 9523
3332 9527
3333 9531
3336 9534
3337 9538
3338 9542
3339 9546
3340 9550
3341 9554
3342 9558
3343 9562
3344 9566
3345 9570
3346 9574
3347 9578
3348 9582
3349 9586
3350 9590
3351 9594
3352 9598
3353 9600
3354 9601
3355 9603
3356 9606
3357 9610
3358 9614
3359 9618
3360 9622
3361 9626
3362 9630
3363 9634
3364 9638
3365 9642
3366 9646
3367 9650
3368 9654
3369 9658
3370 9662
3371 9666
3372 9670
3373 9674
3374 9678
3375 9682
3376 9686
3377 9690
3378 9694
3379 9698
3380 9702
3381 9706
3382 9710
3383 9714
3384 9718
3385 9722
3386 9726
3387 9730
3388 9734
3389 9738
3390 9742
3391 9746
3392 9750
3393 9754
3394 9758
3395 9762
3396 9766
3397 9770
3398 9774
3399 9778
3400 9782
3401 9786
3402 9790
3403 9794
3404 9798
3405 9802
3406 9806
3407 9810
3408 9814
3409 9818
3410 9822
3411 9826
3412 9830
3413 9834
3414 9838
3415 9842
3416 9846
3417 9850
3418 9854
3419 9858
3420 9862
3421 9866
3422 9870
3423 9874
3424 9878
3425 9882
3426 9886
3427 9890
3428 9894
3429 9898
3430 9902
3431 9906
3432 9909
3433 9913
3434 9917
3435 9921
3436 9925
3437 9929
3438 9933
3439 9937
3440 9941
3441 9945
3442 9949
3443 9953
3444 9957
3445 9960
3446 9962
3447 9964
3448 9965
3449 9966
3450 9967
3451 9971
3452 9975
3453 9978
3454 9980
3455 9984
3456 9988
3457 9992
3458 9996
3459 10000
3460 10004
3461 10007
3462 10011
3463 10014
3464 10018
3465 10021
3466 10025
3467 10029
3468 10033
3469 10037
3470 10039
3471 10043
3472 10047
3473 10050
3474 10051
3475 10054
3476 10058
3477 10060
3478 10063
3479 10066
3480 10069
3481 10073
3482 10076
3483 10080
3484 10084
3485 10088
3486 10092
3487 10096
3488 10100
3489 10104
3490 10108
3491 10112
3492 10116
3493 10120
3494 10124
3495 10128
3496 10132
3497 10136
3498 10140
3499 10143
3500 10146
3501 10150
3502 10153
3503 10156
3504 10160
3505 10164
3506 10167
3507 10170
3508 10172
3509 10176
3510 10180
3516 10182
3522 10184
3523 10188
3524 10192
3525 10196
3526 10200
3527 10204
3528 10207
3529 10210
3530 10213
3531 10217
3532 10221
3533 10225
3534 10227
3535 10230
3536 10234
3537 10237
3538 10241
3539 10245
3540 10249
3541 10253
3542 10257
3543 10261
3544 10265
3545 10269
3546 10273
3547 10276
3548 10280
3549 10284
3550 10288
3551 10292
3552 10296
3553 10299
3554 10303
3555 10306
3556 10310
3557 10314
3558 10318
3559 10321
3560 10325
3561 10329
3562 10333
3563 10337
3564 10341
3565 10345
3566 10349
3567 10353
3568 10357
3569 10361
3570 10365
3571 10369
3572 10373
3573 10377
3574 10381
3575 10385
3576 10389
3577 10392
3578 10396
3579 10400
3580 10403
3581 10407
3582 10411
3583 10414
3584 10418
3585 10422
3586 10426
3587 10430
3588 10434
3589 10438
3590 10442
3591 10446
3592 10450
3593 10454
3594 10458
3595 10462
3596 10466
3597 10470
3598 10473
3599 10477
3600 10481
3601 10485
3602 10489
3603 10493
3604 10497
3605 10501
3606 10505
3607 10509
3608 10513
3609 10517
3610 10521
3611 10525
3612 10529
3613 10533
3614 10537
3615 10541
3616 10545
3617 10549
3618 10553
3619 10557
3620 10561
3621 10565
3622 10569
3623 10573
3624 10577
3625 10581
3626 10585
3627 10589
3628 10593
3629 10597
3630 10601
3631 10605
3632 10609
3633 10612
3634 10616
3635 10620
3636 10623
3637 10626
3638 10629
3639 10633
3640 10637
3641 10641
3642 10645
3643 10648
3644 10652
3645 10656
3646 10660
3647 10663
3648 10667
3649 10671
3650 10674
3651 10678
3652 10682
3653 10686
3654 10690
3655 10694
3656 10698
3657 10702
3658 10706
3659 10710
3660 10714
3661 10718
3662 10722
3663 10726
3664 10730
3665 10734
3666 10738
3667 10742
3668 10746
3669 10750
3670 10754
3671 10758
3672 10762
3673 10766
3674 10770
3675 10774
3676 10777
3677 10780
3678 10784
3679 10788
3680 10792
3681 10796
3682 10799
3683 10803
3684 10807
3685 10811
3686 10815
3687 10818
3688 10822
3689 10825
3690 10829
3691 10833
3692 10837
3693 10841
3694 10843
3695 10847
3696 10849
3697 10852
3698 10856
3699 10858
3719 10859
3721 10860
3722 10862
3723 10864
3724 10866
3725 10869
3726 10872
3727 10875
3728 10878
3729 10881
3730 10884
3731 10887
3732 10890
3733 10892
3734 10895
3735 10899
3736 10902
3737 10904
3738 10907
3739 10911
3740 10915
3741 10919
3742 10923
3743 10927
3744 10931
3745 10934
3746 10937
3747 10940
3748 10944
3749 10947
3750 10950
3751 10954
3752 10957
3753 10960
3754 10963
3755 10966
3756 10969
3758 10972
3759 10974
3760 10976
3761 10978
3763 10979
3764 10981
3769 10983
3770 10986
3772 10988
3773 10990
3774 10994
3775 10998
3776 11002
3777 11006
3778 11010
3779 11014
3780 11018
3781 11022
3782 11026
3783 11030
3784 11034
3785 11038
3786 11042
3787 11046
3788 11050
3789 11054
3790 11058
3791 11062
3792 11066
3793 11070
3794 11074
3795 11078
3796 11082
3797 11086
3798 11090
3799 11093
3803 11094
3808 11096
3809 11100
3810 11104
3811 11108
3812 11112
3813 11116
3814 11120
3815 11124
3821 11127
3822 11131
3823 11135
3824 11139
3825 11143
3826 11147
3827 11151
3828 11155
3829 11159
3830 11163
3831 11167
3832 11170
3834 11171
