213 0
214 2
215 5
216 7
217 9
220 11
221 13
222 17
223 21
224 25
225 29
228 30
229 33
230 37
231 41
232 45
233 48
234 52
235 56
236 60
237 63
238 66
239 70
240 74
241 76
242 78
243 81
244 85
245 88
246 89
251 90
261 91
262 93
263 95
264 98
266 99
267 100
268 101
269 102
270 106
271 110
272 114
273 118
274 122
275 126
276 130
277 133
278 135
279 137
280 141
281 145
282 149
283 153
284 157
285 161
286 165
287 169
288 172
289 176
290 180
291 184
292 188
293 191
294 193
296 194
306 195
309 196
310 198
311 202
312 204
313 206
314 207
315 210
316 214
317 218
318 222
319 226
320 230
321 234
322 238
323 242
325 243
326 245
327 248
328 251
329 253
330 256
331 257
332 259
333 263
334 265
335 268
336 272
337 275
338 278
339 282
340 285
341 286
342 288
343 289
357 291
358 295
359 299
360 302
361 306
362 310
363 313
364 317
365 320
366 324
367 328
368 332
369 336
370 340
371 344
372 348
373 352
374 356
375 360
376 364
377 367
378 371
379 375
380 379
381 383
382 387
383 391
384 395
385 399
386 403
387 407
388 411
389 415
390 419
391 423
392 427
393 431
394 435
395 439
396 443
397 447
398 451
399 455
400 459
401 463
402 467
403 471
404 475
405 479
406 483
407 487
408 491
409 495
410 499
411 503
412 507
413 511
414 515
415 519
416 523
417 527
418 531
419 535
420 539
421 543
422 547
423 551
424 555
425 559
426 563
427 567
428 571
429 575
430 579
431 583
432 587
433 591
434 595
435 599
436 603
437 607
438 611
439 615
440 619
441 623
442 627
443 631
444 635
445 639
446 643
447 647
448 651
449 655
450 659
451 663
452 667
453 671
454 675
455 679
456 683
457 687
458 691
459 695
460 699
461 703
462 707
463 711
464 715
465 719
466 723
467 727
468 731
469 735
470 739
471 743
472 747
473 751
474 755
475 759
476 763
477 767
478 771
479 775
480 779
481 783
482 787
483 791
484 795
485 799
486 800
487 804
488 808
489 811
490 814
491 816
492 818
493 822
494 826
495 829
496 833
497 837
498 841
499 845
500 849
501 853
502 857
503 861
504 865
505 869
506 873
507 877
508 881
509 885
510 889
511 893
512 897
513 901
514 905
515 909
516 913
517 917
518 921
519 925
520 929
521 933
522 937
523 941
524 945
525 949
526 953
527 957
528 961
529 965
530 969
531 973
532 977
533 981
534 985
535 989
536 993
537 997
538 1001
539 1004
540 1008
541 1012
542 1016
543 1020
544 1024
545 1028
546 1032
547 1036
548 1040
549 1044
550 1047
551 1049
552 1051
553 1054
554 1058
555 1062
556 1066
557 1070
558 1074
559 1078
560 1081
561 1085
562 1089
563 1093
564 1096
565 1098
566 1102
567 1106
568 1109
569 1113
570 1117
571 1121
572 1124
573 1126
574 1129
575 1133
576 1137
577 1141
578 1145
579 1149
580 1152
581 1155
582 1158
583 1162
584 1166
585 1170
586 1174
587 1178
588 1182
589 1186
590 1190
591 1194
592 1198
593 1202
594 1206
595 1210
596 1214
597 1218
598 1222
599 1226
600 1230
601 1234
602 1238
603 1242
604 1246
605 1250
606 1254
607 1258
608 1262
609 1266
610 1270
611 1274
612 1278
613 1282
614 1286
615 1290
616 1294
617 1298
618 1302
619 1306
620 1310
621 1314
622 1318
623 1322
624 1326
625 1330
626 1334
627 1338
628 1342
629 1346
630 1350
631 1354
632 1358
633 1362
634 1365
635 1366
636 1368
637 1372
638 1376
639 1380
640 1384
641 1388
642 1392
643 1396
644 1400
645 1404
646 1408
647 1412
648 1416
649 1420
650 1424
651 1428
652 1432
653 1436
654 1440
655 1444
656 1448
657 1452
658 1456
659 1460
660 1464
661 1468
662 1472
663 1476
664 1480
665 1484
666 1488
667 1492
668 1496
669 1500
670 1504
671 1508
672 1512
673 1516
674 1520
675 1524
676 1528
677 1532
678 1536
679 1540
680 1544
681 1548
682 1552
683 1556
684 1560
685 1564
686 1568
687 1572
688 1576
689 1580
690 1584
691 1588
692 1592
693 1596
694 1600
695 1604
696 1608
697 1612
698 1616
699 1620
700 1624
701 1628
702 1632
703 1636
704 1640
705 1644
706 1648
707 1652
708 1656
709 1660
710 1664
711 1668
712 1672
713 1676
714 1680
715 1684
716 1688
717 1692
718 1696
719 1700
720 1704
721 1708
722 1712
723 1715
724 1719
725 1723
726 1727
727 1731
728 1735
729 1739
730 1743
731 1747
732 1751
733 1755
734 1759
735 1763
736 1766
737 1770
738 1774
739 1778
740 1782
741 1786
742 1790
743 1794
744 1798
745 1801
746 1804
748 1805
749 1807
750 1811
751 1815
752 1819
753 1822
754 1826
755 1830
756 1834
757 1838
758 1841
759 1843
760 1847
761 1850
762 1853
763 1857
764 1861
765 1865
766 1869
767 1873
768 1877
769 1881
770 1884
771 1888
772 1891
773 1894
774 1897
775 1898
776 1900
777 1904
778 1905
779 1907
780 1908
781 1912
782 1916
783 1918
784 1922
785 1925
786 1929
788 1930
790 1931
791 1933
792 1934
793 1937
794 1939
795 1942
797 1944
798 1947
799 1949
800 1950
801 1953
802 1955
803 1958
804 1962
805 1966
806 1970
807 1974
808 1978
809 1982
810 1986
811 1990
812 1994
813 1998
814 2002
815 2006
816 2010
817 2014
818 2018
819 2022
820 2026
821 2030
822 2034
823 2038
824 2042
825 2046
826 2049
827 2053
828 2057
829 2060
830 2063
831 2066
832 2069
833 2072
834 2076
835 2079
836 2083
837 2086
838 2089
839 2093
840 2096
841 2100
842 2104
843 2107
844 2109
845 2111
846 2113
847 2114
848 2116
849 2118
850 2120
851 2124
852 2128
853 2132
854 2136
855 2140
856 2144
857 2148
858 2152
859 2156
860 2158
861 2161
862 2164
863 2168
864 2171
865 2175
866 2179
867 2183
868 2187
869 2191
870 2195
871 2199
872 2203
873 2207
874 2211
875 2215
876 2219
877 2223
878 2225
879 2229
880 2233
881 2237
882 2241
883 2245
884 2249
885 2253
886 2257
887 2261
888 2264
889 2268
890 2272
891 2276
892 2280
893 2284
894 2288
895 2292
896 2296
897 2300
898 2304
899 2308
900 2312
901 2316
902 2319
903 2322
904 2325
905 2329
906 2331
907 2334
908 2338
909 2342
910 2346
911 2349
913 2351
914 2355
915 2359
916 2363
917 2367
918 2371
919 2375
920 2379
921 2383
922 2387
923 2391
924 2395
925 2399
926 2403
927 2407
928 2411
929 2415
930 2419
931 2423
932 2427
933 2430
934 2434
935 2438
936 2442
937 2446
938 2450
939 2454
940 2458
941 2462
942 2466
943 2470
944 2474
945 2478
946 2482
947 2486
948 2490
949 2494
950 2498
951 2502
952 2506
953 2510
954 2514
955 2518
956 2522
957 2526
958 2530
959 2534
960 2538
961 2542
962 2546
963 2550
964 2554
965 2558
966 2562
967 2566
968 2570
969 2574
970 2578
971 2582
972 2586
973 2590
974 2594
975 2598
976 2602
977 2606
978 2610
979 2614
980 2618
981 2621
982 2625
983 2629
984 2633
985 2637
986 2641
987 2645
988 2648
989 2651
990 2653
991 2656
992 2660
993 2662
994 2663
995 2667
996 2671
997 2675
998 2679
999 2682
1000 2686
1001 2690
1002 2694
1003 2698
1004 2702
1005 2706
1006 2710
1007 2714
1008 2718
1009 2722
1010 2726
1011 2730
1012 2734
1013 2738
1014 2742
1015 2746
1016 2750
1017 2754
1018 2758
1019 2762
1020 2766
1021 2770
1022 2774
1023 2778
1024 2782
1025 2786
1026 2790
1027 2794
1028 2798
1029 2802
1030 2806
1031 2810
1032 2814
1033 2818
1034 2821
1035 2825
1036 2828
1037 2832
1038 2835
1039 2839
1040 2843
1041 2847
1042 2851
1043 2855
1044 2859
1045 2863
1046 2867
1047 2869
1048 2871
1049 2872
1050 2874
1051 2876
1052 2880
1053 2884
1054 2888
1055 2892
1056 2896
1057 2900
1058 2904
1059 2908
1060 2912
1061 2916
1062 2920
1063 2924
1064 2928
1065 2931
1066 2934
1067 2936
1068 2940
1069 2942
1070 2943
1071 2947
1072 2951
1073 2955
1074 2959
1075 2963
1076 2967
1077 2971
1078 2975
1079 2979
1080 2983
1081 2987
1082 2991
1083 2995
1084 2999
1085 3003
1086 3007
1087 3011
1088 3015
1089 3019
1090 3023
1091 3027
1092 3031
1093 3035
1094 3039
1095 3043
1096 3047
1097 3051
1098 3055
1099 3059
1100 3063
1101 3067
1102 3071
1103 3075
1104 3079
1105 3083
1106 3087
1107 3091
1108 3095
1109 3099
1110 3103
1111 3107
1112 3111
1113 3115
1114 3119
1115 3123
1116 3127
1117 3131
1118 3135
1119 3139
1120 3143
1121 3147
1122 3151
1123 3155
1124 3159
1125 3163
1126 3167
1127 3171
1128 3175
1129 3177
1130 3178
1131 3180
1132 3182
1133 3184
1135 3186
1136 3190
1137 3192
1138 3195
1139 3198
1140 3202
1141 3206
1142 3210
1143 3214
1144 3218
1145 3222
1146 3226
1147 3230
1148 3234
1149 3238
1150 3242
1151 3246
1152 3250
1153 3254
1154 3258
1155 3262
1156 3266
1157 3270
1158 3274
1159 3278
1160 3282
1161 3286
1162 3290
1163 3294
1164 3298
1165 3302
1166 3304
1167 3306
1168 3310
1169 3314
1170 3318
1171 3322
1172 3326
1173 3330
1174 3334
1175 3338
1176 3342
1177 3346
1178 3350
1179 3354
1180 3357
1181 3361
1182 3365
1183 3369
1184 3373
1185 3377
1186 3381
1187 3385
1188 3389
1189 3393
1190 3397
1191 3401
1192 3405
1193 3409
1194 3413
1195 3417
1196 3419
1197 3423
1198 3427
1199 3431
1200 3435
1201 3439
1202 3443
1203 3446
1204 3450
1205 3453
1206 3456
1207 3460
1208 3463
1209 3466
1210 3470
1211 3474
1212 3478
1213 3482
1214 3486
1215 3490
1216 3494
1217 3498
1218 3502
1219 3505
1220 3508
1221 3512
1222 3515
1223 3519
1224 3523
1225 3527
1226 3531
1227 3535
1228 3539
1229 3543
1230 3547
1231 3550
1232 3554
1233 3558
1234 3561
1235 3564
1236 3567
1237 3568
1238 3569
1240 3570
1241 3572
1242 3576
1243 3577
1244 3578
1245 3580
1246 3582
1247 3585
1248 3588
1249 3590
1250 3592
1251 3596
1252 3600
1253 3604
1254 3607
1255 3610
1256 3613
1257 3617
1258 3619
1259 3622
1260 3625
1261 3627
1262 3630
1263 3633
1264 3637
1265 3641
1266 3644
1267 3647
1268 3650
1269 3652
1271 3653
1272 3655
1273 3657
1274 3658
1275 3659
1276 3662
1277 3663
1278 3664
1279 3665
1280 3666
1281 3668
1282 3669
1283 3670
1286 3671
1289 3672
1290 3673
1291 3676
1292 3678
1293 3680
1294 3683
1295 3686
1296 3690
1297 3694
1298 3698
1299 3702
1300 3706
1301 3710
1302 3714
1303 3718
1304 3722
1305 3726
1306 3729
1307 3730
1308 3733
1309 3737
1310 3741
1311 3745
1312 3748
1313 3752
1314 3754
1315 3755
1316 3756
1317 3757
1318 3758
1319 3760
1320 3761
1325 3762
1326 3765
1327 3769
1328 3773
1329 3777
1330 3781
1331 3785
1332 3789
1333 3793
1334 3797
1335 3801
1336 3802
1338 3803
1339 3804
1340 3805
1341 3806
1342 3810
1347 3812
1348 3813
1349 3815
1350 3817
1351 3821
1352 3825
1353 3829
1354 3831
1355 3834
1356 3835
1357 3837
1358 3841
1359 3844
1360 3846
1361 3848
1362 3850
1363 3853
1364 3855
1365 3857
1366 3859
1367 3860
1368 3861
1369 3864
1370 3868
1371 3870
1374 3871
1375 3873
1376 3876
1377 3879
1380 3881
1381 3885
1382 3887
1383 3891
1384 3894
1385 3895
1386 3898
1387 3899
1389 3900
1390 3901
1391 3904
1392 3906
1393 3909
1394 3912
1395 3914
1396 3918
1397 3921
1398 3925
1399 3929
1400 3933
1401 3937
1402 3940
1403 3944
1404 3948
1405 3952
1406 3956
1407 3960
1408 3964
1409 3967
1410 3971
1411 3975
1412 3979
1413 3983
1414 3987
1415 3991
1416 3995
1417 3999
1418 4003
1419 4007
1420 4011
1421 4015
1422 4019
1427 4022
1428 4023
1429 4026
1430 4029
1431 4033
1432 4036
1433 4038
1434 4039
1436 4040
1440 4041
1441 4044
1442 4048
1443 4052
1444 4056
1445 4060
1446 4064
1447 4068
1448 4072
1449 4076
1450 4080
1451 4084
1452 4088
1453 4092
1454 4096
1455 4099
1456 4103
1457 4106
1458 4108
1459 4110
1460 4113
1461 4116
1462 4119
1463 4122
1464 4126
1465 4129
1466 4131
1467 4135
1468 4139
1469 4143
1470 4147
1471 4151
1472 4154
1473 4158
1474 4162
1475 4166
1476 4170
1477 4174
1478 4178
1479 4182
1480 4186
1481 4190
1482 4194
1483 4198
1484 4202
1485 4206
1486 4210
1487 4214
1488 4218
1489 4222
1490 4226
1491 4230
1492 4234
1493 4238
1494 4242
1495 4246
1496 4250
1497 4254
1498 4258
1499 4262
1500 4266
1501 4270
1502 4274
1503 4278
1504 4282
1505 4286
1506 4290
1507 4292
1508 4295
1509 4299
1510 4303
1511 4307
1512 4311
1513 4315
1514 4319
1515 4323
1516 4327
1517 4330
1519 4331
1520 4333
1521 4337
1522 4340
1523 4343
1524 4347
1525 4351
1526 4355
1527 4359
1528 4363
1529 4367
1530 4371
1531 4375
1532 4379
1533 4383
1534 4387
1535 4391
1536 4395
1537 4399
1538 4403
1539 4407
1540 4411
1541 4415
1542 4419
1543 4423
1544 4427
1545 4431
1546 4435
1547 4439
1548 4443
1549 4447
1550 4451
1551 4455
1552 4459
1553 4463
1554 4467
1555 4471
1556 4475
1557 4479
1558 4483
1559 4487
1560 4491
1561 4495
1562 4499
1563 4503
1564 4507
1565 4511
1566 4515
1567 4519
1568 4523
1569 4527
1570 4531
1571 4535
1572 4539
1573 4543
1574 4547
1575 4551
1576 4555
1577 4559
1578 4563
1579 4567
1580 4571
1581 4575
1582 4579
1583 4583
1584 4587
1585 4591
1586 4595
1587 4599
1588 4603
1589 4607
1590 4611
1591 4615
1592 4619
1593 4622
1594 4626
1595 4630
1596 4634
1597 4636
1598 4639
1599 4642
1600 4644
1601 4647
1602 4651
1603 4654
1604 4657
1605 4660
1606 4664
1607 4668
1608 4672
1609 4676
1610 4680
1611 4684
1612 4688
1613 4692
1614 4696
1615 4700
1616 4704
1617 4708
1618 4712
1619 4716
1620 4720
1621 4724
1622 4728
1623 4732
1624 4736
1625 4740
1626 4744
1627 4748
1628 4752
1629 4756
1630 4760
1631 4763
1632 4764
1633 4767
1634 4771
1635 4775
1636 4779
1637 4783
1638 4787
1639 4791
1640 4795
1641 4798
1642 4800
1643 4801
1644 4802
1645 4804
1646 4807
1647 4811
1648 4814
1649 4818
1650 4821
1651 4825
1652 4829
1653 4832
1654 4836
1655 4839
1656 4843
1657 4844
1658 4847
1660 4850
1661 4853
1662 4857
1663 4861
1664 4865
1665 4869
1666 4871
1667 4875
1668 4879
1669 4883
1670 4887
1671 4891
1672 4895
1673 4899
1674 4903
1675 4907
1676 4911
1677 4915
1678 4919
1679 4923
1680 4927
1681 4931
1682 4935
1683 4939
1684 4943
1685 4947
1686 4951
1687 4954
1688 4958
1689 4962
1690 4966
1691 4969
1692 4973
1693 4976
1694 4980
1695 4983
1696 4986
1697 4990
1698 4991
1699 4992
1700 4993
1701 4994
1702 4997
1703 5001
1704 5004
1705 5007
1706 5011
1707 5015
1708 5018
1709 5021
1710 5024
1711 5027
1712 5030
1713 5034
1714 5038
1715 5042
1716 5046
1717 5050
1718 5054
1719 5057
1720 5061
1721 5065
1722 5069
1723 5073
1724 5077
1725 5081
1726 5085
1727 5089
1728 5093
1729 5097
1730 5101
1731 5105
1732 5109
1733 5112
1734 5115
1735 5119
1736 5123
1737 5127
1738 5131
1739 5135
1740 5139
1741 5141
1742 5144
1743 5148
1744 5152
1745 5156
1746 5160
1747 5164
1748 5168
1749 5172
1750 5176
1751 5180
1752 5184
1753 5188
1754 5192
1755 5196
1756 5199
1757 5201
1758 5203
1759 5206
1760 5209
1761 5212
1762 5216
1763 5220
1764 5224
1765 5228
1766 5232
1767 5235
1768 5239
1769 5243
1770 5244
1771 5246
1772 5249
1773 5252
1774 5253
1775 5257
1776 5261
1777 5265
1778 5269
1779 5273
1780 5277
1781 5281
1782 5285
1783 5289
1784 5291
1785 5294
1786 5297
1787 5301
1788 5305
1789 5308
1790 5312
1791 5316
1792 5320
1793 5324
1794 5328
1795 5332
1796 5336
1797 5340
1798 5344
1799 5348
1800 5352
1801 5356
1802 5360
1803 5364
1804 5368
1805 5372
1806 5376
1807 5380
1808 5384
1809 5388
1810 5392
1811 5396
1812 5400
1813 5404
1814 5408
1815 5412
1816 5416
1817 5420
1818 5424
1819 5428
1820 5432
1821 5436
1822 5440
1823 5444
1824 5448
1825 5452
1826 5456
1827 5459
1828 5463
1829 5465
1830 5466
1831 5468
1832 5470
1833 5472
1834 5475
1835 5479
1836 5482
1837 5485
1838 5489
1839 5492
1840 5496
1841 5500
1842 5502
1843 5505
1844 5508
1845 5511
1846 5513
1847 5516
1848 5520
1849 5523
1850 5527
1851 5530
1852 5533
1853 5536
1854 5539
1855 5541
1858 5542
1866 5544
1867 5545
1868 5547
1869 5550
1870 5551
1871 5552
1873 5553
1874 5556
1875 5557
1876 5561
1877 5564
1878 5568
1879 5572
1880 5574
1881 5575
1882 5577
1883 5580
1884 5583
1885 5586
1886 5587
1887 5589
1888 5590
1889 5592
1890 5594
1891 5596
1892 5597
1893 5599
1894 5602
1895 5603
1897 5605
1898 5607
1899 5610
1900 5613
1901 5616
1902 5619
1903 5621
1904 5622
1905 5625
1906 5629
1907 5631
1908 5635
1909 5639
1910 5643
1911 5646
1912 5649
1913 5652
1914 5656
1915 5658
1916 5662
1917 5665
1918 5667
1919 5670
1920 5673
1921 5675
1922 5678
1923 5681
1924 5683
1925 5686
1926 5688
1927 5691
1928 5693
1929 5694
1930 5696
1931 5700
1932 5703
1933 5707
1934 5709
1935 5712
1936 5714
1937 5717
1938 5718
1939 5720
1942 5722
1945 5723
1946 5724
1947 5725
1948 5728
1949 5729
1950 5730
1951 5733
1952 5735
1953 5738
1954 5742
1955 5746
1956 5750
1957 5752
1959 5753
1960 5756
1961 5757
1962 5761
1963 5762
1964 5766
1965 5767
1966 5768
1967 5771
1968 5773
1969 5775
1970 5777
1971 5781
1972 5784
1973 5786
1974 5789
1975 5791
1976 5793
1977 5795
1978 5798
1979 5800
1980 5803
1981 5805
1982 5808
1983 5811
1984 5813
1985 5817
1986 5819
1987 5821
1988 5824
1989 5827
1990 5828
1991 5829
1992 5831
1993 5834
1994 5838
1995 5841
1996 5845
1997 5849
1998 5853
1999 5857
2000 5861
2001 5864
2002 5866
2003 5869
2004 5872
2005 5874
2006 5878
2007 5880
2008 5883
2009 5887
2010 5891
2011 5894
2012 5898
2013 5901
2014 5904
2015 5906
2016 5908
2017 5912
2018 5914
2019 5916
2023 5917
2030 5919
2031 5920
2032 5921
2042 5923
2043 5926
2044 5928
2045 5932
2046 5936
2047 5940
2048 5944
2049 5948
2050 5952
2051 5956
2052 5960
2053 5964
2054 5968
2055 5972
2056 5976
2057 5980
2058 5984
2059 5988
2060 5991
2061 5995
2062 5999
2063 6003
2064 6005
2065 6009
2066 6013
2067 6017
2068 6020
2069 6024
2070 6028
2071 6032
2072 6036
2073 6040
2074 6044
2075 6048
2076 6052
2077 6056
2078 6060
2079 6064
2080 6068
2081 6072
2082 6076
2083 6080
2084 6084
2085 6088
2086 6092
2087 6096
2088 6100
2089 6104
2090 6108
2091 6111
2092 6115
2093 6118
2094 6122
2095 6125
2096 6129
2097 6132
2098 6136
2099 6140
2100 6143
2101 6147
2102 6151
2103 6155
2104 6159
2105 6163
2106 6166
2107 6169
2108 6173
2109 6177
2110 6181
2111 6185
2112 6189
2113 6193
2114 6197
2115 6201
2116 6205
2117 6209
2118 6213
2119 6217
2120 6221
2121 6225
2122 6229
2123 6233
2124 6237
2125 6241
2126 6245
2127 6249
2128 6252
2129 6256
2130 6260
2131 6264
2132 6268
2133 6269
2134 6273
2135 6277
2136 6281
2137 6285
2138 6289
2139 6293
2140 6297
2141 6301
2142 6305
2143 6309
2144 6313
2145 6317
2146 6321
2147 6325
2148 6329
2149 6332
2150 6335
2151 6339
2152 6343
2153 6347
2154 6351
2155 6354
2156 6358
2157 6362
2158 6366
2159 6370
2160 6374
2161 6378
2162 6382
2163 6386
2164 6390
2165 6394
2166 6398
2167 6401
2168 6404
2169 6408
2170 6412
2171 6415
2172 6419
2173 6422
2174 6426
2175 6428
2176 6432
2177 6436
2178 6440
2179 6444
2180 6448
2181 6452
2182 6455
2183 6459
2184 6462
2185 6464
2186 6466
2187 6469
2188 6472
2189 6476
2190 6480
2191 6484
2192 6487
2193 6491
2194 6495
2195 6499
2196 6503
2197 6507
2198 6511
2199 6515
2200 6519
2201 6522
2202 6526
2203 6530
2204 6534
2205 6538
2206 6542
2207 6546
2208 6550
2209 6554
2210 6558
2211 6562
2212 6566
2213 6570
2214 6574
2215 6578
2216 6582
2217 6586
2218 6590
2219 6594
2220 6597
2221 6601
2222 6605
2223 6609
2224 6613
2225 6617
2226 6621
2227 6625
2228 6629
2229 6633
2230 6637
2231 6641
2232 6645
2233 6649
2234 6653
2235 6657
2236 6661
2237 6665
2238 6669
2239 6673
2240 6677
2241 6681
2242 6685
2243 6689
2244 6693
2245 6697
2246 6701
2247 6705
2248 6709
2249 6713
2250 6716
2251 6720
2252 6724
2253 6728
2254 6732
2255 6736
2256 6740
2257 6744
2258 6748
2259 6752
2260 6756
2261 6760
2262 6764
2263 6768
2264 6772
2265 6776
2266 6780
2267 6783
2268 6787
2269 6791
2270 6795
2271 6799
2272 6803
2273 6807
2274 6811
2275 6815
2276 6819
2277 6823
2278 6827
2279 6831
2280 6835
2281 6839
2282 6843
2283 6847
2284 6851
2285 6855
2286 6859
2287 6863
2288 6867
2289 6871
2290 6875
2291 6879
2292 6883
2293 6887
2294 6891
2295 6895
2296 6899
2297 6903
2298 6907
2299 6911
2300 6915
2301 6919
2302 6923
2303 6927
2304 6931
2305 6935
2306 6939
2307 6943
2308 6947
2309 6951
2310 6955
2311 6957
2312 6959
2313 6961
2314 6964
2315 6966
2316 6967
2317 6969
2318 6970
2319 6974
2320 6978
2321 6982
2322 6986
2323 6990
2324 6994
2325 6998
2326 7002
2327 7006
2328 7010
2329 7014
2330 7018
2331 7022
2332 7026
2333 7030
2334 7034
2335 7038
2336 7042
2337 7046
2338 7050
2339 7054
2340 7058
2341 7062
2342 7065
2343 7069
2344 7073
2345 7076
2346 7079
2347 7082
2348 7084
2349 7086
2350 7087
2355 7088
2357 7090
2358 7092
2359 7096
2360 7098
2361 7099
2362 7100
2363 7101
2366 7103
2367 7106
2368 7108
2370 7110
2372 7112
2373 7116
2374 7119
2375 7122
2376 7126
2377 7130
2378 7134
2379 7138
2380 7142
2381 7146
2382 7150
2383 7154
2384 7158
2385 7162
2386 7166
2387 7170
2388 7174
2389 7177
2390 7181
2391 7184
2392 7188
2393 7192
2394 7195
2395 7198
2396 7202
2397 7203
2398 7206
2399 7210
2400 7213
2401 7216
2402 7218
2403 7221
2404 7224
2405 7228
2406 7231
2407 7235
2408 7238
2409 7240
2410 7243
2411 7246
2412 7250
2413 7254
2414 7258
2415 7262
2416 7265
2417 7269
2418 7273
2419 7277
2420 7280
2421 7284
2422 7288
2423 7291
2424 7295
2425 7299
2426 7303
2427 7307
2428 7311
2429 7315
2430 7319
2431 7323
2432 7327
2433 7331
2434 7335
2435 7339
2436 7343
2437 7346
2438 7349
2439 7351
2440 7352
2441 7355
2442 7358
2443 7362
2444 7366
2445 7370
2446 7374
2447 7378
2448 7381
2449 7384
2450 7387
2451 7390
2452 7393
2453 7397
2454 7401
2455 7405
2456 7409
2457 7413
2458 7417
2459 7421
2460 7425
2461 7429
2462 7433
2463 7437
2464 7441
2465 7445
2466 7448
2467 7452
2468 7456
2469 7460
2470 7464
2471 7468
2472 7472
2473 7476
2474 7480
2475 7484
2476 7488
2477 7492
2478 7496
2479 7500
2480 7504
2481 7507
2483 7509
2484 7510
2485 7513
2486 7516
2487 7520
2488 7524
2489 7526
2490 7528
2491 7530
2492 7533
2493 7537
2494 7540
2495 7541
2496 7545
2497 7548
2498 7552
2499 7556
2500 7560
2501 7564
2502 7568
2503 7571
2504 7575
2505 7579
2506 7583
2507 7587
2508 7591
2509 7595
2510 7599
2511 7603
2512 7607
2513 7611
2514 7615
2515 7618
2516 7620
2517 7623
2518 7627
2519 7630
2520 7634
2521 7638
2522 7642
2523 7646
2524 7650
2525 7652
2526 7654
2527 7658
2528 7662
2529 7666
2530 7670
2531 7673
2532 7674
2533 7678
2534 7680
2535 7684
2536 7687
2537 7690
2538 7694
2539 7698
2540 7701
2541 7704
2542 7708
2543 7712
2544 7716
2545 7720
2546 7724
2547 7728
2548 7732
2549 7736
2550 7740
2551 7744
2552 7748
2553 7752
2554 7756
2555 7760
2556 7764
2557 7768
2558 7772
2559 7776
2560 7780
2561 7784
2562 7788
2563 7792
2564 7796
2565 7799
2566 7803
2567 7807
2568 7811
2569 7815
2570 7819
2571 7823
2572 7826
2573 7828
2575 7830
2576 7834
2579 7835
2580 7837
2584 7838
2585 7840
