9 1
10 5
11 9
12 13
13 17
14 21
15 25
16 29
17 33
18 37
19 41
20 45
21 49
22 53
23 57
24 61
25 65
26 69
27 73
28 77
29 81
30 85
31 89
32 93
33 97
34 101
35 105
36 109
37 113
38 117
39 121
40 125
41 129
42 133
43 137
44 141
45 145
46 149
47 153
48 157
49 161
50 165
51 169
52 173
53 177
54 181
55 185
56 189
57 193
58 197
59 201
60 205
61 209
62 213
63 217
64 221
65 225
66 229
67 233
68 237
69 241
70 245
71 249
72 253
73 257
74 261
75 265
76 269
77 273
78 277
79 281
80 285
81 289
82 293
83 297
84 301
85 305
86 309
87 313
88 317
89 321
90 325
91 329
92 333
93 337
94 341
95 345
96 349
97 353
98 357
99 361
100 365
101 369
102 373
103 377
104 381
105 385
106 389
107 393
108 397
109 401
110 405
111 409
112 413
113 417
114 421
115 425
116 429
117 433
118 437
119 441
120 445
121 449
122 453
123 457
124 461
125 465
126 469
127 473
128 477
129 481
130 485
131 489
132 493
133 497
134 501
135 505
136 509
137 513
138 517
139 521
140 525
141 529
142 533
143 537
144 541
145 545
146 549
147 553
148 557
149 561
150 565
151 569
152 573
153 577
154 581
155 585
156 589
157 593
158 597
159 601
160 605
161 609
162 613
163 617
164 621
165 625
166 629
167 633
168 637
169 641
170 645
171 649
172 653
173 657
174 661
175 665
176 669
177 673
178 677
179 681
180 685
181 689
182 693
183 697
184 701
185 705
186 709
187 713
188 717
189 721
190 725
191 729
192 733
193 737
194 741
195 745
196 749
197 753
198 757
199 761
200 765
201 769
202 773
203 777
204 781
205 785
206 789
207 793
208 797
209 801
210 805
211 809
212 813
213 817
214 821
215 825
216 829
217 833
218 837
219 841
220 845
221 849
222 853
223 857
224 861
225 865
226 869
227 873
228 877
229 881
230 885
231 889
232 893
233 897
234 901
235 905
236 909
237 913
238 917
239 921
240 925
241 929
242 933
243 937
244 941
245 945
246 949
247 953
248 957
249 961
250 965
251 969
252 973
253 977
254 981
255 985
256 989
257 993
258 997
259 1001
260 1005
261 1009
262 1013
263 1017
264 1021
265 1025
266 1029
267 1033
268 1037
269 1041
270 1045
271 1049
272 1053
273 1057
274 1061
275 1065
276 1069
277 1073
278 1077
279 1081
280 1085
281 1089
282 1093
283 1097
284 1101
285 1105
286 1109
287 1113
288 1117
289 1121
290 1125
291 1129
292 1133
293 1137
294 1141
295 1145
296 1149
297 1153
298 1157
299 1161
300 1165
301 1169
302 1173
303 1177
304 1181
305 1185
306 1189
307 1193
308 1197
309 1201
310 1205
311 1209
312 1213
313 1217
314 1221
315 1225
316 1229
317 1233
318 1237
319 1241
320 1245
321 1249
322 1253
323 1257
324 1261
325 1265
326 1269
327 1273
328 1277
329 1281
330 1285
331 1289
332 1293
333 1297
334 1301
335 1305
336 1309
337 1313
338 1317
339 1321
340 1325
341 1329
342 1333
343 1337
344 1341
345 1345
346 1349
347 1353
348 1357
349 1361
350 1365
351 1369
352 1373
353 1377
354 1381
355 1385
356 1389
357 1393
358 1397
359 1401
360 1405
361 1409
362 1413
363 1417
364 1421
365 1425
366 1429
367 1433
368 1437
369 1441
370 1445
371 1449
372 1453
373 1457
374 1461
375 1465
376 1469
377 1473
378 1477
379 1481
380 1485
381 1489
382 1493
383 1497
384 1501
385 1505
386 1509
387 1513
388 1517
389 1521
390 1525
391 1529
392 1533
393 1537
394 1541
395 1545
396 1549
397 1553
398 1557
399 1561
400 1565
401 1569
402 1573
403 1577
404 1581
405 1585
406 1589
407 1593
408 1597
409 1601
410 1605
411 1609
412 1613
413 1617
414 1621
415 1625
416 1629
417 1633
418 1637
419 1641
420 1645
421 1649
422 1653
423 1657
424 1661
425 1665
426 1669
427 1673
428 1677
429 1681
430 1685
431 1689
432 1693
433 1697
434 1701
435 1705
436 1709
437 1713
438 1717
439 1721
440 1725
441 1729
442 1733
443 1737
444 1741
445 1745
446 1749
447 1753
448 1757
449 1761
450 1765
451 1769
452 1773
453 1777
454 1781
455 1785
456 1789
457 1793
458 1797
459 1801
460 1805
461 1809
462 1813
463 1817
464 1821
465 1825
466 1829
467 1833
468 1837
469 1841
470 1845
471 1849
472 1853
473 1857
474 1861
475 1865
476 1869
477 1873
478 1877
479 1881
480 1885
481 1889
482 1893
483 1897
484 1901
485 1905
486 1909
487 1913
488 1917
489 1921
490 1925
491 1929
492 1933
493 1937
494 1941
495 1945
496 1949
497 1953
498 1957
499 1961
500 1965
501 1969
502 1973
503 1977
504 1981
505 1985
506 1989
507 1993
508 1997
509 2001
510 2005
511 2009
512 2013
513 2017
514 2021
515 2025
516 2029
517 2033
518 2037
519 2041
520 2045
521 2049
522 2053
523 2057
524 2061
525 2065
526 2069
527 2073
528 2077
529 2081
530 2085
531 2089
532 2093
533 2097
534 2101
535 2105
536 2108
537 2111
538 2114
539 2117
540 2121
541 2124
542 2128
543 2132
544 2136
545 2140
546 2144
547 2148
548 2152
549 2156
550 2160
551 2164
552 2168
553 2172
554 2176
555 2180
556 2184
557 2188
558 2192
559 2196
560 2200
561 2204
562 2208
563 2212
564 2216
565 2220
566 2224
567 2228
568 2232
569 2236
570 2240
571 2244
572 2248
573 2252
574 2256
575 2260
576 2264
577 2268
578 2272
579 2276
580 2280
581 2284
582 2288
583 2292
584 2296
585 2300
586 2304
587 2308
588 2312
589 2316
590 2320
591 2324
592 2328
593 2332
594 2336
595 2340
596 2344
597 2348
598 2352
599 2356
600 2360
601 2364
602 2368
603 2372
604 2376
605 2380
606 2384
607 2388
608 2392
609 2396
610 2400
611 2404
612 2408
613 2412
614 2416
615 2420
616 2424
617 2428
618 2432
619 2436
620 2440
621 2444
622 2448
623 2452
624 2456
625 2460
626 2464
627 2468
628 2472
629 2476
630 2480
631 2484
632 2488
633 2492
634 2496
635 2500
636 2504
637 2508
638 2512
639 2516
640 2520
641 2524
642 2528
643 2532
644 2536
645 2540
646 2544
647 2548
648 2552
649 2556
650 2560
651 2564
652 2568
653 2572
654 2576
655 2580
656 2584
657 2588
658 2592
659 2596
660 2600
661 2604
662 2608
663 2612
664 2616
665 2620
666 2624
667 2628
668 2632
669 2636
670 2640
671 2644
672 2648
673 2652
674 2656
675 2660
676 2664
677 2668
678 2672
679 2676
680 2680
681 2684
682 2688
683 2692
684 2696
685 2700
686 2704
687 2708
688 2712
689 2716
690 2720
691 2724
692 2728
693 2732
694 2736
695 2740
696 2744
697 2748
698 2752
699 2756
700 2760
701 2764
702 2768
703 2772
704 2776
705 2780
706 2784
707 2788
708 2792
709 2796
710 2800
711 2804
712 2808
713 2812
714 2816
715 2820
716 2824
717 2828
718 2832
719 2836
720 2840
721 2844
722 2848
723 2852
724 2856
725 2860
726 2864
727 2868
728 2872
729 2876
730 2880
731 2884
732 2888
733 2892
734 2896
735 2900
736 2904
737 2908
738 2912
739 2916
740 2920
741 2924
742 2928
743 2932
744 2936
745 2940
746 2944
747 2948
748 2952
749 2956
750 2960
751 2964
752 2968
753 2972
754 2976
755 2980
756 2984
757 2988
758 2992
759 2996
760 3000
761 3004
762 3008
763 3012
764 3016
765 3020
766 3024
767 3028
768 3032
769 3036
770 3040
771 3044
772 3048
773 3052
774 3056
775 3060
776 3064
777 3068
778 3072
779 3076
780 3080
781 3084
782 3088
783 3092
784 3096
785 3100
786 3104
787 3108
788 3112
789 3115
790 3120
791 3124
792 3128
793 3132
794 3136
795 3140
796 3144
797 3148
798 3151
799 3155
800 3160
801 3164
802 3168
803 3172
804 3176
805 3180
806 3184
807 3187
808 3191
809 3195
810 3199
811 3204
812 3208
813 3212
814 3216
815 3220
816 3223
817 3227
818 3231
819 3235
820 3239
821 3244
822 3248
823 3252
824 3255
825 3259
826 3263
827 3267
828 3271
829 3275
830 3279
831 3283
832 3288
833 3291
834 3295
835 3299
836 3303
837 3307
838 3311
839 3315
840 3319
841 3323
842 3327
843 3331
844 3335
845 3339
846 3343
847 3347
848 3351
849 3355
850 3359
851 3363
852 3367
853 3371
854 3375
855 3379
856 3383
857 3387
858 3391
859 3395
860 3399
861 3403
862 3407
863 3411
864 3415
865 3419
866 3423
867 3427
868 3431
869 3435
870 3439
871 3443
872 3447
873 3451
874 3455
875 3459
876 3463
877 3467
878 3471
879 3475
880 3479
881 3483
882 3487
883 3491
884 3495
885 3499
886 3503
887 3507
888 3511
889 3515
890 3519
891 3523
892 3527
893 3531
894 3535
895 3539
896 3543
897 3547
898 3551
899 3555
900 3559
901 3563
902 3567
903 3571
904 3575
905 3579
906 3583
907 3587
908 3591
909 3595
910 3599
911 3603
912 3607
913 3611
914 3615
915 3619
916 3623
917 3627
918 3631
919 3635
920 3639
921 3643
922 3647
923 3651
924 3655
925 3659
926 3663
927 3667
928 3671
929 3675
930 3679
931 3683
932 3687
933 3691
934 3695
935 3699
936 3703
937 3707
938 3711
939 3715
940 3719
941 3723
942 3727
943 3731
944 3735
945 3739
946 3743
947 3747
948 3751
949 3755
950 3759
951 3763
952 3767
953 3771
954 3774
955 3777
956 3781
957 3785
958 3789
959 3793
960 3797
961 3801
962 3805
963 3809
964 3813
965 3817
966 3821
967 3825
968 3829
969 3833
970 3837
971 3841
972 3845
973 3849
974 3853
975 3857
976 3861
977 3865
978 3869
979 3873
980 3877
981 3881
982 3885
983 3889
984 3893
985 3897
986 3901
987 3905
988 3909
989 3913
990 3917
991 3921
992 3925
993 3929
994 3933
995 3937
996 3941
997 3945
998 3949
999 3953
1000 3957
1001 3961
1002 3965
1003 3969
1004 3973
1005 3977
1006 3981
1007 3985
1008 3989
1009 3993
1010 3997
1011 4001
1012 4005
1013 4009
1014 4013
1015 4017
1016 4021
1017 4025
1018 4029
1019 4033
1020 4037
1021 4041
1022 4045
1023 4049
1024 4053
1025 4057
1026 4061
1027 4065
1028 4069
1029 4073
1030 4077
1031 4081
1032 4085
1033 4089
1034 4093
1035 4097
1036 4101
1037 4105
1038 4109
1039 4113
1040 4117
1041 4121
1042 4125
1043 4129
1044 4133
1045 4137
1046 4141
1047 4145
1048 4149
1049 4153
1050 4157
1051 4161
1052 4165
1053 4169
1054 4173
1055 4177
1056 4181
1057 4185
1058 4189
1059 4193
1060 4197
1061 4201
1062 4205
1063 4209
1064 4213
1065 4217
1066 4221
1067 4225
1068 4229
1069 4233
1070 4237
1071 4241
1072 4245
1073 4249
1074 4253
1075 4257
1076 4261
1077 4265
1078 4269
1079 4273
1080 4277
1081 4281
1082 4285
1083 4289
1084 4293
1085 4297
1086 4301
1087 4305
1088 4309
1089 4313
1090 4317
1091 4321
1092 4325
1093 4329
1094 4333
1095 4337
1096 4341
1097 4345
1098 4349
1099 4353
1100 4357
1101 4361
1102 4365
1103 4369
1104 4373
1105 4377
1106 4381
1107 4385
1108 4389
1109 4393
1110 4397
1111 4401
1112 4405
1113 4409
1114 4413
1115 4417
1116 4421
1117 4425
1118 4429
1119 4433
1120 4437
1121 4441
1122 4445
1123 4449
1124 4453
1125 4457
1126 4461
1127 4465
1128 4469
1129 4473
1130 4477
1131 4481
1132 4485
1133 4489
1134 4493
1135 4497
1136 4501
1137 4505
1138 4509
1139 4513
1140 4517
1141 4521
1142 4525
1143 4529
1144 4533
1145 4537
1146 4541
1147 4545
1148 4549
1149 4553
1150 4557
1151 4561
1152 4565
1153 4569
1154 4573
1155 4577
1156 4581
1157 4585
1158 4589
1159 4593
1160 4597
1161 4601
1162 4605
1163 4609
1164 4613
1165 4617
1166 4621
1167 4625
1168 4629
1169 4633
1170 4637
1171 4641
1172 4645
1173 4649
1174 4653
1175 4657
1176 4661
1177 4665
1178 4669
1179 4673
1180 4677
1181 4681
1182 4685
1183 4689
1184 4693
1185 4697
1186 4701
1187 4705
1188 4709
1189 4713
1190 4717
1191 4721
1192 4725
1193 4729
1194 4733
1195 4737
1196 4741
1197 4745
1198 4749
1199 4753
1200 4757
1201 4761
1202 4765
1203 4769
1204 4773
1205 4777
1206 4781
1207 4785
1208 4789
1209 4793
1210 4797
1211 4801
1212 4805
1213 4809
1214 4813
1215 4817
1216 4821
1217 4825
1218 4829
1219 4833
1220 4837
1221 4841
1222 4845
1223 4849
1224 4853
1225 4857
1226 4861
1227 4865
1228 4869
1229 4873
1230 4877
1231 4881
1232 4885
1233 4889
1234 4893
1235 4897
1236 4901
1237 4905
1238 4909
1239 4913
1240 4917
1241 4921
1242 4925
1243 4929
1244 4933
1245 4937
1246 4941
1247 4945
1248 4949
1249 4953
1250 4957
1251 4961
1252 4965
1253 4969
1254 4973
1255 4977
1256 4981
1257 4985
1258 4989
1259 4993
1260 4997
1261 5001
1262 5005
1263 5009
1264 5013
1265 5017
1266 5021
1267 5025
1268 5029
1269 5033
1270 5037
1271 5041
1272 5045
1273 5049
1274 5053
1275 5057
1276 5061
1277 5065
1278 5069
1279 5073
1280 5077
1281 5081
1282 5085
1283 5089
1284 5093
1285 5097
1286 5101
1287 5105
1288 5109
1289 5113
1290 5117
1291 5121
1292 5125
1293 5129
1294 5133
1295 5137
1296 5141
1297 5145
1298 5149
1299 5153
1300 5157
1301 5161
1302 5165
1303 5169
1304 5173
1305 5177
1306 5181
1307 5185
1308 5189
1309 5193
1310 5197
1311 5201
1312 5205
1313 5208
1314 5211
1315 5214
1316 5217
1317 5220
1318 5224
1319 5227
1320 5231
1321 5234
1322 5238
1323 5242
1324 5245
1325 5249
1326 5253
1327 5256
1328 5260
1329 5264
1330 5268
1331 5272
1332 5276
1333 5279
1334 5283
1335 5287
1336 5291
1337 5295
1338 5299
1339 5303
1340 5307
1341 5311
1342 5315
1343 5319
1344 5323
1345 5326
1346 5330
1347 5334
1348 5338
1349 5342
1350 5346
1351 5350
1352 5354
1353 5358
1354 5362
1355 5366
1356 5370
1357 5374
1358 5378
1359 5381
1360 5385
1361 5389
1362 5393
1363 5397
1364 5400
1365 5404
1366 5408
1367 5412
1368 5416
1369 5419
1370 5423
1371 5427
1372 5431
1373 5435
1374 5439
1375 5443
1376 5447
1377 5451
1378 5455
1379 5459
1380 5463
1381 5467
1382 5471
1383 5475
1384 5479
1385 5483
1386 5487
1387 5491
1388 5495
1389 5499
1390 5503
1391 5507
1392 5511
1393 5515
1394 5519
1395 5523
1396 5527
1397 5531
1398 5535
1399 5539
1400 5543
1401 5547
1402 5551
1403 5555
1404 5559
1405 5563
1406 5567
1407 5571
1408 5575
1409 5579
1410 5583
1411 5587
1412 5591
1413 5595
1414 5599
1415 5603
1416 5607
1417 5611
1418 5615
1419 5619
1420 5623
1421 5627
1422 5631
1423 5635
1424 5639
1425 5643
1426 5647
1427 5651
1428 5655
1429 5659
1430 5663
1431 5667
1432 5671
1433 5675
1434 5679
1435 5683
1436 5687
1437 5691
1438 5695
1439 5699
1440 5703
1441 5707
1442 5711
1443 5715
1444 5719
1445 5723
1446 5727
1447 5731
1448 5735
1449 5739
1450 5743
1451 5747
1452 5751
1453 5755
1454 5759
1455 5763
1456 5767
1457 5771
1458 5775
1459 5779
1460 5783
1461 5787
1462 5791
1463 5795
1464 5799
1465 5803
1466 5807
1467 5811
1468 5815
1469 5819
1470 5823
1471 5827
1472 5831
1473 5835
1474 5839
1475 5843
1476 5847
1477 5851
1478 5855
1479 5859
1480 5863
1481 5867
1482 5871
1483 5875
1484 5879
1485 5883
1486 5887
1487 5891
1488 5895
1489 5899
1490 5903
1491 5907
1492 5911
1493 5915
1494 5919
1495 5923
1496 5927
1497 5931
1498 5935
1499 5939
1500 5943
1501 5947
1502 5951
1503 5955
1504 5959
1505 5963
1506 5967
1507 5971
1508 5975
1509 5979
1510 5983
1511 5987
1512 5991
1513 5995
1514 5999
1515 6003
1516 6007
1517 6011
1518 6015
1519 6019
1520 6023
1521 6027
1522 6031
1523 6035
1524 6039
1525 6043
1526 6047
1527 6051
1528 6055
1529 6059
1530 6063
1531 6067
1532 6071
1533 6075
1534 6079
1535 6083
1536 6087
1537 6091
1538 6095
1539 6099
1540 6103
1541 6107
1542 6111
1543 6115
1544 6119
1545 6123
1546 6127
1547 6131
1548 6135
1549 6139
1550 6143
1551 6147
1552 6151
1553 6155
1554 6159
1555 6163
1556 6167
1557 6171
1558 6175
1559 6179
1560 6183
1561 6187
1562 6191
1563 6195
1564 6199
1565 6203
1566 6207
1567 6211
1568 6215
1569 6219
1570 6223
1571 6227
1572 6231
1573 6235
1574 6239
1575 6243
1576 6247
1577 6251
1578 6255
1579 6259
1580 6263
1581 6267
1582 6271
1583 6274
1584 6277
1585 6280
1586 6283
1587 6286
1588 6290
1589 6294
1590 6298
1591 6302
1592 6306
1593 6310
1594 6314
1595 6318
1596 6322
1597 6326
1598 6330
1599 6334
1600 6338
1601 6342
1602 6346
1603 6350
1604 6354
1605 6358
1606 6362
1607 6366
1608 6370
1609 6374
1610 6378
1611 6382
1612 6386
1613 6390
1614 6394
1615 6398
1616 6402
1617 6406
1618 6410
1619 6414
1620 6418
1621 6422
1622 6426
1623 6430
1624 6434
1625 6438
1626 6442
1627 6446
1628 6450
1629 6454
1630 6458
1631 6462
1632 6466
1633 6470
1634 6474
1635 6478
1636 6482
1637 6486
1638 6490
1639 6494
1640 6498
1641 6502
1642 6506
1643 6510
1644 6514
1645 6518
1646 6522
1647 6526
1648 6530
1649 6534
1650 6538
1651 6542
1652 6546
1653 6550
1654 6554
1655 6558
1656 6562
1657 6566
1658 6570
1659 6574
1660 6578
1661 6582
1662 6586
1663 6590
1664 6594
1665 6598
1666 6602
1667 6606
1668 6610
1669 6614
1670 6618
1671 6622
1672 6626
1673 6630
1674 6634
1675 6638
1676 6642
1677 6646
1678 6650
1679 6654
1680 6658
1681 6662
1682 6665
1683 6668
1684 6672
1685 6675
1686 6678
1687 6682
1688 6685
1689 6688
1690 6691
1691 6694
1692 6697
1693 6700
1694 6704
1695 6708
1696 6712
1697 6716
1698 6720
1699 6724
1700 6728
1701 6731
1702 6734
1703 6738
1704 6741
1705 6744
1706 6748
1707 6752
1708 6756
1709 6760
1710 6764
1711 6768
1712 6772
1713 6775
1714 6779
1715 6783
1716 6787
1717 6791
1718 6794
1719 6797
1720 6800
1721 6803
1722 6806
1723 6809
1724 6812
1725 6815
1726 6818
1727 6821
1728 6824
1729 6827
1730 6830
1731 6833
1732 6836
1733 6839
1734 6842
1735 6846
1736 6849
1737 6853
1738 6857
1739 6861
1740 6865
1741 6869
1742 6873
1743 6877
1744 6881
1745 6885
1746 6889
1747 6893
1748 6897
1749 6901
1750 6905
1751 6909
1752 6912
1753 6916
1754 6920
1755 6924
1756 6928
1757 6932
1758 6936
1759 6940
1760 6944
1761 6948
1762 6952
1763 6956
1764 6960
1765 6964
1766 6968
1767 6972
1768 6976
1769 6980
1770 6984
1771 6988
1772 6992
1773 6996
1774 7000
1775 7004
1776 7008
1777 7012
1778 7016
1779 7020
1780 7024
1781 7028
1782 7032
1783 7036
1784 7040
1785 7044
1786 7048
1787 7052
1788 7056
1789 7060
1790 7064
1791 7068
1792 7072
1793 7076
1794 7080
1795 7084
1796 7088
1797 7092
1798 7096
1799 7100
1800 7104
1801 7108
1802 7112
1803 7116
1804 7120
1805 7124
1806 7128
1807 7132
1808 7136
1809 7140
1810 7144
1811 7148
1812 7152
1813 7156
1814 7160
1815 7164
1816 7168
1817 7172
1818 7176
1819 7180
1820 7184
1821 7188
1822 7192
1823 7196
1824 7200
1825 7204
1826 7208
1827 7212
1828 7216
1829 7220
1830 7224
1831 7228
1832 7232
1833 7236
1834 7240
1835 7244
1836 7248
1837 7252
1838 7256
1839 7260
1840 7264
1841 7268
1842 7272
1843 7276
1844 7280
1845 7284
1846 7288
1847 7292
1848 7296
1849 7300
1850 7304
1851 7308
1852 7312
1853 7316
1854 7320
1855 7324
1856 7328
1857 7332
1858 7336
1859 7340
1860 7344
1861 7348
1862 7352
1863 7356
1864 7360
1865 7364
1866 7368
1867 7372
1868 7376
1869 7380
1870 7384
1871 7388
1872 7392
1873 7396
1874 7400
1875 7404
1876 7408
1877 7412
1878 7416
1879 7420
1880 7424
1881 7428
1882 7432
1883 7436
1884 7440
1885 7444
1886 7448
1887 7452
1888 7456
1889 7460
1890 7464
1891 7468
1892 7472
1893 7476
1894 7480
1895 7484
1896 7488
1897 7492
1898 7496
1899 7500
1900 7504
1901 7508
1902 7512
1903 7516
1904 7520
1905 7524
1906 7528
1907 7532
1908 7536
1909 7540
1910 7544
1911 7548
1912 7552
1913 7556
1914 7560
1915 7564
1916 7568
1917 7572
1918 7576
1919 7580
1920 7584
1921 7588
1922 7592
1923 7596
1924 7600
1925 7604
1926 7608
1927 7612
1928 7616
1929 7620
1930 7624
1931 7628
1932 7632
1933 7636
1934 7640
1935 7644
1936 7648
1937 7652
1938 7656
1939 7660
1940 7664
1941 7668
1942 7672
1943 7676
1944 7680
1945 7684
1946 7688
1947 7692
1948 7696
1949 7700
1950 7704
1951 7708
1952 7712
1953 7716
1954 7720
1955 7724
1956 7728
1957 7732
1958 7736
1959 7740
1960 7744
1961 7748
1962 7752
1963 7756
1964 7760
1965 7764
1966 7768
1967 7772
1968 7776
1969 7780
1970 7784
1971 7788
1972 7792
1973 7796
1974 7800
1975 7804
1976 7808
1977 7812
1978 7816
1979 7820
1980 7824
1981 7828
1982 7832
1983 7836
1984 7840
1985 7844
1986 7848
1987 7852
1988 7856
1989 7860
1990 7864
1991 7868
1992 7872
1993 7876
1994 7880
1995 7884
1996 7888
1997 7892
1998 7896
1999 7900
2000 7904
2001 7908
2002 7912
2003 7916
2004 7920
2005 7924
2006 7928
2007 7932
2008 7936
2009 7940
2010 7944
2011 7948
2012 7952
2013 7956
2014 7960
2015 7964
2016 7968
2017 7972
2018 7976
2019 7980
2020 7984
2021 7988
2022 7992
2023 7996
2024 8000
2025 8003
2026 8007
2027 8011
2028 8015
2029 8019
2030 8022
2031 8025
2032 8028
2033 8031
2034 8035
2035 8038
2036 8041
2037 8045
2038 8048
2039 8052
2040 8055
2041 8059
2042 8063
2043 8067
2044 8071
2045 8075
2046 8079
2047 8083
2048 8087
2049 8091
2050 8095
2051 8099
2052 8103
2053 8107
2054 8111
2055 8114
2056 8118
2057 8122
2058 8125
2059 8129
2060 8132
2061 8135
2062 8138
2063 8142
2064 8146
2065 8149
2066 8153
2067 8157
2068 8160
2069 8164
2070 8168
2071 8171
2072 8175
2073 8179
2074 8183
2075 8187
2076 8191
2077 8195
2078 8199
2079 8203
2080 8207
2081 8211
2082 8215
2083 8219
2084 8223
2085 8227
2086 8231
2087 8235
2088 8239
2089 8243
2090 8247
2091 8251
2092 8255
2093 8259
2094 8263
2095 8267
2096 8271
2097 8275
2098 8279
2099 8283
2100 8287
2101 8290
2102 8294
2103 8298
2104 8302
2105 8305
2106 8308
2107 8311
2108 8314
2109 8317
2110 8321
2111 8324
2112 8327
2113 8331
2114 8335
2115 8339
2116 8343
2117 8346
2118 8350
2119 8354
2120 8358
2121 8362
2122 8366
2123 8370
2124 8374
2125 8378
2126 8382
2127 8386
2128 8390
2129 8394
2130 8398
2131 8402
2132 8406
2133 8410
2134 8414
2135 8418
2136 8422
2137 8426
2138 8430
2139 8434
2140 8438
2141 8442
2142 8446
2143 8450
2144 8454
2145 8458
2146 8462
2147 8466
2148 8470
2149 8474
2150 8478
2151 8482
2152 8486
2153 8490
2154 8494
2155 8498
2156 8502
2157 8506
2158 8510
2159 8514
2160 8518
2161 8522
2162 8526
2163 8530
2164 8534
2165 8538
2166 8542
2167 8546
2168 8550
2169 8554
2170 8558
2171 8562
2172 8566
2173 8570
2174 8574
2175 8578
2176 8582
2177 8586
2178 8590
2179 8594
2180 8598
2181 8602
2182 8606
2183 8610
2184 8614
2185 8618
2186 8622
2187 8626
2188 8630
2189 8634
2190 8638
2191 8642
2192 8646
2193 8650
2194 8654
2195 8658
2196 8662
2197 8666
2198 8670
2199 8674
2200 8678
2201 8682
2202 8686
2203 8690
2204 8694
2205 8698
2206 8702
2207 8706
2208 8710
2209 8714
2210 8718
2211 8722
2212 8726
2213 8730
2214 8734
2215 8738
2216 8742
2217 8746
2218 8750
2219 8754
2220 8758
2221 8762
2222 8766
2223 8770
2224 8774
2225 8778
2226 8782
2227 8786
2228 8790
2229 8794
2230 8798
2231 8802
2232 8806
2233 8810
2234 8814
2235 8818
2236 8822
2237 8826
2238 8830
2239 8834
2240 8838
2241 8842
2242 8846
2243 8850
2244 8854
2245 8858
2246 8862
2247 8866
2248 8870
2249 8874
2250 8878
2251 8882
2252 8886
2253 8890
2254 8894
2255 8898
2256 8902
2257 8906
2258 8910
2259 8914
2260 8918
2261 8922
2262 8926
2263 8930
2264 8934
2265 8938
2266 8942
2267 8946
2268 8950
2269 8954
2270 8958
2271 8962
2272 8966
2273 8970
2274 8974
2275 8978
2276 8982
2277 8986
2278 8990
2279 8994
2280 8998
2281 9002
2282 9006
2283 9010
2284 9014
2285 9018
2286 9022
2287 9026
2288 9030
2289 9034
2290 9038
2291 9042
2292 9046
2293 9050
2294 9054
2295 9058
2296 9062
2297 9066
2298 9070
2299 9074
2300 9078
2301 9082
2302 9086
2303 9090
2304 9094
2305 9098
2306 9102
2307 9106
2308 9110
2309 9114
2310 9118
2311 9122
2312 9126
2313 9130
2314 9134
2315 9138
2316 9142
2317 9146
2318 9150
2319 9154
2320 9158
2321 9162
2322 9166
2323 9170
2324 9174
2325 9178
2326 9182
2327 9186
2328 9190
2329 9194
2330 9198
2331 9202
2332 9206
2333 9210
2334 9214
2335 9218
2336 9222
2337 9226
2338 9230
2339 9234
2340 9238
2341 9242
2342 9246
2343 9250
2344 9254
2345 9258
2346 9262
2347 9266
2348 9270
2349 9274
2350 9278
2351 9282
2352 9286
2353 9290
2354 9294
2355 9298
2356 9302
2357 9306
2358 9310
2359 9314
2360 9318
2361 9322
2362 9326
2363 9330
2364 9334
2365 9338
2366 9342
2367 9346
2368 9350
2369 9354
2370 9358
2371 9362
2372 9366
2373 9370
2374 9374
2375 9377
2376 9381
2377 9385
2378 9389
2379 9393
2380 9397
2381 9401
2382 9404
2383 9407
2384 9410
2385 9413
2386 9416
2387 9420
2388 9424
2389 9428
2390 9432
2391 9436
2392 9440
2393 9444
2394 9447
2395 9450
2396 9454
2397 9458
2398 9462
2399 9466
2400 9470
2401 9474
2402 9478
2403 9482
2404 9486
2405 9490
2406 9494
2407 9497
2408 9501
2409 9505
2410 9509
2411 9512
2412 9516
2413 9519
2414 9523
2415 9526
2416 9529
2417 9531
2418 9535
2419 9538
2420 9541
2421 9544
2422 9547
2423 9550
2424 9553
2425 9556
2426 9560
2427 9563
2428 9566
2429 9569
2430 9572
2431 9575
2432 9578
2433 9581
2434 9584
2435 9587
2436 9591
2437 9595
2438 9598
2439 9601
2440 9605
2441 9608
2442 9612
2443 9615
2444 9619
2445 9623
2446 9627
2447 9631
2448 9635
2449 9639
2450 9643
2451 9647
2452 9651
2453 9655
2454 9659
2455 9663
2456 9667
2457 9671
2458 9675
2459 9679
2460 9683
2461 9687
2462 9691
2463 9695
2464 9699
2465 9703
2466 9707
2467 9711
2468 9715
2469 9719
2470 9723
2471 9727
2472 9731
2473 9735
2474 9739
2475 9743
2476 9747
2477 9751
2478 9755
2479 9759
2480 9763
2481 9767
2482 9771
2483 9775
2484 9779
2485 9783
2486 9787
2487 9791
2488 9795
2489 9799
2490 9803
2491 9807
2492 9811
2493 9815
2494 9819
2495 9823
2496 9827
2497 9831
2498 9835
2499 9839
2500 9843
2501 9847
2502 9851
2503 9855
2504 9859
2505 9863
2506 9867
2507 9871
2508 9875
2509 9879
2510 9883
2511 9887
2512 9891
2513 9895
2514 9899
2515 9903
2516 9907
2517 9911
2518 9915
2519 9919
2520 9923
2521 9927
2522 9931
2523 9935
2524 9939
2525 9943
2526 9947
2527 9951
2528 9955
2529 9959
2530 9963
2531 9967
2532 9971
2533 9975
2534 9979
2535 9983
2536 9987
2537 9991
2538 9995
2539 9999
2540 10003
2541 10007
2542 10011
2543 10015
2544 10019
2545 10023
2546 10027
2547 10031
2548 10035
2549 10039
2550 10043
2551 10047
2552 10051
2553 10055
2554 10059
2555 10063
2556 10067
2557 10071
2558 10075
2559 10079
2560 10083
2561 10087
2562 10091
2563 10095
2564 10099
2565 10103
2566 10107
2567 10111
2568 10115
2569 10119
2570 10123
2571 10127
2572 10131
2573 10135
2574 10139
2575 10143
2576 10147
2577 10151
2578 10155
2579 10159
2580 10163
2581 10167
2582 10171
2583 10175
2584 10179
2585 10183
2586 10187
2587 10191
2588 10195
2589 10199
2590 10203
2591 10207
2592 10211
2593 10215
2594 10219
2595 10223
2596 10227
2597 10231
2598 10235
2599 10239
2600 10243
2601 10247
2602 10251
2603 10255
2604 10259
2605 10263
2606 10267
2607 10271
2608 10275
2609 10279
2610 10283
2611 10287
2612 10291
2613 10295
2614 10299
2615 10303
2616 10307
2617 10311
2618 10315
2619 10319
2620 10323
2621 10327
2622 10331
2623 10335
2624 10339
2625 10343
2626 10347
2627 10351
2628 10355
2629 10359
2630 10363
2631 10367
2632 10371
2633 10375
2634 10379
2635 10383
2636 10387
2637 10391
2638 10395
2639 10399
2640 10403
2641 10407
2642 10411
2643 10415
2644 10419
2645 10423
2646 10427
2647 10431
2648 10435
2649 10439
2650 10443
2651 10447
2652 10451
2653 10455
2654 10459
2655 10463
2656 10467
2657 10471
2658 10475
2659 10479
2660 10483
2661 10487
2662 10491
2663 10495
2664 10499
2665 10503
2666 10507
2667 10511
2668 10515
2669 10519
2670 10523
2671 10527
2672 10531
2673 10535
2674 10539
2675 10543
2676 10547
2677 10551
2678 10555
2679 10559
2680 10563
2681 10567
2682 10571
2683 10575
2684 10579
2685 10583
2686 10587
2687 10591
2688 10595
2689 10599
2690 10603
2691 10607
2692 10611
2693 10615
2694 10619
2695 10623
2696 10627
2697 10631
2698 10635
2699 10639
2700 10643
2701 10647
2702 10651
2703 10655
2704 10659
2705 10663
2706 10667
2707 10671
2708 10675
2709 10679
2710 10683
2711 10687
2712 10691
2713 10695
2714 10699
2715 10703
2716 10707
2717 10711
2718 10715
2719 10719
2720 10723
2721 10727
2722 10731
2723 10735
2724 10739
2725 10743
2726 10747
2727 10751
2728 10755
2729 10759
2730 10763
2731 10767
2732 10771
2733 10775
2734 10779
2735 10783
2736 10787
2737 10791
2738 10795
2739 10799
2740 10803
2741 10807
2742 10811
2743 10815
2744 10819
2745 10823
2746 10827
2747 10831
2748 10835
2749 10839
2750 10843
2751 10847
2752 10851
2753 10855
2754 10859
2755 10863
2756 10867
2757 10871
2758 10875
2759 10879
2760 10883
2761 10887
2762 10891
2763 10895
2764 10899
2765 10903
2766 10907
2767 10911
2768 10915
2769 10919
2770 10923
2771 10927
2772 10931
2773 10935
2774 10939
2775 10943
2776 10947
2777 10951
2778 10955
2779 10959
2780 10963
2781 10967
2782 10971
2783 10975
2784 10979
2785 10983
2786 10987
2787 10991
2788 10995
2789 10999
2790 11003
2791 11007
2792 11011
2793 11015
2794 11019
2795 11023
2796 11027
2797 11031
2798 11035
2799 11039
2800 11043
2801 11047
2802 11051
2803 11055
2804 11059
2805 11063
2806 11067
2807 11071
2808 11075
2809 11079
2810 11083
2811 11087
2812 11091
2813 11095
2814 11099
2815 11103
2816 11107
2817 11111
2818 11115
2819 11119
2820 11123
2821 11127
2822 11131
2823 11135
2824 11139
2825 11143
2826 11147
2827 11151
2828 11155
2829 11159
2830 11163
2831 11167
2832 11171
2833 11175
2834 11179
2835 11183
2836 11187
2837 11191
2838 11195
2839 11199
2840 11203
2841 11207
2842 11211
2843 11215
2844 11219
2845 11223
2846 11227
2847 11231
2848 11235
2849 11239
2850 11243
2851 11247
2852 11251
2853 11255
2854 11259
2855 11263
2856 11267
2857 11271
2858 11275
2859 11279
2860 11283
2861 11287
2862 11291
2863 11295
2864 11299
2865 11303
2866 11307
2867 11311
2868 11315
2869 11319
