67 0
68 2
69 6
70 10
71 14
72 18
73 22
74 26
75 30
76 34
77 38
78 42
79 46
80 50
81 54
82 58
83 62
84 66
85 70
86 74
87 78
88 82
89 86
90 90
91 94
92 98
93 102
94 106
95 110
96 114
97 118
98 122
99 126
100 130
101 134
102 138
103 142
104 146
105 150
106 154
107 158
108 162
109 166
110 169
111 172
112 176
113 180
114 184
115 188
116 192
117 196
118 200
119 204
120 207
121 210
122 214
123 218
124 222
125 224
126 226
127 227
128 229
129 232
130 234
131 235
132 236
133 238
134 239
135 241
136 242
137 243
138 246
140 247
141 249
142 250
143 252
144 253
145 254
147 255
149 257
150 259
151 260
152 262
154 263
155 266
156 268
157 269
158 271
159 273
160 276
161 278
162 280
163 283
164 284
165 286
166 289
167 292
168 296
169 300
170 304
171 308
172 312
173 316
174 320
175 324
176 328
177 332
178 336
179 340
180 344
181 348
182 352
183 356
184 360
185 364
186 368
187 372
188 376
189 380
190 384
191 388
192 392
193 396
194 400
195 404
196 408
197 412
198 416
199 420
200 424
201 428
202 432
203 436
204 440
205 444
206 448
207 452
208 456
209 460
210 464
211 468
212 472
213 476
214 480
215 484
216 488
217 492
218 496
219 500
220 504
221 508
222 512
223 516
224 520
225 524
226 528
227 531
228 535
229 539
230 543
231 547
232 550
233 554
234 558
235 562
236 566
237 570
238 574
239 578
240 582
241 586
242 590
243 594
244 598
245 601
246 605
247 609
248 613
249 617
250 621
251 625
252 629
253 633
254 637
255 641
256 645
257 649
258 653
259 657
260 661
261 665
262 669
263 673
264 677
265 681
266 685
267 689
268 693
269 697
270 701
271 705
272 709
273 713
274 717
275 721
276 725
277 729
278 733
279 737
280 741
281 745
282 749
283 753
284 757
285 761
286 765
287 769
288 773
289 777
290 781
291 785
292 789
293 793
294 797
295 801
296 805
297 809
298 813
299 817
300 821
301 825
302 829
303 833
304 837
305 841
306 845
307 849
308 853
309 857
310 861
311 865
312 869
313 873
314 877
315 881
316 885
317 889
318 893
319 897
320 901
321 905
322 909
323 913
324 917
325 921
326 925
327 929
328 933
329 937
330 941
331 945
332 949
333 953
334 957
335 961
336 965
337 969
338 973
339 977
340 981
341 985
342 989
343 993
344 997
345 1001
346 1005
347 1009
348 1013
349 1017
350 1021
351 1025
352 1029
353 1033
354 1037
355 1041
356 1045
357 1049
358 1053
359 1057
360 1061
361 1065
362 1069
363 1073
364 1077
365 1081
366 1085
367 1089
368 1093
369 1097
370 1101
371 1105
372 1109
373 1113
374 1117
375 1121
376 1125
377 1128
378 1132
379 1136
380 1140
381 1144
382 1148
383 1152
384 1156
385 1160
386 1164
387 1168
388 1172
389 1176
390 1180
391 1184
392 1188
393 1192
394 1196
395 1200
396 1204
397 1208
398 1212
399 1216
400 1220
401 1224
402 1228
403 1232
404 1236
405 1240
406 1244
407 1248
408 1252
409 1256
410 1260
411 1264
412 1268
413 1272
414 1276
415 1280
416 1284
417 1288
418 1292
419 1296
420 1300
421 1304
422 1308
423 1312
424 1316
425 1320
426 1324
427 1328
428 1332
429 1336
430 1340
431 1344
432 1348
433 1352
434 1356
435 1360
436 1364
437 1368
438 1372
439 1376
440 1380
441 1384
442 1388
443 1392
444 1396
445 1400
446 1404
447 1408
448 1412
449 1416
450 1420
451 1424
452 1428
453 1432
454 1436
455 1440
456 1444
457 1448
458 1452
459 1456
460 1460
461 1464
462 1468
463 1472
464 1475
465 1479
466 1483
467 1487
468 1491
469 1495
470 1499
471 1503
472 1507
473 1511
474 1515
475 1519
476 1523
477 1527
478 1531
479 1535
480 1539
481 1543
482 1547
483 1551
484 1555
485 1559
486 1563
487 1567
488 1571
489 1575
490 1579
491 1583
492 1587
493 1591
494 1595
495 1599
496 1603
497 1607
498 1611
499 1615
500 1619
501 1623
502 1627
503 1631
504 1635
505 1639
506 1643
507 1647
508 1651
509 1655
510 1659
511 1663
512 1667
513 1671
514 1675
515 1679
516 1683
517 1687
518 1691
519 1695
520 1699
521 1703
522 1707
523 1711
524 1715
525 1719
526 1723
527 1727
528 1731
529 1735
530 1739
531 1743
532 1747
533 1751
534 1755
535 1759
536 1763
537 1767
538 1771
539 1775
540 1779
541 1783
542 1787
543 1791
544 1795
545 1799
546 1803
547 1807
548 1811
549 1815
550 1819
551 1823
552 1827
553 1831
554 1835
555 1839
556 1843
557 1847
558 1851
559 1855
560 1859
561 1863
562 1867
563 1871
564 1875
565 1879
566 1883
567 1887
568 1891
569 1895
570 1899
571 1903
572 1907
573 1911
574 1915
575 1919
576 1923
577 1927
578 1931
579 1935
580 1939
581 1943
582 1947
583 1951
584 1955
585 1959
586 1963
587 1966
588 1970
589 1975
590 1979
591 1983
592 1987
593 1991
594 1995
595 1998
596 2001
597 2005
598 2009
599 2014
600 2018
601 2022
602 2026
603 2030
604 2034
605 2037
606 2041
607 2045
608 2049
609 2053
610 2058
611 2062
612 2066
613 2070
614 2073
615 2077
616 2081
617 2085
618 2089
619 2093
620 2098
621 2102
622 2106
623 2109
624 2113
625 2117
626 2121
627 2125
628 2129
629 2133
630 2137
631 2141
632 2145
633 2149
634 2153
635 2157
636 2161
637 2165
638 2169
639 2173
640 2177
641 2181
642 2185
643 2189
644 2193
645 2197
646 2201
647 2205
648 2209
649 2213
650 2217
651 2221
652 2225
653 2228
654 2231
655 2235
656 2239
657 2243
658 2247
659 2251
660 2255
661 2259
662 2263
663 2267
664 2271
665 2275
666 2279
667 2283
668 2287
669 2291
670 2295
671 2299
672 2303
673 2307
674 2311
675 2315
676 2319
677 2323
678 2327
679 2331
680 2335
681 2339
682 2343
683 2347
684 2351
685 2355
686 2359
687 2363
688 2367
689 2371
690 2375
691 2378
692 2381
693 2385
694 2389
695 2393
696 2397
697 2401
698 2405
699 2408
700 2412
701 2416
702 2420
703 2424
704 2428
705 2432
706 2436
707 2440
708 2444
709 2448
710 2452
711 2456
712 2460
713 2464
714 2468
715 2472
716 2476
717 2480
718 2484
719 2488
720 2492
721 2495
722 2499
723 2503
724 2507
725 2511
726 2515
727 2519
728 2523
729 2527
730 2531
731 2535
732 2539
733 2543
734 2547
735 2551
736 2555
737 2559
738 2563
739 2567
740 2571
741 2575
742 2579
743 2583
744 2587
745 2591
746 2595
747 2599
748 2603
749 2607
750 2611
751 2615
752 2619
753 2623
754 2627
755 2630
756 2631
757 2633
759 2635
760 2637
762 2639
763 2643
764 2645
765 2648
766 2650
767 2652
768 2656
769 2658
770 2662
771 2666
772 2670
773 2674
774 2678
775 2682
776 2686
777 2690
778 2694
779 2698
780 2702
781 2706
782 2710
783 2714
784 2718
785 2722
786 2726
787 2730
788 2734
789 2738
790 2742
791 2746
792 2750
793 2754
794 2758
795 2762
796 2766
797 2770
798 2774
799 2778
800 2782
801 2786
802 2790
803 2794
804 2798
805 2802
806 2806
807 2810
808 2814
809 2818
810 2822
811 2826
812 2830
813 2834
814 2838
815 2842
816 2846
817 2850
818 2854
819 2858
820 2862
821 2866
822 2870
823 2874
824 2878
825 2882
826 2886
827 2890
828 2894
829 2898
830 2902
831 2906
832 2910
833 2914
834 2918
835 2922
836 2926
837 2930
838 2934
839 2938
840 2942
841 2946
842 2950
843 2954
844 2958
845 2962
846 2966
847 2970
848 2974
849 2978
850 2982
851 2985
852 2989
853 2993
854 2997
855 3001
856 3005
857 3009
858 3011
859 3015
860 3019
861 3023
862 3027
863 3030
864 3034
865 3038
866 3042
867 3046
868 3050
869 3054
870 3058
871 3062
872 3065
873 3069
874 3073
875 3076
876 3080
877 3083
878 3085
879 3089
880 3093
881 3097
882 3101
883 3104
884 3107
885 3110
886 3113
887 3117
888 3121
889 3125
890 3128
891 3131
892 3134
893 3138
894 3142
895 3145
896 3148
897 3152
898 3156
899 3160
900 3163
901 3167
902 3171
903 3175
904 3179
905 3183
906 3187
907 3191
908 3195
909 3199
910 3203
911 3207
912 3211
913 3215
914 3219
915 3223
916 3227
917 3231
918 3235
919 3239
920 3243
921 3247
922 3251
923 3255
924 3259
925 3263
926 3267
927 3271
928 3275
929 3279
930 3283
931 3287
932 3291
933 3295
934 3299
935 3303
936 3307
937 3311
938 3315
939 3319
940 3323
941 3327
942 3331
943 3335
944 3339
945 3343
946 3347
947 3351
948 3355
949 3359
950 3363
951 3367
952 3371
953 3375
954 3379
955 3383
956 3387
957 3391
958 3394
959 3398
960 3402
961 3406
962 3410
963 3414
964 3418
965 3422
966 3426
967 3430
968 3434
969 3438
970 3442
971 3446
972 3450
973 3454
974 3458
975 3462
976 3466
977 3470
978 3474
979 3478
980 3482
981 3486
982 3490
983 3494
984 3498
985 3502
986 3506
987 3510
988 3514
989 3518
990 3522
991 3526
992 3530
993 3534
994 3538
995 3542
996 3546
997 3550
998 3554
999 3558
1000 3562
1001 3566
1002 3570
1003 3574
1004 3578
1005 3582
1006 3585
1007 3589
1008 3593
1009 3597
1010 3601
1011 3605
1012 3609
1013 3613
1014 3617
1015 3621
1016 3625
1017 3629
1018 3633
1019 3637
1020 3641
1021 3645
1022 3649
1023 3653
1024 3657
1025 3661
1026 3665
1027 3669
1028 3673
1029 3677
1030 3681
1031 3685
1032 3689
1033 3693
1034 3697
1035 3701
1036 3705
1037 3709
1038 3713
1039 3717
1040 3721
1041 3725
1042 3729
1043 3733
1044 3737
1045 3741
1046 3745
1047 3749
1048 3753
1049 3757
1050 3761
1051 3765
1052 3769
1053 3773
1054 3777
1055 3781
1056 3785
1057 3789
1058 3793
1059 3797
1060 3801
1061 3805
1062 3809
1063 3813
1064 3817
1065 3821
1066 3825
1067 3829
1068 3831
1069 3835
1070 3839
1071 3842
1072 3846
1073 3849
1074 3853
1075 3855
1076 3859
1077 3862
1078 3866
1079 3870
1080 3874
1081 3878
1082 3882
1083 3885
1084 3888
1085 3891
1086 3895
1087 3899
1088 3903
1089 3907
1090 3911
1091 3915
1092 3919
1093 3923
1094 3927
1095 3931
1096 3935
1097 3939
1098 3943
1099 3947
1100 3951
1101 3955
1102 3959
1103 3963
1104 3967
1105 3971
1106 3975
1107 3979
1108 3983
1109 3987
1110 3991
1111 3995
1112 3999
1113 4003
1114 4007
1115 4011
1116 4015
1117 4019
1118 4023
1119 4027
1120 4031
1121 4035
1122 4039
1123 4043
1124 4047
1125 4051
1126 4055
1127 4059
1128 4063
1129 4067
1130 4071
1131 4075
1132 4079
1133 4083
1134 4087
1135 4091
1136 4095
1137 4099
1138 4103
1139 4107
1140 4111
1141 4115
1142 4119
1143 4123
1144 4127
1145 4131
1146 4135
1147 4139
1148 4143
1149 4146
1150 4150
1151 4154
1152 4158
1153 4162
1154 4166
1155 4170
1156 4174
1157 4178
1158 4182
1159 4186
1160 4190
1161 4194
1162 4198
1163 4202
1164 4206
1165 4210
1166 4214
1167 4218
1168 4222
1169 4226
1170 4230
1171 4234
1172 4238
1173 4242
1174 4246
1175 4250
1176 4254
1177 4258
1178 4262
1179 4266
1180 4270
1181 4274
1182 4278
1183 4282
1184 4286
1185 4290
1186 4294
1187 4298
1188 4301
1189 4305
1190 4309
1191 4313
1192 4317
1193 4321
1194 4325
1195 4329
1196 4333
1197 4337
1198 4341
1199 4345
1200 4349
1201 4353
1202 4357
1203 4361
1204 4365
1205 4369
1206 4373
1207 4377
1208 4381
1209 4385
1210 4389
1211 4393
1212 4397
1213 4401
1214 4405
1215 4409
1216 4413
1217 4417
1218 4421
1219 4425
1220 4429
1221 4433
1222 4437
1223 4441
1224 4445
1225 4449
1226 4453
1227 4457
1228 4461
1229 4465
1230 4469
1231 4473
1232 4477
1233 4481
1234 4485
1235 4489
1236 4493
1237 4497
1238 4501
1239 4505
1240 4509
1241 4513
1242 4517
1243 4521
1244 4525
1245 4529
1246 4533
1247 4537
1248 4541
1249 4544
1250 4545
1251 4548
1252 4550
1253 4553
1254 4556
1255 4559
1256 4563
1257 4567
1258 4571
1259 4575
1260 4579
1261 4583
1262 4587
1263 4591
1264 4595
1265 4599
1266 4603
1267 4607
1268 4611
1269 4615
1270 4619
1271 4623
1272 4627
1273 4631
1274 4635
1275 4639
1276 4643
1277 4647
1278 4651
1279 4655
1280 4659
1281 4662
1282 4666
1283 4670
1284 4674
1285 4678
1286 4682
1287 4686
1288 4690
1289 4694
1290 4698
1291 4701
1292 4703
1293 4705
1294 4706
1295 4707
1296 4710
1297 4713
1298 4716
1299 4718
1300 4721
1301 4725
1302 4729
1303 4733
1304 4737
1305 4741
1306 4745
1307 4749
1308 4753
1309 4757
1310 4761
1311 4765
1312 4769
1313 4773
1314 4777
1315 4781
1316 4785
1317 4789
1318 4793
1319 4797
1320 4800
1321 4803
1322 4806
1323 4808
1324 4811
1325 4814
1326 4816
1327 4818
1328 4820
1329 4824
1330 4828
1331 4832
1332 4836
1333 4840
1334 4844
1335 4848
1336 4852
1337 4856
1338 4860
1339 4864
1340 4868
1341 4872
1342 4876
1343 4880
1344 4884
1345 4888
1346 4892
1347 4896
1348 4900
1349 4904
1350 4908
1351 4912
1352 4916
1353 4920
1354 4924
1355 4928
1356 4932
1357 4936
1358 4940
1359 4944
1360 4948
1361 4952
1362 4956
1363 4960
1364 4964
1365 4968
1366 4972
1367 4976
1368 4980
1369 4984
1370 4988
1371 4992
1372 4996
1373 5000
1374 5004
1375 5008
1376 5011
1377 5015
1378 5019
1379 5023
1380 5027
1381 5031
1382 5035
1383 5039
1384 5043
1385 5047
1386 5051
1387 5055
1388 5059
1389 5063
1390 5067
1391 5071
1392 5075
1393 5079
1394 5083
1395 5087
1396 5091
1397 5095
1398 5099
1399 5103
1400 5107
1401 5111
1402 5115
1403 5119
1404 5123
1405 5127
1406 5131
1407 5135
1408 5139
1409 5143
1410 5147
1411 5151
1412 5155
1413 5159
1414 5163
1415 5167
1416 5171
1417 5175
1418 5179
1419 5183
1420 5187
1421 5191
1422 5195
1423 5199
1424 5203
1425 5207
1426 5211
1427 5215
1428 5219
1429 5223
1430 5227
1431 5231
1432 5235
1433 5239
1434 5243
1435 5247
1436 5251
1437 5255
1438 5259
1439 5263
1440 5267
1441 5271
1442 5275
1443 5279
1444 5283
1445 5287
1446 5291
1447 5295
1448 5299
1449 5303
1450 5307
1451 5311
1452 5315
1453 5319
1454 5323
1455 5327
1456 5331
1457 5335
1458 5339
1459 5343
1460 5347
1461 5351
1462 5355
1463 5359
1464 5363
1465 5367
1466 5371
1467 5375
1468 5379
1469 5383
1470 5387
1471 5391
1472 5395
1473 5399
1474 5403
1475 5407
1476 5411
1477 5415
1478 5419
1479 5423
1480 5427
1481 5431
1482 5435
1483 5439
1484 5443
1485 5447
1486 5451
1487 5455
1488 5459
1489 5463
1490 5467
1491 5471
1492 5475
1493 5479
1494 5483
1495 5487
1496 5491
1497 5495
1498 5499
1499 5503
1500 5507
1501 5511
1502 5515
1503 5519
1504 5523
1505 5527
1506 5531
1507 5535
1508 5539
1509 5543
1510 5547
1511 5551
1512 5555
1513 5559
1514 5563
1515 5567
1516 5571
1517 5575
1518 5579
1519 5583
1520 5587
1521 5591
1522 5595
1523 5599
1524 5603
1525 5607
1526 5611
1527 5615
1528 5619
1529 5623
1530 5627
1531 5631
1532 5635
1533 5639
1534 5643
1535 5647
1536 5651
1537 5655
1538 5659
1539 5663
1540 5667
1541 5671
1542 5675
1543 5679
1544 5683
1545 5687
1546 5691
1547 5695
1548 5699
1549 5703
1550 5707
1551 5711
1552 5715
1553 5719
1554 5723
1555 5727
1556 5731
1557 5735
1558 5739
1559 5743
1560 5747
1561 5751
1562 5755
1563 5759
1564 5763
1565 5767
1566 5771
1567 5775
1568 5779
1569 5783
1570 5787
1571 5791
1572 5795
1573 5799
1574 5803
1575 5807
1576 5811
1577 5815
1578 5819
1579 5823
1580 5827
1581 5831
1582 5835
1583 5839
1584 5843
1585 5847
1586 5851
1587 5855
1588 5859
1589 5863
1590 5867
1591 5871
1592 5875
1593 5879
1594 5883
1595 5887
1596 5891
1597 5895
1598 5899
1599 5903
1600 5907
1601 5911
1602 5915
1603 5919
1604 5923
1605 5927
1606 5931
1607 5935
1608 5939
1609 5943
1610 5947
1611 5951
1612 5955
1613 5959
1614 5963
1615 5967
1616 5971
1617 5975
1618 5979
1619 5983
1620 5987
1621 5991
1622 5995
1623 5999
1624 6003
1625 6007
1626 6011
1627 6015
1628 6019
1629 6023
1630 6027
1631 6031
1632 6035
1633 6039
1634 6043
1635 6047
1636 6051
1637 6055
1638 6059
1639 6063
1640 6067
1641 6071
1642 6075
1643 6079
1644 6083
1645 6087
1646 6091
1647 6095
1648 6099
1649 6103
1650 6107
1651 6111
1652 6115
1653 6119
1654 6123
1655 6127
1656 6131
1657 6135
1658 6139
1659 6143
1660 6147
1661 6151
1662 6155
1663 6159
1664 6163
1665 6167
1666 6171
1667 6175
1668 6179
1669 6183
1670 6187
1671 6191
1672 6195
1673 6199
1674 6203
1675 6207
1676 6211
1677 6215
1678 6219
1679 6223
1680 6227
1681 6231
1682 6235
1683 6239
1684 6243
1685 6247
1686 6250
1687 6254
1688 6257
1689 6261
1690 6265
1691 6268
1692 6272
1693 6275
1694 6279
1695 6283
1696 6287
1697 6291
1698 6295
1699 6299
1700 6303
1701 6307
1702 6311
1703 6315
1704 6319
1705 6323
1706 6327
1707 6331
1708 6335
1709 6339
1710 6343
1711 6347
1712 6351
1713 6355
1714 6359
1715 6363
1716 6367
1717 6371
1718 6375
1719 6379
1720 6383
1721 6387
1722 6391
1723 6395
1724 6399
1725 6403
1726 6407
1727 6411
1728 6415
1729 6419
1730 6423
1731 6427
1732 6431
1733 6435
1734 6439
1735 6443
1736 6447
1737 6451
1738 6455
1739 6459
1740 6463
1741 6467
1742 6471
1743 6475
1744 6479
1745 6483
1746 6487
1747 6491
1748 6495
1749 6499
1750 6503
1751 6507
1752 6511
1753 6515
1754 6519
1755 6523
1756 6526
1757 6529
1758 6532
1759 6535
1760 6537
1761 6539
1762 6541
1763 6544
1764 6547
1765 6551
1766 6554
1767 6557
1768 6560
1769 6563
1770 6566
1771 6569
1772 6572
1773 6576
1774 6579
1775 6583
1776 6586
1777 6590
1778 6594
1779 6597
1780 6601
1781 6605
1782 6609
1783 6613
1784 6616
1785 6619
1786 6622
1787 6625
1788 6628
1789 6632
1790 6636
1791 6640
1792 6643
1793 6647
1794 6651
1795 6654
1796 6658
1797 6662
1798 6666
1799 6670
1800 6674
1801 6678
1802 6682
1803 6685
1804 6688
1805 6691
1806 6695
1807 6699
1808 6703
1809 6707
1810 6711
1811 6715
1812 6717
1813 6720
1814 6724
1815 6728
1816 6730
1817 6733
1818 6737
1819 6741
1820 6744
1821 6748
1822 6752
1823 6755
1824 6759
1825 6763
1826 6767
1827 6771
1828 6775
1829 6779
1830 6783
1831 6787
1832 6791
1833 6795
1834 6799
1835 6803
1836 6807
1837 6811
1838 6815
1839 6819
1840 6823
1841 6827
1842 6831
1843 6835
1844 6839
1845 6843
1846 6847
1847 6851
1848 6855
1849 6859
1850 6863
1851 6867
1852 6871
1853 6875
1854 6879
1855 6883
1856 6886
1857 6890
1858 6893
1859 6896
1860 6898
1861 6901
1862 6903
1863 6905
1864 6907
1865 6910
1866 6913
1867 6917
1868 6921
1869 6924
1870 6927
1871 6930
1872 6934
1873 6937
1874 6941
1875 6945
1876 6948
1877 6951
1878 6953
1879 6957
1880 6961
1881 6964
1882 6968
1883 6972
1884 6976
1885 6980
1886 6984
1887 6988
1888 6992
1889 6996
1890 7000
1891 7004
1892 7008
1893 7012
1894 7016
1895 7020
1896 7024
1897 7028
1898 7032
1899 7036
1900 7040
1901 7044
1902 7048
1903 7052
1904 7056
1905 7059
1906 7061
1907 7065
1908 7069
1909 7073
1910 7077
1911 7081
1912 7084
1913 7087
1914 7091
1915 7095
1916 7099
1917 7103
1918 7107
1919 7111
1920 7115
1921 7119
1922 7123
1923 7127
1924 7131
1925 7135
1926 7139
1927 7143
1928 7147
1929 7151
1930 7155
1931 7159
1932 7163
1933 7167
1934 7171
1935 7175
1936 7179
1937 7183
1938 7187
1939 7191
1940 7195
1941 7199
1942 7202
1943 7206
1944 7210
1945 7214
1946 7218
1947 7220
1948 7222
1949 7225
1950 7227
1951 7231
1952 7234
1953 7237
1954 7241
1955 7245
1956 7249
1957 7253
1958 7257
1959 7261
1960 7265
1961 7269
1962 7273
1963 7277
1964 7281
1965 7285
1966 7289
1967 7293
1968 7297
1969 7301
1970 7305
1971 7309
1972 7313
1973 7317
1974 7321
1975 7325
1976 7329
1977 7333
1978 7337
1979 7341
1980 7345
1981 7349
1982 7351
1983 7355
1984 7358
1985 7361
1986 7365
1987 7368
1988 7372
1989 7376
1990 7380
1991 7384
1992 7388
1993 7392
1994 7396
1995 7400
1996 7404
1997 7408
1998 7412
1999 7416
2000 7420
2001 7424
2002 7428
2003 7432
2004 7436
2005 7440
2006 7444
2007 7448
2008 7452
2009 7456
2010 7460
2011 7464
2012 7468
2013 7472
2014 7476
2015 7480
2016 7484
2017 7488
2018 7492
2019 7496
2020 7500
2021 7504
2022 7508
2023 7512
2024 7516
2025 7520
2026 7524
2027 7528
2028 7532
2029 7536
2030 7540
2031 7544
2032 7548
2033 7552
2034 7556
2035 7560
2036 7564
2037 7568
2038 7572
2039 7576
2040 7580
2041 7584
2042 7588
2043 7592
2044 7596
2045 7600
2046 7604
2047 7608
2048 7612
2049 7616
2050 7620
2051 7624
2052 7628
2053 7632
2054 7636
2055 7640
2056 7644
2057 7648
2058 7652
2059 7656
2060 7660
2061 7664
2062 7668
2063 7672
2064 7676
2065 7680
2066 7684
2067 7688
2068 7692
2069 7696
2070 7700
2071 7704
2072 7708
2073 7712
2074 7716
2075 7720
2076 7724
2077 7728
2078 7732
2079 7736
2080 7740
2081 7744
2082 7748
2083 7752
2084 7756
2085 7760
2086 7764
2087 7768
2088 7772
2089 7776
2090 7780
2091 7784
2092 7788
2093 7792
2094 7796
2095 7800
2096 7804
2097 7808
2098 7812
2099 7816
2100 7820
2101 7824
2102 7828
2103 7832
2104 7836
2105 7840
2106 7844
2107 7848
2108 7852
2109 7856
2110 7860
2111 7864
2112 7868
2113 7872
2114 7876
2115 7880
2116 7884
2117 7888
2118 7892
2119 7896
2120 7900
2121 7904
2122 7908
2123 7912
2124 7916
2125 7920
2126 7924
2127 7928
2128 7932
2129 7936
2130 7940
2131 7944
2132 7948
2133 7952
2134 7956
2135 7960
2136 7964
2137 7968
2138 7972
2139 7976
2140 7980
2141 7984
2142 7988
2143 7992
2144 7996
2145 8000
2146 8004
2147 8008
2148 8012
2149 8016
2150 8020
2151 8024
2152 8028
2153 8032
2154 8036
2155 8040
2156 8044
2157 8048
2158 8052
2159 8056
2160 8060
2161 8064
2162 8068
2163 8072
2164 8076
2165 8080
2166 8084
2167 8088
2168 8092
2169 8095
2170 8099
2171 8103
2172 8107
2173 8111
2174 8115
2175 8119
2176 8123
2177 8127
2178 8131
2179 8135
2180 8139
2181 8143
2182 8147
2183 8151
2184 8155
2185 8159
2186 8163
2187 8167
2188 8171
2189 8175
2190 8179
2191 8183
2192 8187
2193 8191
2194 8195
2195 8199
2196 8203
2197 8207
2198 8211
2199 8215
2200 8219
2201 8223
2202 8227
2203 8231
2204 8235
2205 8239
2206 8243
2207 8247
2208 8251
2209 8255
2210 8259
2211 8263
2212 8267
2213 8271
2214 8275
2215 8279
2216 8283
2217 8287
2218 8291
2219 8295
2220 8299
2221 8303
2222 8307
2223 8311
2224 8315
2225 8319
2226 8323
2227 8327
2228 8331
2229 8335
2230 8339
2231 8343
2232 8347
2233 8351
2234 8355
2235 8359
2236 8363
2237 8367
2238 8371
2239 8375
2240 8379
2241 8383
2242 8387
2243 8391
2244 8395
2245 8399
2246 8403
2247 8407
2248 8411
2249 8415
2250 8419
2251 8423
2252 8427
2253 8431
2254 8435
2255 8439
2256 8443
2257 8447
2258 8451
2259 8455
2260 8459
2261 8463
2262 8467
2263 8471
2264 8475
2265 8479
2266 8483
2267 8487
2268 8491
2269 8495
2270 8499
2271 8503
2272 8507
2273 8511
2274 8515
2275 8519
2276 8523
2277 8527
2278 8531
2279 8535
2280 8539
2281 8543
2282 8547
2283 8551
2284 8555
2285 8559
2286 8563
2287 8567
2288 8571
2289 8575
2290 8579
2291 8583
2292 8587
2293 8591
2294 8595
2295 8599
2296 8603
2297 8607
2298 8611
2299 8615
2300 8619
2301 8623
2302 8627
2303 8631
2304 8635
2305 8639
2306 8643
2307 8647
2308 8651
2309 8655
2310 8659
2311 8663
2312 8667
2313 8671
2314 8675
2315 8679
2316 8683
2317 8686
2318 8690
2319 8694
2320 8698
2321 8702
2322 8706
2323 8710
2324 8714
2325 8718
2326 8722
2327 8726
2328 8730
2329 8734
2330 8738
2331 8742
2332 8746
2333 8750
2334 8754
2335 8758
2336 8762
2337 8766
2338 8770
2339 8774
2340 8778
2341 8782
2342 8786
2343 8790
2344 8794
2345 8798
2346 8802
2347 8806
2348 8810
2349 8814
2350 8818
2351 8822
2352 8826
2353 8830
2354 8834
2355 8838
2356 8842
2357 8846
2358 8850
2359 8854
2360 8858
2361 8862
2362 8866
2363 8870
2364 8874
2365 8878
2366 8882
2367 8886
2368 8890
2369 8894
2370 8898
2371 8902
2372 8906
2373 8910
2374 8914
2375 8918
2376 8922
2377 8926
2378 8930
2379 8934
2380 8938
2381 8942
2382 8946
2383 8950
2384 8954
2385 8958
2386 8962
2387 8966
2388 8970
2389 8974
2390 8978
2391 8982
2392 8986
2393 8990
2394 8994
2395 8998
2396 9002
2397 9006
2398 9010
2399 9014
2400 9018
2401 9022
2402 9026
2403 9030
2404 9034
2405 9038
2406 9042
2407 9046
2408 9050
2409 9054
2410 9058
2411 9062
2412 9066
2413 9070
2414 9074
2415 9078
2416 9082
2417 9086
2418 9090
2419 9094
2420 9098
2421 9102
2422 9106
2423 9110
2424 9114
2425 9118
2426 9122
2427 9126
2428 9130
2429 9134
2430 9138
2431 9142
2432 9146
2433 9150
2434 9154
2435 9158
2436 9162
2437 9166
2438 9170
2439 9174
2440 9178
2441 9182
2442 9186
2443 9190
2444 9194
2445 9198
2446 9202
2447 9206
2448 9210
2449 9214
2450 9218
2451 9222
2452 9226
2453 9230
2454 9234
2455 9238
2456 9242
2457 9246
2458 9250
2459 9254
2460 9258
2461 9262
2462 9266
2463 9270
2464 9274
2465 9278
2466 9282
2467 9286
2468 9290
2469 9294
2470 9298
2471 9302
2472 9306
2473 9310
2474 9314
2475 9318
2476 9322
2477 9326
2478 9330
2479 9334
2480 9338
2481 9342
2482 9346
2483 9350
2484 9354
2485 9358
2486 9362
2487 9366
2488 9370
2489 9374
2490 9378
2491 9382
2492 9386
2493 9390
2494 9394
2495 9398
2496 9402
2497 9406
2498 9410
2499 9414
2500 9418
2501 9422
2502 9426
2503 9430
2504 9434
2505 9438
2506 9442
2507 9446
2508 9450
2509 9452
2510 9456
2511 9460
2512 9464
2513 9468
2514 9472
2515 9476
2516 9480
2517 9484
2518 9488
2519 9490
2520 9492
2521 9495
2522 9498
2523 9500
2524 9504
2525 9507
2526 9511
2527 9515
2528 9519
2529 9523
2530 9527
2531 9531
2532 9535
2533 9539
2534 9543
2535 9547
2536 9551
2537 9555
2538 9559
2539 9563
2540 9567
2541 9571
2542 9575
2543 9579
2544 9583
2545 9587
2546 9591
2547 9595
2548 9599
2549 9603
2550 9607
2551 9611
2552 9615
2553 9619
2554 9623
2555 9627
2556 9631
2557 9635
2558 9639
2559 9643
2560 9647
2561 9651
2562 9655
2563 9659
2564 9663
2565 9667
2566 9671
2567 9675
2568 9679
2569 9683
2570 9687
2571 9691
2572 9695
2573 9699
2574 9703
2575 9707
2576 9711
2577 9715
2578 9719
2579 9723
2580 9726
2581 9729
2582 9733
2583 9737
2584 9741
2585 9745
2586 9749
2587 9753
2588 9757
2589 9761
2590 9765
2591 9769
2592 9773
2593 9777
2594 9781
2595 9785
2596 9789
2597 9793
2598 9797
2599 9801
2600 9805
2601 9809
2602 9813
2603 9817
2604 9821
2605 9825
2606 9829
2607 9833
2608 9837
2609 9841
2610 9845
2611 9849
2612 9853
2613 9857
2614 9861
2615 9865
2616 9869
2617 9873
2618 9877
2619 9881
2620 9885
2621 9889
2622 9893
2623 9897
2624 9901
2625 9905
2626 9909
2627 9913
2628 9917
2629 9921
2630 9925
2631 9929
2632 9933
2633 9937
2634 9941
2635 9945
2636 9949
2637 9953
2638 9957
2639 9961
2640 9965
2641 9969
2642 9973
2643 9977
2644 9981
2645 9985
2646 9989
2647 9993
2648 9997
2649 10001
2650 10005
2651 10009
2652 10013
2653 10017
2654 10021
2655 10025
2656 10029
2657 10033
2658 10037
2659 10041
2660 10045
2661 10049
2662 10053
2663 10057
2664 10061
2665 10065
2666 10069
2667 10073
2668 10077
2669 10081
2670 10085
2671 10089
2672 10093
2673 10097
2674 10101
2675 10105
2676 10109
2677 10113
2678 10117
2679 10121
2680 10125
2681 10129
2682 10133
2683 10137
2684 10141
2685 10145
2686 10149
2687 10153
2688 10157
2689 10161
2690 10165
2691 10169
2692 10173
2693 10177
2694 10181
2695 10185
2696 10189
2697 10193
2698 10197
2699 10201
2700 10205
2701 10209
2702 10213
2703 10217
2704 10221
2705 10225
2706 10229
2707 10233
2708 10237
2709 10241
2710 10245
2711 10249
2712 10253
2713 10257
2714 10261
2715 10265
2716 10269
2717 10273
2718 10277
2719 10281
2720 10285
2721 10289
2722 10293
2723 10297
2724 10301
2725 10305
2726 10309
2727 10313
2728 10317
2729 10321
2730 10325
2731 10329
2732 10333
2733 10337
2734 10341
2735 10345
2736 10349
2737 10353
2738 10357
2739 10361
2740 10365
2741 10369
2742 10373
2743 10377
2744 10381
2745 10385
2746 10389
2747 10393
2748 10397
2749 10401
2750 10405
2751 10409
2752 10413
2753 10417
2754 10421
2755 10425
2756 10429
2757 10433
2758 10437
2759 10441
2760 10445
2761 10449
2762 10453
2763 10457
2764 10461
2765 10465
2766 10469
2767 10473
2768 10477
2769 10481
2770 10485
2771 10489
2772 10493
2773 10497
2774 10501
2775 10505
2776 10509
2777 10513
2778 10517
2779 10521
2780 10525
2781 10529
2782 10533
2783 10537
2784 10541
2785 10545
2786 10549
2787 10553
2788 10557
2789 10561
2790 10565
2791 10569
2792 10573
2793 10577
2794 10581
2795 10585
2796 10589
2797 10593
2798 10597
2799 10601
2800 10605
2801 10609
2802 10613
2803 10617
2804 10621
2805 10625
2806 10629
2807 10633
2808 10637
2809 10641
2810 10645
2811 10649
2812 10653
2813 10657
2814 10661
2815 10665
2816 10669
2817 10673
2818 10677
2819 10681
2820 10685
2821 10689
2822 10693
2823 10697
2824 10701
2825 10705
2826 10709
2827 10713
2828 10717
2829 10721
2830 10725
2831 10729
2832 10733
2833 10737
2834 10741
2835 10745
2836 10749
2837 10753
2838 10757
2839 10761
2840 10765
2841 10769
2842 10773
2843 10777
2844 10781
2845 10785
2846 10789
2847 10793
2848 10797
2849 10801
2850 10805
2851 10809
2852 10813
2853 10817
2854 10821
2855 10825
2856 10829
2857 10833
2858 10837
2859 10841
2860 10845
2861 10849
2862 10853
2863 10857
2864 10861
2865 10865
2866 10869
2867 10873
2868 10877
2869 10881
2870 10885
2871 10889
2872 10893
2873 10897
2874 10901
2875 10905
2876 10909
2877 10913
2878 10917
2879 10921
2880 10925
2881 10929
2882 10933
2883 10937
2884 10941
2885 10945
2886 10949
2887 10953
2888 10957
2889 10961
2890 10965
2891 10969
2892 10973
2893 10977
2894 10981
2895 10985
2896 10989
2897 10993
2898 10997
2899 11001
2900 11005
2901 11009
2902 11013
2903 11017
2904 11021
2905 11025
2906 11029
2907 11033
2908 11037
2909 11041
2910 11045
2911 11049
2912 11053
2913 11057
2914 11061
2915 11065
2916 11069
2917 11073
2918 11077
2919 11081
2920 11085
2921 11089
2922 11093
2923 11097
2924 11101
2925 11105
2926 11109
2927 11113
2928 11117
2929 11121
2930 11125
2931 11129
2932 11133
2933 11137
2934 11141
2935 11145
2936 11149
2937 11153
2938 11157
2939 11161
2940 11165
2941 11169
2942 11173
2943 11177
2944 11181
2945 11185
2946 11189
2947 11193
2948 11197
2949 11201
2950 11205
2951 11209
2952 11213
2953 11217
2954 11221
2955 11225
2956 11229
2957 11233
2958 11237
2959 11241
2960 11245
2961 11249
2962 11253
2963 11257
2964 11261
2965 11265
2966 11269
2967 11273
2968 11275
2969 11278
2970 11282
2973 11283
2978 11285
2981 11286
2982 11287
2983 11289
2984 11291
2985 11292
2988 11293
2989 11295
2990 11297
2993 11298
2994 11299
2996 11302
2997 11304
2998 11305
3000 11306
3002 11307
3003 11309
3006 11310
3007 11313
3008 11315
3009 11317
3010 11318
3011 11319
3012 11320
3014 11321
3015 11322
3016 11323
3017 11324
3018 11325
3020 11326
3021 11327
3023 11328
3024 11330
3025 11331
3028 11332
3030 11333
3031 11334
3033 11335
3035 11337
3036 11338
3040 11339
3042 11340
3044 11341
3051 11342
3052 11343
3053 11346
3054 11348
3055 11350
3056 11353
3057 11356
3058 11360
3059 11364
3060 11368
3061 11372
3062 11376
3063 11380
3064 11384
3065 11388
3066 11392
3067 11396
3068 11400
3069 11404
3070 11407
3071 11411
3072 11415
3073 11419
3074 11423
3075 11427
3076 11431
3077 11435
3078 11439
3079 11443
3080 11447
3081 11451
3082 11455
3083 11459
3084 11463
3085 11467
3086 11471
3087 11475
3088 11479
3089 11483
3090 11487
3091 11491
3092 11495
3093 11499
3094 11503
3095 11507
3096 11511
3097 11515
3098 11519
3099 11523
3100 11527
3101 11531
3102 11535
3103 11539
3104 11543
3105 11547
3106 11551
3107 11555
3108 11559
3109 11563
3110 11567
3111 11571
3112 11575
3113 11579
3114 11583
3115 11587
3116 11591
3117 11595
3118 11599
3119 11603
3120 11607
3121 11611
3122 11615
3123 11619
3124 11623
3125 11627
3126 11631
3127 11635
3128 11639
3129 11643
3130 11647
3131 11651
3132 11655
3133 11659
3134 11663
3135 11667
3136 11671
3137 11675
3138 11679
3139 11683
3140 11687
3141 11690
3142 11694
3143 11698
3144 11702
3145 11706
3146 11710
3147 11714
3148 11718
3149 11722
3150 11726
3151 11730
3152 11734
3153 11738
3154 11742
3155 11746
3156 11750
3157 11754
3158 11758
3159 11762
3160 11766
3161 11770
3162 11774
3163 11778
3164 11782
3165 11786
3166 11790
3167 11794
3168 11798
3169 11802
3170 11806
3171 11810
3172 11814
3173 11818
3174 11822
3175 11826
3176 11830
3177 11834
3178 11838
3179 11842
3180 11846
3181 11850
3182 11854
3183 11858
3184 11862
3185 11866
3186 11870
3187 11874
3188 11878
3189 11882
3190 11886
3191 11890
3192 11894
3193 11898
3194 11902
3195 11906
3196 11910
3197 11914
3198 11918
3199 11922
3200 11926
3201 11930
3202 11934
3203 11938
3204 11942
3205 11946
3206 11950
3207 11954
3208 11958
3209 11962
3210 11966
3211 11970
3212 11974
3213 11978
3214 11982
3215 11986
3216 11990
3217 11994
3218 11998
3219 12002
3220 12006
3221 12010
3222 12014
3223 12018
3224 12022
3225 12026
3226 12030
3227 12034
3228 12038
3229 12042
3230 12046
3231 12050
3232 12054
3233 12058
3234 12062
3235 12066
3236 12070
3237 12074
3238 12078
3239 12082
3240 12086
3241 12090
3242 12094
3243 12098
3244 12102
3245 12106
3246 12110
3247 12114
3248 12118
3249 12122
3250 12126
3251 12130
3252 12133
3253 12137
3254 12141
3255 12145
3256 12149
3257 12153
3258 12157
3259 12161
3260 12165
3261 12169
3262 12173
3263 12177
3264 12181
3265 12184
3266 12187
3267 12191
3268 12193
3269 12197
3270 12200
3271 12204
3272 12208
3273 12212
3274 12216
3275 12220
3276 12224
3277 12228
3278 12232
3279 12236
3280 12240
3281 12244
3282 12248
3283 12252
3284 12256
3285 12260
3286 12264
3287 12268
3288 12272
3289 12276
3290 12280
3291 12284
3292 12288
3293 12292
3294 12296
3295 12300
3296 12304
3297 12308
3298 12312
3299 12316
3300 12320
3301 12324
3302 12328
3303 12332
3304 12336
3305 12340
3306 12344
3307 12348
3308 12352
3309 12356
3310 12360
3311 12364
3312 12368
3313 12372
3314 12376
3315 12380
3316 12384
3317 12388
3318 12392
3319 12396
3320 12400
3321 12404
3322 12408
3323 12412
3324 12416
3325 12420
3326 12424
3327 12428
3328 12432
3329 12436
3330 12440
3331 12444
3332 12448
3333 12452
3334 12456
3335 12460
3336 12464
3337 12468
3338 12472
3339 12476
3340 12480
3341 12484
3342 12488
3343 12492
3344 12496
3345 12500
3346 12504
3347 12508
3348 12512
3349 12516
3350 12520
3351 12524
3352 12528
3353 12532
3354 12536
3355 12540
3356 12544
3357 12548
3358 12552
3359 12556
3360 12560
3361 12564
3362 12568
3363 12572
3364 12576
3365 12580
3366 12584
3367 12588
3368 12592
3369 12596
3370 12600
3371 12604
3372 12608
3373 12612
3374 12616
3375 12620
3376 12624
3377 12628
3378 12632
3379 12636
3380 12640
3381 12644
3382 12648
3383 12652
3384 12656
3385 12660
3386 12664
3387 12668
3388 12672
3389 12676
3390 12680
3391 12684
3392 12688
3393 12692
3394 12696
3395 12700
3396 12704
3397 12708
3398 12712
3399 12716
3400 12720
3401 12724
3402 12728
3403 12732
3404 12736
3405 12740
3406 12744
3407 12748
3408 12752
3409 12756
3410 12760
3411 12764
3412 12768
3413 12772
3414 12776
3415 12780
3416 12784
3417 12788
3418 12792
3419 12796
3420 12800
3421 12804
3422 12808
3423 12812
3424 12816
3425 12820
3426 12824
3427 12828
3428 12832
3429 12836
3430 12840
3431 12844
3432 12848
3433 12852
3434 12856
3435 12860
3436 12864
3437 12868
3438 12872
3439 12876
3440 12880
3441 12884
3442 12888
3443 12892
3444 12896
3445 12900
3446 12904
3447 12908
3448 12912
3449 12916
3450 12920
3451 12924
3452 12928
3453 12932
3454 12936
3455 12940
3456 12944
3457 12948
3458 12952
3459 12956
3460 12960
3461 12964
3462 12968
3463 12972
3464 12976
3465 12980
3466 12984
3467 12988
3468 12992
3469 12996
3470 13000
3471 13004
3472 13008
3473 13012
3474 13016
3475 13020
3476 13024
3477 13028
3478 13032
3479 13036
3480 13040
3481 13044
3482 13048
3483 13052
3484 13056
3485 13060
3486 13064
3487 13068
3488 13072
3489 13076
3490 13080
3491 13084
3492 13088
3493 13092
3494 13096
3495 13100
3496 13104
3497 13108
3498 13112
3499 13116
3500 13120
3501 13124
3502 13128
3503 13132
3504 13136
3505 13140
3506 13144
3507 13148
3508 13152
3509 13156
3510 13160
3511 13164
3512 13168
3513 13172
3514 13176
3515 13180
3516 13184
3517 13188
3518 13192
3519 13196
3520 13200
3521 13204
3522 13208
3523 13212
3524 13216
3525 13220
3526 13224
3527 13228
3528 13232
3529 13236
3530 13240
3531 13244
3532 13248
3533 13252
3534 13256
3535 13260
3536 13264
3537 13268
3538 13272
3539 13276
3540 13280
3541 13284
3542 13288
3543 13292
3544 13296
3545 13300
3546 13304
3547 13308
3548 13312
3549 13316
3550 13320
3551 13324
3552 13328
3553 13332
3554 13336
3555 13340
3556 13344
3557 13348
3558 13352
3559 13356
3560 13360
3561 13364
3562 13368
3563 13372
3564 13376
