0 507
1 512
4 517
6 522
7 530
8 542
9 554
10 566
11 578
12 590
13 602
14 614
15 626
16 634
17 640
20 643
21 646
22 649
23 659
24 671
25 683
26 695
27 707
28 719
29 731
30 743
31 755
32 766
33 775
34 783
35 790
36 792
39 797
41 801
42 809
43 820
44 831
45 840
46 851
47 863
48 875
49 887
50 897
51 904
52 911
53 916
54 919
56 922
57 926
58 935
59 945
60 957
61 969
62 978
63 990
64 1001
66 1008
67 1014
68 1018
69 1026
70 1031
71 1032
72 1035
85 1044
87 1048
88 1060
89 1072
90 1084
91 1096
92 1108
93 1120
94 1132
95 1144
96 1156
97 1168
98 1180
99 1192
100 1204
101 1216
102 1228
108 1238
109 1244
110 1249
111 1252
114 1255
117 1261
119 1266
120 1269
121 1279
122 1291
123 1303
124 1314
125 1319
126 1327
127 1332
128 1337
129 1347
130 1359
131 1370
132 1379
133 1389
134 1397
135 1409
138 1421
139 1428
140 1433
144 1442
145 1443
148 1446
149 1448
156 1451
157 1455
158 1462
159 1472
160 1484
161 1495
162 1506
163 1518
164 1530
165 1542
166 1554
167 1564
168 1575
169 1587
170 1599
171 1611
172 1623
173 1635
174 1647
175 1659
176 1671
177 1683
178 1695
179 1705
180 1712
181 1721
182 1733
183 1745
184 1756
185 1768
186 1780
187 1792
188 1804
189 1816
190 1828
191 1840
192 1852
193 1864
194 1876
195 1888
196 1900
197 1912
198 1923
199 1934
200 1945
201 1954
202 1965
203 1976
204 1988
205 1997
206 2008
207 2018
208 2029
209 2041
210 2053
211 2065
212 2077
213 2089
214 2101
215 2112
216 2122
217 2132
218 2143
219 2152
220 2164
221 2175
222 2187
223 2195
224 2204
225 2215
226 2227
227 2237
228 2247
229 2254
230 2261
231 2270
232 2279
233 2288
234 2295
235 2303
236 2315
237 2327
238 2339
239 2351
240 2363
241 2375
242 2387
243 2399
244 2411
245 2423
246 2435
247 2447
248 2459
249 2471
250 2483
251 2495
252 2507
253 2519
254 2531
255 2543
256 2555
257 2567
258 2579
259 2591
260 2603
261 2615
262 2627
263 2639
264 2651
265 2663
266 2675
267 2687
268 2699
269 2710
270 2722
271 2734
272 2746
273 2758
274 2770
275 2782
276 2794
277 2806
278 2818
279 2830
280 2842
281 2854
282 2866
283 2878
284 2890
285 2902
286 2914
287 2926
288 2938
289 2950
290 2962
291 2974
292 2986
293 2998
294 3010
295 3022
296 3034
297 3046
298 3058
299 3070
300 3082
301 3094
302 3106
303 3112
304 3115
305 3116
306 3120
307 3125
308 3129
309 3134
310 3146
311 3157
312 3166
314 3168
315 3171
316 3176
317 3180
318 3184
319 3186
320 3191
321 3195
322 3198
327 3199
328 3210
329 3222
330 3234
331 3242
332 3251
333 3262
334 3272
335 3282
336 3294
337 3306
338 3317
339 3327
340 3336
341 3345
342 3354
343 3363
344 3372
345 3382
346 3393
347 3401
348 3410
349 3419
350 3430
351 3441
352 3452
353 3464
354 3476
355 3488
356 3500
357 3512
358 3522
359 3533
360 3543
361 3555
362 3567
363 3579
364 3591
365 3603
366 3615
367 3627
368 3639
369 3651
370 3663
371 3675
372 3687
373 3699
374 3711
375 3723
376 3735
377 3747
378 3759
379 3771
380 3783
381 3795
382 3807
383 3819
384 3831
385 3843
386 3855
387 3867
388 3879
389 3891
390 3903
391 3915
392 3927
393 3939
394 3951
395 3963
396 3975
397 3987
398 3998
399 4008
400 4017
401 4027
402 4035
403 4040
404 4051
405 4063
406 4075
407 4087
408 4099
409 4111
410 4123
411 4135
412 4147
413 4157
414 4169
415 4181
416 4193
417 4205
418 4217
419 4229
420 4241
421 4253
422 4265
423 4277
424 4289
425 4301
426 4313
427 4325
428 4337
429 4349
430 4361
431 4373
432 4385
433 4397
434 4409
435 4421
436 4433
437 4445
438 4456
439 4468
440 4480
441 4492
442 4504
443 4516
444 4528
445 4539
446 4551
447 4563
448 4575
449 4586
450 4598
451 4607
452 4610
453 4618
454 4621
458 4630
459 4633
465 4644
466 4656
467 4668
468 4680
469 4692
470 4704
471 4716
472 4728
473 4740
474 4752
475 4761
476 4767
477 4775
478 4782
479 4789
480 4799
485 4803
486 4804
487 4815
488 4823
489 4835
490 4846
491 4858
492 4870
493 4882
494 4894
495 4906
496 4918
497 4930
498 4942
499 4954
500 4966
501 4978
502 4990
503 5002
504 5014
505 5026
506 5037
511 5043
512 5055
513 5066
514 5078
515 5088
516 5097
517 5109
523 5129
524 5141
525 5153
526 5165
527 5177
528 5186
529 5196
530 5207
531 5217
532 5227
533 5237
534 5248
535 5258
536 5269
537 5281
538 5293
539 5305
540 5317
541 5329
542 5341
543 5353
544 5365
545 5377
546 5389
547 5401
548 5413
549 5425
550 5437
551 5449
552 5461
553 5473
554 5485
555 5497
556 5509
557 5521
558 5533
559 5545
560 5557
561 5569
562 5581
563 5593
564 5605
565 5617
566 5629
567 5641
568 5653
569 5665
570 5677
571 5689
572 5701
573 5713
574 5725
575 5737
576 5749
577 5761
578 5773
579 5785
580 5797
581 5809
582 5821
583 5833
584 5845
585 5857
586 5869
587 5880
588 5892
589 5904
590 5916
591 5928
592 5940
593 5952
594 5964
595 5976
596 5988
597 6000
598 6012
599 6024
600 6036
601 6048
602 6059
603 6072
604 6084
605 6095
606 6108
607 6120
608 6131
609 6143
610 6156
611 6167
612 6179
613 6192
614 6203
615 6214
616 6224
617 6233
618 6243
619 6254
620 6265
621 6276
622 6288
623 6299
624 6311
625 6321
626 6332
627 6342
628 6354
629 6366
630 6378
631 6389
632 6401
633 6413
634 6425
635 6437
636 6447
638 6451
639 6463
640 6474
644 6487
645 6498
646 6509
647 6521
648 6533
649 6545
650 6557
651 6569
652 6581
653 6593
654 6604
655 6616
656 6628
657 6640
658 6652
659 6664
660 6676
661 6688
662 6696
663 6706
664 6714
665 6721
666 6732
667 6744
668 6756
669 6767
670 6779
671 6790
672 6802
673 6814
674 6826
675 6838
676 6850
677 6862
678 6874
679 6886
680 6898
681 6910
682 6922
683 6934
684 6946
685 6958
686 6970
687 6982
688 6994
689 7006
690 7018
691 7028
692 7040
693 7052
694 7064
695 7076
696 7088
697 7099
698 7111
699 7123
700 7135
701 7147
702 7159
703 7171
704 7183
705 7195
706 7207
707 7219
708 7231
709 7243
710 7255
711 7267
712 7279
713 7291
714 7303
715 7315
716 7327
717 7339
718 7351
719 7363
720 7375
721 7387
722 7399
723 7411
724 7423
725 7435
726 7447
727 7459
728 7471
729 7483
730 7495
731 7507
732 7519
733 7531
734 7543
735 7555
736 7567
737 7579
738 7591
739 7603
740 7615
741 7627
742 7639
743 7651
744 7663
745 7675
746 7687
747 7699
748 7711
749 7723
750 7735
751 7747
752 7758
753 7764
754 7768
755 7772
756 7776
757 7782
758 7789
759 7798
760 7804
761 7813
762 7825
763 7835
764 7845
765 7857
766 7866
767 7871
768 7875
769 7883
770 7886
771 7891
772 7899
773 7911
774 7922
775 7934
776 7946
777 7958
778 7970
779 7980
780 7992
781 8004
782 8016
783 8028
784 8040
785 8052
786 8064
787 8076
788 8088
789 8100
790 8112
791 8124
792 8136
793 8148
794 8160
795 8172
796 8184
797 8196
798 8208
799 8220
800 8232
801 8243
802 8255
803 8267
804 8279
805 8291
806 8303
807 8315
808 8327
809 8339
810 8350
811 8362
812 8374
813 8386
814 8397
815 8407
816 8419
817 8431
818 8441
819 8448
820 8458
822 8466
823 8470
824 8478
825 8487
826 8498
827 8510
828 8522
829 8533
830 8545
831 8557
832 8569
833 8581
834 8593
835 8604
836 8615
837 8624
838 8635
839 8644
840 8654
841 8666
842 8678
843 8690
844 8702
845 8714
846 8725
847 8735
848 8746
849 8758
850 8770
851 8782
852 8794
853 8806
854 8818
855 8830
856 8842
857 8854
858 8866
859 8878
860 8890
861 8902
862 8914
863 8926
864 8938
865 8950
866 8962
867 8974
868 8986
869 8998
870 9010
871 9022
872 9034
873 9046
874 9058
875 9070
876 9082
877 9094
878 9106
879 9118
880 9130
881 9142
882 9154
883 9166
884 9178
885 9190
886 9201
887 9212
888 9221
889 9230
890 9239
891 9248
892 9258
893 9269
894 9279
895 9290
896 9300
897 9312
898 9324
899 9336
900 9348
901 9360
902 9372
903 9384
904 9396
905 9408
906 9420
907 9432
908 9444
909 9456
910 9468
911 9480
912 9492
913 9504
914 9516
915 9528
916 9540
917 9552
918 9564
919 9576
920 9588
921 9600
922 9612
923 9621
924 9624
925 9627
926 9632
927 9642
928 9652
929 9664
930 9674
931 9685
932 9697
933 9709
934 9720
935 9730
936 9740
937 9750
938 9762
939 9774
940 9786
941 9798
942 9810
943 9822
944 9834
945 9846
946 9857
947 9869
948 9881
949 9893
950 9905
951 9917
952 9929
953 9941
954 9953
955 9965
956 9977
957 9989
958 10000
959 10012
960 10024
961 10036
962 10047
963 10059
964 10071
965 10080
966 10088
967 10093
968 10101
969 10112
970 10124
971 10133
972 10145
973 10156
974 10168
975 10179
976 10191
977 10203
978 10215
979 10227
980 10238
981 10247
982 10257
983 10268
984 10280
985 10292
986 10302
987 10314
988 10326
989 10337
990 10348
991 10360
992 10372
993 10384
994 10396
995 10408
996 10419
997 10431
998 10443
999 10455
1000 10467
1001 10479
1002 10491
1003 10503
1004 10514
1005 10526
1006 10538
1007 10550
1008 10562
1009 10573
1010 10584
1011 10596
1012 10607
1013 10619
1014 10631
1015 10643
1016 10655
1017 10667
1018 10679
1019 10691
1020 10703
1021 10715
1022 10727
1023 10739
1024 10751
1025 10763
1026 10775
1027 10787
1028 10799
1029 10811
1030 10823
1031 10835
1032 10847
1033 10859
1034 10871
1035 10883
1036 10895
1037 10907
1038 10919
1039 10931
1040 10943
1041 10955
1042 10967
1043 10979
1044 10991
1045 11003
1046 11015
1047 11027
1048 11039
1049 11051
1050 11063
1051 11075
1052 11087
1053 11099
1054 11111
1055 11123
1056 11135
1057 11147
1058 11159
1059 11171
1060 11183
1061 11195
1062 11207
1063 11219
1064 11231
1065 11243
1066 11255
1067 11267
1068 11279
1069 11291
1070 11303
1071 11315
1072 11327
1073 11339
1074 11351
1075 11363
1076 11375
1077 11387
1078 11399
1079 11411
1080 11423
1081 11435
1082 11447
1083 11459
1084 11471
1085 11483
1086 11495
1087 11507
1088 11519
1089 11531
1090 11543
1091 11555
1092 11567
1093 11579
1094 11590
1095 11602
1096 11614
1097 11626
1098 11638
1099 11646
1100 11656
1101 11666
1102 11678
1103 11689
1104 11690
1105 11701
1106 11713
1107 11725
1108 11737
1109 11749
1110 11761
1111 11773
1112 11785
1113 11797
1114 11809
1115 11821
1116 11833
1117 11845
1118 11857
1119 11869
1120 11881
1121 11893
1122 11905
1123 11917
1124 11929
1125 11941
1126 11953
1127 11965
1128 11977
1129 11989
1130 12001
1131 12013
1132 12025
1133 12037
1134 12049
1135 12061
1136 12073
1137 12085
1138 12097
1139 12109
1140 12121
