0 126
1 130
2 134
3 138
4 142
5 146
6 150
7 154
8 158
9 162
10 166
11 170
12 174
13 178
14 182
15 186
16 190
17 194
18 198
19 202
20 206
21 210
22 214
23 218
24 222
25 226
26 230
27 234
28 238
29 242
30 246
31 250
32 254
33 258
34 262
35 266
36 270
37 274
38 278
39 282
40 286
41 290
42 294
43 298
44 302
45 306
46 310
47 314
48 318
49 322
50 326
51 330
52 334
53 338
54 342
55 346
56 350
57 354
58 358
59 362
60 366
61 370
62 374
63 378
64 382
65 386
66 390
67 394
68 398
69 402
70 406
71 410
72 414
73 418
74 422
75 426
76 430
77 434
78 438
79 442
80 446
81 450
82 454
83 458
84 462
85 466
86 470
87 474
88 478
89 482
90 486
91 490
92 494
93 498
94 502
95 506
96 510
97 514
98 518
99 522
100 526
101 530
102 534
103 538
104 542
105 546
106 550
107 554
108 558
109 562
110 566
111 570
112 574
113 578
114 582
115 586
116 590
117 594
118 598
119 602
120 606
121 610
122 614
123 618
124 622
125 626
126 630
127 634
128 638
129 642
130 646
131 650
132 654
133 658
134 662
135 666
136 670
137 674
138 678
139 682
140 686
141 690
142 694
143 698
144 702
145 706
146 710
147 714
148 718
149 722
150 726
151 730
152 734
153 738
154 742
155 746
156 750
157 754
158 758
159 762
160 766
161 770
162 774
163 778
164 782
165 786
166 790
167 794
168 798
169 802
170 806
171 810
172 814
173 818
174 822
175 826
176 830
177 834
178 838
179 842
180 846
181 850
182 854
183 858
184 862
185 866
186 870
187 874
188 878
189 882
190 886
191 890
192 894
193 898
194 902
195 906
196 910
197 914
198 918
199 922
200 926
201 930
202 934
203 938
204 942
205 946
206 950
207 954
208 958
209 962
210 966
211 970
212 974
213 978
214 982
215 986
216 990
217 994
218 998
219 1002
220 1006
221 1010
222 1014
223 1018
224 1022
225 1026
226 1030
227 1034
228 1038
229 1042
230 1046
231 1050
232 1054
233 1058
234 1062
235 1066
236 1070
237 1074
238 1078
239 1082
240 1086
241 1090
242 1094
243 1098
244 1102
245 1106
246 1110
247 1114
248 1118
249 1122
250 1126
251 1130
252 1134
253 1138
254 1142
255 1146
256 1150
257 1154
258 1158
259 1162
260 1166
261 1170
262 1174
263 1178
264 1182
265 1186
266 1190
267 1194
268 1198
269 1202
270 1206
271 1210
272 1214
273 1218
274 1222
275 1226
276 1230
277 1234
278 1238
279 1242
280 1246
281 1250
282 1254
283 1258
284 1262
285 1266
286 1270
287 1274
288 1278
289 1282
290 1286
291 1290
292 1294
293 1298
294 1302
295 1306
296 1310
297 1314
298 1318
299 1322
300 1326
301 1330
302 1334
303 1338
304 1342
305 1346
306 1350
307 1354
308 1358
309 1362
310 1366
311 1370
312 1374
313 1378
314 1382
315 1386
316 1390
317 1394
318 1398
319 1402
320 1406
321 1410
322 1414
323 1418
324 1422
325 1424
326 1425
327 1427
328 1431
329 1435
330 1439
331 1443
332 1447
333 1451
334 1455
335 1459
336 1463
337 1467
338 1471
339 1475
340 1479
341 1483
342 1487
343 1491
344 1495
345 1499
346 1503
347 1507
348 1511
349 1515
350 1519
351 1523
352 1527
353 1531
354 1535
355 1539
356 1543
357 1547
358 1551
359 1555
360 1559
361 1563
362 1567
363 1571
364 1575
365 1579
366 1583
367 1587
368 1591
369 1595
370 1599
371 1603
372 1607
373 1611
374 1615
375 1619
376 1623
377 1627
378 1631
379 1635
380 1639
381 1643
382 1647
383 1651
384 1655
385 1659
386 1663
387 1667
388 1671
389 1675
390 1679
391 1683
392 1687
393 1691
394 1695
395 1699
396 1703
397 1707
398 1711
399 1715
400 1719
401 1723
402 1727
403 1731
404 1735
405 1739
406 1743
407 1747
408 1751
409 1755
410 1759
411 1763
412 1767
413 1771
414 1775
415 1779
416 1783
417 1787
418 1791
419 1795
420 1799
421 1803
422 1807
423 1811
424 1815
425 1819
426 1823
427 1827
428 1831
429 1835
430 1839
431 1843
432 1847
433 1851
434 1855
435 1859
436 1863
437 1867
438 1871
439 1875
440 1879
441 1883
442 1887
443 1891
444 1895
445 1899
446 1903
447 1907
448 1911
449 1915
450 1919
451 1923
452 1927
453 1931
454 1935
455 1939
456 1943
457 1947
458 1951
459 1955
460 1959
461 1963
462 1967
463 1971
464 1975
465 1979
466 1983
467 1987
468 1991
469 1995
470 1998
471 1999
490 2000
492 2002
493 2003
494 2007
495 2010
496 2012
497 2016
498 2020
499 2024
500 2028
501 2032
502 2036
503 2040
504 2044
505 2047
506 2051
507 2055
508 2059
509 2063
510 2067
511 2071
512 2075
513 2079
514 2083
515 2087
516 2091
517 2095
518 2099
519 2103
520 2107
521 2111
522 2115
523 2119
524 2123
525 2127
526 2131
527 2135
528 2139
529 2143
530 2147
531 2151
532 2155
533 2159
534 2162
535 2165
536 2168
537 2171
538 2173
539 2177
540 2180
545 2183
546 2186
547 2190
548 2194
549 2198
550 2202
551 2206
552 2210
553 2214
554 2218
555 2222
556 2226
557 2229
558 2233
559 2237
560 2241
561 2245
562 2249
563 2253
564 2257
565 2261
566 2265
567 2269
568 2273
569 2277
570 2281
571 2285
572 2289
573 2293
574 2297
575 2301
576 2305
577 2309
578 2313
579 2317
580 2320
581 2324
582 2327
583 2330
584 2333
585 2337
586 2341
587 2344
588 2347
589 2351
590 2354
591 2356
592 2358
593 2362
594 2364
595 2367
596 2371
597 2375
598 2379
599 2382
600 2385
601 2389
602 2393
603 2397
604 2401
605 2405
606 2407
607 2411
608 2415
609 2419
610 2423
611 2427
612 2430
613 2434
614 2435
615 2437
616 2438
617 2440
618 2441
619 2442
620 2445
621 2449
622 2453
623 2457
624 2461
625 2465
626 2469
627 2473
628 2477
629 2481
630 2485
631 2489
632 2493
633 2497
634 2501
635 2505
636 2509
637 2513
638 2517
639 2521
640 2525
641 2529
642 2532
643 2536
644 2540
645 2544
646 2548
647 2552
648 2556
649 2560
650 2564
651 2568
652 2572
653 2576
654 2580
655 2584
656 2588
657 2592
658 2596
659 2600
660 2604
661 2608
662 2612
663 2616
664 2620
665 2624
666 2628
667 2632
668 2636
669 2640
670 2644
671 2648
672 2652
673 2656
674 2660
675 2663
676 2667
678 2669
679 2672
681 2674
682 2676
683 2680
684 2684
685 2688
686 2691
687 2692
688 2695
689 2697
690 2699
691 2703
692 2706
693 2707
694 2711
695 2715
696 2716
699 2718
702 2720
703 2721
704 2722
706 2723
707 2726
708 2728
709 2731
710 2735
711 2739
712 2743
713 2747
714 2751
715 2755
716 2759
717 2763
718 2766
719 2770
720 2774
721 2778
722 2782
723 2786
724 2790
725 2794
726 2798
727 2802
728 2806
729 2810
730 2814
731 2818
732 2822
733 2826
734 2830
735 2834
736 2838
737 2842
738 2846
739 2850
740 2854
741 2858
742 2862
743 2866
744 2870
745 2874
746 2878
747 2882
748 2886
749 2890
750 2894
751 2898
752 2902
753 2906
754 2910
755 2914
756 2918
757 2922
758 2926
759 2930
760 2934
761 2938
762 2942
763 2946
764 2950
765 2954
766 2958
767 2962
768 2966
769 2970
770 2974
771 2978
772 2982
773 2986
774 2990
775 2994
776 2998
777 3002
778 3006
779 3010
780 3014
781 3018
782 3022
783 3026
784 3030
785 3034
786 3037
787 3041
788 3045
789 3049
790 3053
791 3057
792 3061
793 3065
794 3069
795 3072
796 3076
797 3080
798 3085
799 3089
800 3092
801 3096
802 3100
803 3104
804 3108
805 3112
806 3116
807 3120
808 3124
809 3128
810 3132
811 3136
812 3140
813 3144
814 3148
815 3150
816 3154
817 3157
818 3160
819 3163
820 3167
821 3171
822 3175
823 3179
824 3183
825 3187
826 3191
827 3195
828 3199
829 3203
830 3207
831 3211
832 3215
833 3219
834 3223
835 3227
836 3231
837 3235
838 3239
839 3243
840 3247
841 3251
842 3255
843 3259
844 3263
845 3267
846 3271
847 3275
848 3279
849 3283
850 3287
851 3291
852 3295
853 3299
854 3303
855 3307
856 3311
857 3315
858 3319
859 3323
861 3324
862 3327
863 3331
865 3334
867 3337
868 3341
869 3344
870 3347
871 3351
872 3355
873 3359
874 3363
875 3366
876 3370
877 3373
878 3376
879 3379
880 3383
881 3387
882 3391
883 3395
884 3399
885 3403
886 3406
887 3410
888 3414
889 3418
890 3422
891 3426
892 3430
893 3434
894 3438
895 3441
896 3445
897 3448
898 3452
899 3456
900 3460
901 3464
902 3467
903 3471
904 3475
905 3479
906 3483
907 3487
908 3491
909 3495
910 3499
911 3503
912 3507
913 3511
914 3515
915 3519
916 3523
917 3527
918 3529
919 3533
920 3537
921 3541
922 3545
923 3549
924 3553
925 3557
926 3561
927 3565
928 3569
929 3573
930 3577
931 3581
932 3585
933 3589
934 3593
935 3597
936 3601
937 3605
938 3609
939 3613
940 3617
941 3621
942 3625
943 3629
944 3633
945 3637
946 3641
947 3645
948 3649
949 3653
950 3657
951 3661
952 3665
953 3669
954 3673
955 3677
956 3681
957 3684
958 3687
959 3691
960 3695
961 3699
962 3702
963 3705
964 3709
965 3713
966 3717
967 3721
968 3725
969 3729
970 3733
971 3737
972 3741
973 3745
974 3749
975 3753
976 3757
977 3761
978 3765
979 3769
980 3773
981 3777
982 3780
983 3783
984 3787
985 3791
986 3795
987 3799
988 3803
989 3807
990 3811
991 3815
992 3819
993 3823
994 3827
995 3830
996 3833
997 3837
998 3841
999 3845
1000 3849
1001 3853
1002 3856
1003 3860
1004 3864
1005 3868
1006 3871
1007 3874
1008 3878
1009 3882
1010 3886
1011 3890
1012 3894
1013 3898
1014 3902
1015 3906
1016 3910
1017 3914
1018 3918
1019 3922
1020 3926
1021 3930
1022 3934
1023 3938
1024 3942
1025 3945
1026 3949
1027 3951
1028 3952
1029 3954
1030 3958
1031 3962
1032 3966
1033 3970
1034 3974
1035 3978
1036 3982
1037 3986
1038 3990
1039 3994
1040 3998
1041 4002
1042 4006
1043 4010
1044 4014
1045 4018
1046 4022
1047 4026
1048 4030
1049 4034
1050 4037
1051 4041
1052 4045
1053 4048
1054 4052
1055 4056
1056 4060
1057 4064
1058 4068
1059 4072
1060 4076
1061 4080
1062 4084
1063 4088
1064 4092
1065 4096
1066 4099
1067 4102
1068 4104
1069 4105
1070 4107
1071 4111
1072 4115
1073 4117
1074 4121
1075 4124
1076 4127
1077 4131
1078 4132
1079 4135
1080 4138
1081 4141
1082 4144
1083 4148
1084 4152
1085 4156
1086 4160
1087 4163
1088 4167
1089 4171
1090 4175
1091 4179
1092 4183
1093 4187
1094 4191
1095 4195
1096 4199
1097 4203
1098 4207
1099 4211
1100 4215
1101 4219
1102 4223
1103 4227
1104 4231
1105 4235
1106 4239
1107 4243
1108 4247
1109 4251
1110 4255
1111 4259
1112 4263
1113 4267
1114 4271
1115 4275
1116 4279
1117 4283
1118 4287
1119 4291
1120 4295
1121 4299
1122 4303
1123 4307
1124 4311
1125 4315
1126 4319
1127 4323
1128 4327
1129 4331
1130 4335
1131 4339
1132 4343
1133 4347
1134 4351
1135 4355
1136 4359
1137 4363
1138 4367
1139 4371
1140 4375
1141 4379
1142 4383
1143 4387
1144 4391
1145 4395
1146 4399
1147 4403
1148 4407
1149 4411
1150 4415
1151 4419
1152 4423
1153 4427
1154 4431
1155 4435
1156 4439
1157 4443
1158 4447
1159 4451
1160 4454
1161 4458
1162 4461
1163 4464
1164 4468
1165 4471
1166 4475
1167 4479
1168 4483
1169 4486
1170 4487
1171 4491
1172 4493
1173 4494
1174 4497
1175 4499
1176 4503
1177 4507
1178 4511
1179 4514
1180 4518
1181 4522
1182 4526
1183 4530
1184 4534
1185 4538
1186 4542
1187 4546
1188 4550
1189 4554
1190 4558
1191 4562
1192 4566
1193 4570
1194 4574
1195 4578
1196 4582
1197 4586
1198 4590
1199 4594
1200 4598
1201 4602
1202 4606
1203 4610
1204 4614
1205 4618
1206 4622
1207 4626
1208 4630
1209 4634
1210 4638
1211 4642
1212 4646
1213 4650
1214 4654
1215 4658
1216 4662
1217 4666
1218 4670
1219 4674
1220 4678
1221 4682
1222 4686
1223 4690
1224 4694
1225 4698
1226 4702
1227 4706
1228 4710
1229 4714
1230 4718
1231 4722
1232 4726
1233 4730
1234 4734
1235 4738
1236 4742
1237 4746
1238 4750
1239 4754
1240 4758
1241 4762
1242 4766
1243 4770
1244 4774
1245 4778
1246 4782
1247 4786
1248 4790
1249 4794
1250 4798
1251 4802
1252 4806
1253 4810
1254 4813
1255 4817
1256 4820
1257 4824
1258 4828
1259 4832
1260 4836
1261 4840
1262 4844
1263 4848
1264 4851
1265 4855
1266 4859
1267 4863
1268 4867
1269 4871
1270 4875
1271 4879
1272 4883
1273 4887
1274 4891
1275 4895
1276 4899
1277 4903
1278 4907
1279 4911
1280 4915
1281 4919
1282 4923
1283 4927
1284 4931
1285 4935
1286 4939
1287 4943
1288 4947
1289 4951
1290 4955
1291 4959
1292 4963
1293 4967
1294 4971
1295 4975
1296 4979
1297 4983
1298 4987
1299 4991
1300 4995
1301 4999
1302 5003
1303 5007
1304 5011
1305 5015
1306 5019
1307 5023
1308 5027
1309 5031
1310 5035
1311 5039
1312 5043
1313 5047
1314 5051
1315 5055
1316 5059
1317 5063
1318 5067
1319 5071
1320 5075
1321 5079
1322 5083
1323 5087
1324 5090
1325 5093
1326 5097
1327 5098
1328 5100
1329 5103
1330 5107
1331 5111
1332 5115
1333 5119
1334 5123
1335 5127
1336 5131
1337 5135
1338 5139
1339 5143
1340 5146
1341 5150
1342 5154
1343 5158
1344 5161
1345 5165
1346 5169
1347 5173
1348 5177
1349 5181
1350 5185
1351 5189
1352 5193
1353 5197
1354 5201
1355 5205
1356 5209
1357 5213
1358 5217
1359 5221
1360 5225
1361 5229
1362 5233
1363 5237
1364 5241
1365 5245
1366 5249
1367 5253
1368 5255
1369 5259
1370 5263
1371 5267
1372 5271
1373 5275
1374 5279
1375 5283
1376 5287
1377 5291
1378 5295
1379 5299
1380 5303
1381 5307
1382 5311
1383 5315
1384 5319
1385 5323
1386 5327
1387 5331
1388 5335
1389 5339
1390 5343
1391 5347
1392 5351
1393 5355
1394 5359
1395 5363
1396 5367
1397 5371
1398 5374
1399 5378
1400 5381
1401 5385
1402 5389
1403 5393
1404 5397
1405 5400
1406 5404
1407 5408
1408 5412
1409 5416
1410 5420
1411 5424
1412 5428
1413 5432
1414 5436
1415 5440
1416 5444
1417 5446
1418 5449
1419 5451
1420 5453
1421 5457
1422 5461
1423 5465
1424 5469
1425 5473
1426 5476
1427 5480
1428 5484
1429 5488
1430 5492
1431 5496
1432 5500
1433 5504
1434 5508
1435 5512
1436 5516
1437 5520
1438 5524
1439 5528
1440 5532
1441 5536
1442 5539
1443 5543
1444 5547
1445 5551
1446 5555
1447 5559
1448 5563
1449 5567
1450 5571
1451 5575
1452 5579
1453 5583
1454 5587
1455 5591
1456 5595
1457 5598
1458 5602
1459 5606
1460 5610
1461 5611
1462 5614
1463 5616
1464 5619
1465 5622
1466 5626
1467 5627
1468 5631
1469 5635
1470 5639
1471 5642
1472 5645
1473 5649
1474 5652
1475 5654
1476 5658
1477 5662
1478 5666
1479 5670
1480 5674
1481 5678
1482 5681
1483 5685
1484 5689
1485 5690
1486 5691
1487 5693
1488 5696
1489 5698
1490 5700
1491 5702
1492 5703
1494 5704
1496 5705
1497 5707
1498 5710
1499 5714
1500 5718
1501 5722
1502 5726
1503 5730
1504 5734
1505 5738
1506 5742
1507 5746
1508 5750
1509 5754
1510 5758
1511 5762
1512 5766
1513 5770
1514 5774
1515 5778
1516 5782
1517 5786
1518 5790
1519 5794
1520 5798
1521 5802
1522 5806
1523 5809
1524 5812
1525 5816
1526 5819
1527 5823
1528 5827
1529 5831
1530 5835
1531 5839
1532 5843
1533 5847
1534 5851
1535 5855
1536 5859
1537 5863
1538 5867
1539 5871
1540 5875
1541 5879
1542 5883
1543 5887
1544 5891
1545 5895
1546 5899
1547 5903
1548 5907
1549 5911
1550 5915
1551 5919
1552 5923
1553 5927
1554 5931
1555 5935
1556 5939
1557 5943
1558 5947
1559 5951
1560 5955
1561 5959
1562 5963
1563 5967
1564 5971
1565 5975
1566 5979
1567 5983
1568 5987
1569 5991
1570 5995
1571 5999
1572 6003
1573 6007
1574 6010
1575 6013
1576 6016
1577 6020
1578 6024
1579 6028
1580 6032
1581 6036
1582 6040
1583 6044
1584 6048
1585 6052
1586 6056
1587 6059
1588 6063
1589 6067
1590 6071
1591 6075
1592 6079
1593 6083
1594 6087
1595 6091
1596 6094
1597 6098
1598 6102
1599 6106
1600 6109
1601 6113
1602 6117
1603 6121
1604 6125
1605 6128
1606 6130
1607 6133
1608 6137
1609 6141
1610 6145
1611 6149
1612 6153
1613 6157
1614 6161
1615 6165
1616 6169
1617 6173
1618 6177
1619 6181
1620 6185
1621 6189
1622 6193
1623 6197
1624 6201
1625 6205
1626 6208
1627 6212
1628 6216
1629 6220
1630 6224
1631 6228
1632 6232
1633 6236
1634 6240
1635 6244
1636 6247
1637 6250
1638 6254
1639 6257
1640 6261
1641 6265
1642 6269
1643 6273
1644 6277
1645 6281
1646 6285
1647 6289
1648 6293
1649 6297
1650 6301
1651 6305
1652 6309
1653 6313
1654 6317
1655 6321
1656 6325
1657 6329
1658 6333
1659 6337
1660 6341
1661 6345
1662 6349
1663 6353
1664 6357
1665 6361
1666 6365
1667 6369
1668 6373
1669 6377
1670 6381
1671 6384
1672 6388
1673 6392
1674 6395
1675 6399
1676 6403
1677 6407
1678 6411
1679 6415
1680 6419
1681 6423
1682 6427
1683 6431
1684 6435
1685 6439
1686 6443
1687 6447
1688 6451
1689 6455
1690 6459
1691 6462
1692 6465
1693 6468
1694 6472
1695 6475
1696 6478
1697 6482
1698 6486
1699 6490
1700 6494
1701 6498
1702 6502
1703 6506
1704 6510
1705 6514
1706 6518
1707 6522
1708 6526
1709 6530
1710 6534
1711 6538
1712 6542
1713 6546
1714 6550
1715 6554
1716 6558
1717 6562
1718 6566
1719 6570
1720 6574
1721 6578
1722 6582
1723 6586
1724 6590
1725 6594
1726 6598
1727 6602
1728 6606
1729 6610
1730 6614
1731 6618
1732 6622
1733 6626
1734 6630
1735 6634
1736 6638
1737 6642
1738 6646
1739 6650
1740 6654
1741 6658
1742 6662
1743 6666
1744 6670
1745 6674
1746 6678
1747 6682
1748 6686
1749 6690
1750 6694
1751 6697
1752 6701
1753 6705
1754 6709
1755 6713
1756 6717
1757 6721
1758 6725
1759 6729
1760 6733
1761 6737
1762 6741
1763 6745
1764 6749
1765 6753
1766 6757
1767 6761
1768 6765
1769 6769
1770 6773
1771 6777
1772 6781
1773 6785
1774 6789
1775 6793
1776 6797
1777 6801
1778 6805
1779 6809
1780 6813
1781 6817
1782 6821
1783 6825
1784 6829
1785 6833
1786 6837
1787 6841
1788 6845
1789 6849
1790 6853
1791 6857
1792 6861
1793 6865
1794 6869
1795 6873
1796 6877
1797 6881
1798 6885
1799 6889
1800 6893
1801 6897
1802 6901
1803 6905
1804 6909
1805 6913
1806 6917
1807 6921
1808 6925
1809 6929
1810 6933
1811 6937
1812 6941
1813 6945
1814 6949
1815 6953
1816 6957
1817 6961
1818 6965
1819 6969
1820 6973
1821 6977
1822 6981
1823 6985
1824 6989
1825 6993
1826 6997
1827 7001
1828 7005
1829 7009
1830 7013
1831 7017
1832 7021
1833 7022
1837 7023
1838 7025
1839 7026
1840 7028
1841 7031
1842 7034
1843 7035
1844 7038
1845 7042
1846 7044
1847 7047
1848 7051
1849 7055
1850 7059
1851 7063
1852 7067
1853 7071
1854 7075
1855 7079
1856 7083
1857 7087
1858 7091
1859 7094
1860 7098
1861 7102
1862 7105
1863 7109
1864 7113
1865 7115
1866 7117
1867 7120
1868 7124
1869 7128
1870 7132
1871 7136
1872 7139
1873 7143
1874 7147
1875 7151
1876 7155
1877 7159
1878 7163
1879 7167
1880 7171
1881 7175
1882 7179
1883 7183
1884 7187
1885 7191
1886 7195
1887 7199
1888 7203
1889 7207
1890 7211
1891 7215
1892 7219
1893 7223
1894 7227
1895 7231
1896 7235
1897 7239
1898 7243
1899 7247
1900 7251
1901 7255
1902 7257
1903 7261
1904 7265
1905 7269
1906 7273
1907 7277
1908 7281
1909 7285
1910 7289
1911 7293
1912 7297
1913 7301
1914 7305
1915 7309
1916 7312
1917 7316
1918 7319
1919 7323
1920 7326
1921 7330
1922 7334
1923 7338
1924 7342
1925 7346
1926 7350
1927 7354
1928 7358
1929 7362
1930 7366
1931 7370
1932 7374
1933 7378
1934 7382
1935 7386
1936 7390
1937 7394
1938 7398
1939 7402
1940 7406
1941 7410
1942 7414
1943 7418
1944 7422
1945 7426
1946 7430
1947 7434
1948 7438
1949 7442
1950 7446
1951 7450
1952 7454
1953 7458
1954 7462
1955 7466
1956 7470
1957 7474
1958 7478
1959 7482
1960 7486
1961 7489
1962 7493
1963 7497
1964 7501
1965 7505
1966 7509
1967 7513
1968 7517
1969 7521
1970 7525
1971 7529
1972 7533
1973 7537
1974 7541
1975 7545
1976 7549
1977 7553
1978 7557
1979 7561
1980 7565
1981 7569
1982 7573
1983 7577
1984 7581
1985 7585
1986 7589
1987 7593
1988 7595
1990 7596
1991 7598
1992 7600
1993 7603
1994 7607
1995 7609
1996 7613
1997 7616
1998 7620
1999 7624
2000 7628
2001 7632
2002 7636
2003 7640
2004 7644
2005 7648
2006 7652
2007 7656
2008 7660
2009 7664
2010 7668
2011 7672
2012 7676
2013 7680
2014 7684
2015 7688
2016 7692
2017 7696
2018 7700
2019 7704
2020 7708
2021 7712
2022 7716
2023 7720
2024 7724
2025 7728
2026 7732
2027 7736
2028 7740
2029 7744
2030 7748
2031 7752
2032 7756
2033 7760
2034 7764
2035 7768
2036 7772
2037 7776
2038 7780
2039 7784
2040 7788
2041 7792
2042 7796
2043 7799
2044 7802
2045 7806
2046 7810
2047 7814
2048 7817
2049 7820
2050 7824
2051 7828
2052 7832
2053 7835
2054 7839
2055 7843
2056 7847
2057 7851
2058 7855
2059 7859
2060 7863
2061 7867
2062 7871
2063 7875
2064 7879
2065 7883
2066 7887
2067 7891
2068 7894
2069 7897
2070 7900
2071 7903
2072 7907
2073 7911
2074 7915
2075 7919
2076 7923
2077 7927
2078 7931
2079 7935
2080 7939
2081 7943
2082 7947
2083 7951
2084 7955
2085 7959
2086 7963
2087 7967
2088 7971
2089 7975
2090 7979
2091 7983
2092 7987
2093 7991
2094 7995
2095 7999
2096 8003
2097 8007
2098 8011
2099 8015
2100 8019
2101 8023
2102 8027
2103 8031
2104 8035
2105 8039
2106 8043
2107 8047
2108 8051
2109 8055
2110 8059
2111 8063
2112 8067
2113 8071
2114 8075
2115 8078
2116 8082
2117 8086
2118 8090
2119 8094
2120 8097
2121 8101
2122 8105
2123 8109
2124 8112
2125 8116
2126 8120
2127 8124
2128 8126
2129 8128
2130 8132
2131 8136
2132 8139
2133 8142
2134 8144
2135 8148
2136 8152
2137 8156
2138 8160
2139 8164
2140 8168
2141 8172
2142 8176
2143 8180
2144 8184
2145 8188
2146 8192
2147 8196
2148 8200
2149 8204
2150 8208
2151 8212
2152 8216
2153 8220
2154 8224
2155 8228
2156 8232
2157 8236
2158 8240
2159 8244
2160 8248
2161 8252
2162 8256
2163 8260
2164 8264
2165 8268
2166 8272
2167 8276
2168 8280
2169 8284
2170 8288
2171 8292
2172 8296
2173 8300
2174 8304
2175 8307
2176 8310
2177 8313
2178 8317
2179 8321
2180 8325
2181 8329
2182 8332
2183 8334
2184 8338
2185 8342
2186 8345
2187 8348
2188 8351
2189 8354
2190 8356
2191 8360
2192 8363
2193 8367
2194 8371
2195 8375
2196 8379
2197 8383
2198 8387
2199 8391
2200 8395
2201 8399
2202 8403
2203 8407
2204 8411
2205 8415
2206 8419
2207 8423
2208 8427
2209 8431
2210 8435
2211 8439
2212 8443
2213 8447
2214 8451
2215 8455
2216 8459
2217 8463
2218 8467
2219 8471
2220 8475
2221 8479
2222 8483
2223 8487
2224 8491
2225 8495
2226 8499
2227 8503
2228 8507
2229 8511
2230 8515
2231 8519
2232 8523
2233 8527
2234 8531
2235 8535
2236 8539
2237 8543
2238 8547
2239 8551
2240 8555
2241 8559
2242 8563
2243 8567
2244 8571
2245 8575
2246 8579
2247 8583
2248 8587
2249 8591
2250 8595
2251 8599
2252 8603
2253 8607
2254 8611
2255 8615
2256 8619
2257 8623
2258 8627
2259 8631
2260 8635
2261 8639
2262 8643
2263 8647
2264 8651
2265 8655
2266 8659
2267 8663
2268 8667
2269 8671
2270 8675
2271 8679
2272 8683
2273 8687
2274 8691
2275 8695
2276 8699
2277 8703
2278 8707
2279 8711
2280 8715
2281 8719
2282 8723
2283 8727
2284 8731
2285 8735
2286 8739
2287 8743
2288 8747
2289 8751
2290 8755
2291 8759
2292 8763
2293 8767
2294 8771
2295 8775
2296 8779
2297 8783
2298 8787
2299 8791
2300 8795
2301 8799
2302 8803
2303 8807
2304 8811
2305 8815
2306 8819
2307 8823
2308 8827
2309 8831
2310 8835
2311 8839
2312 8843
2313 8847
2314 8851
2315 8855
2316 8859
2317 8863
2318 8867
2319 8871
2320 8875
2321 8879
2322 8883
2323 8887
2324 8891
