0 640
1 648
2 655
3 661
4 668
5 672
6 677
7 681
8 686
9 690
10 694
11 699
13 703
17 711
18 713
19 715
20 721
21 724
22 728
23 731
24 734
25 738
26 741
27 747
28 749
30 750
33 751
35 753
36 756
37 759
38 765
39 768
40 775
41 779
42 788
43 793
44 798
45 802
46 806
47 811
48 814
49 818
52 821
53 825
54 827
55 830
57 836
58 844
59 850
60 856
61 868
62 879
63 890
64 898
65 908
66 917
67 925
68 933
71 939
72 946
74 950
75 954
76 960
77 968
78 978
79 988
80 995
81 1004
82 1011
83 1018
86 1023
87 1025
88 1027
89 1032
90 1035
91 1037
92 1042
93 1051
94 1061
95 1069
96 1080
97 1090
98 1102
99 1114
100 1126
101 1138
102 1150
103 1162
104 1174
105 1186
106 1198
107 1210
108 1222
109 1234
110 1246
111 1258
112 1270
113 1282
114 1294
115 1306
116 1318
117 1330
118 1342
119 1354
120 1366
121 1378
122 1390
123 1402
124 1414
125 1425
126 1434
127 1443
128 1452
129 1461
130 1465
131 1471
135 1476
136 1485
137 1494
138 1502
139 1509
140 1515
141 1521
142 1523
144 1532
145 1542
146 1547
147 1548
148 1551
149 1555
150 1566
152 1571
153 1574
155 1583
156 1589
158 1597
159 1609
160 1621
161 1633
162 1645
163 1657
164 1669
165 1681
166 1693
167 1702
168 1707
169 1713
170 1716
171 1719
173 1725
174 1731
175 1743
176 1753
177 1760
178 1771
179 1780
181 1789
182 1796
183 1805
184 1813
185 1821
186 1828
187 1836
188 1843
189 1853
190 1863
191 1867
192 1878
193 1889
194 1900
195 1908
196 1918
197 1929
198 1941
199 1952
200 1963
201 1975
202 1987
203 1999
204 2011
205 2023
206 2035
207 2047
208 2059
209 2071
210 2083
211 2095
212 2107
213 2119
214 2131
215 2143
216 2155
217 2167
218 2176
219 2186
220 2197
221 2208
222 2216
223 2226
224 2238
225 2249
226 2258
227 2268
228 2277
229 2287
230 2299
231 2310
233 2320
234 2329
235 2336
236 2343
239 2345
242 2352
243 2360
247 2378
248 2381
249 2387
253 2394
254 2395
257 2398
258 2399
259 2400
263 2403
266 2409
267 2419
268 2423
269 2435
270 2445
271 2454
272 2466
273 2476
274 2487
275 2489
276 2493
277 2495
278 2498
279 2501
280 2511
281 2523
282 2535
283 2547
284 2556
285 2568
286 2580
287 2592
288 2604
289 2615
290 2627
291 2638
292 2650
293 2661
294 2672
295 2684
296 2695
297 2706
298 2716
299 2726
300 2738
301 2750
302 2762
303 2774
304 2786
305 2798
306 2810
307 2822
308 2834
309 2846
310 2858
311 2870
312 2881
313 2890
314 2899
315 2911
316 2923
317 2935
318 2947
319 2959
320 2969
321 2978
322 2989
323 3000
324 3010
325 3022
326 3034
327 3044
328 3056
329 3067
330 3077
331 3088
332 3100
333 3111
334 3122
335 3133
336 3144
337 3155
338 3167
339 3179
340 3188
341 3197
342 3208
343 3220
344 3232
345 3244
346 3256
347 3268
348 3279
349 3290
350 3302
351 3313
352 3325
353 3337
354 3349
355 3361
356 3373
357 3385
358 3397
359 3409
360 3421
361 3433
362 3445
363 3457
364 3469
365 3481
366 3493
367 3505
368 3517
369 3529
370 3541
371 3553
372 3565
373 3577
374 3589
375 3601
376 3613
377 3625
378 3637
379 3649
380 3661
381 3673
382 3685
383 3697
384 3709
385 3721
386 3733
387 3745
388 3757
389 3769
390 3781
391 3793
392 3805
393 3817
394 3829
395 3841
396 3853
397 3865
398 3877
399 3889
400 3901
401 3913
402 3925
403 3937
404 3949
405 3961
406 3973
407 3985
408 3997
409 4009
410 4021
411 4033
412 4045
413 4057
414 4069
415 4081
416 4093
417 4105
418 4117
419 4129
420 4141
421 4153
422 4165
423 4177
424 4189
425 4201
426 4213
427 4225
428 4237
429 4249
430 4261
431 4273
432 4285
433 4297
434 4309
435 4321
436 4333
437 4345
438 4357
439 4369
440 4381
441 4393
442 4405
443 4417
444 4429
445 4441
446 4453
447 4465
448 4477
449 4489
450 4501
451 4513
452 4525
453 4537
454 4549
455 4561
456 4573
457 4585
458 4597
459 4609
460 4621
461 4633
462 4644
463 4656
464 4668
465 4680
466 4692
467 4704
468 4716
469 4728
470 4740
471 4752
472 4764
473 4776
474 4788
475 4800
476 4812
477 4824
478 4836
479 4848
480 4860
481 4872
482 4884
483 4896
484 4908
485 4920
486 4932
487 4944
488 4956
489 4968
490 4980
491 4992
492 5004
493 5016
494 5028
495 5040
496 5052
497 5064
498 5076
499 5088
500 5100
501 5112
502 5124
503 5136
504 5148
505 5160
506 5172
507 5184
508 5196
509 5208
510 5220
511 5232
512 5244
513 5256
514 5268
515 5280
516 5292
517 5303
518 5315
519 5327
520 5339
521 5351
522 5363
523 5375
524 5387
525 5399
526 5411
527 5423
528 5435
529 5447
530 5459
531 5471
532 5483
533 5495
534 5507
535 5519
536 5531
537 5543
538 5555
539 5567
540 5573
542 5583
543 5595
544 5607
545 5619
546 5631
547 5643
548 5655
549 5667
550 5679
551 5691
552 5703
553 5715
554 5727
555 5739
556 5751
557 5763
558 5775
559 5787
560 5799
561 5811
562 5823
563 5835
564 5847
565 5859
566 5871
567 5883
568 5895
569 5907
570 5918
571 5927
572 5939
573 5948
574 5957
575 5967
576 5978
577 5988
578 5999
579 6008
580 6018
581 6028
582 6040
583 6051
584 6062
585 6074
586 6086
587 6098
588 6110
589 6122
590 6134
591 6146
592 6158
593 6170
594 6182
595 6194
596 6206
597 6218
598 6230
599 6241
600 6254
601 6266
602 6277
603 6290
604 6302
605 6313
606 6325
607 6338
608 6349
609 6361
610 6374
611 6385
612 6397
613 6409
614 6421
615 6433
616 6445
617 6457
618 6469
619 6481
620 6493
621 6505
622 6516
623 6528
624 6538
625 6548
626 6559
627 6570
628 6580
629 6591
630 6601
631 6613
632 6622
633 6632
634 6643
635 6654
636 6665
637 6674
638 6686
639 6695
640 6707
641 6719
642 6731
643 6742
644 6753
645 6765
646 6777
647 6789
648 6801
649 6813
650 6824
651 6835
652 6847
653 6859
654 6871
655 6883
656 6895
657 6907
658 6919
659 6931
660 6943
661 6955
662 6967
663 6979
664 6991
665 7003
666 7015
667 7027
668 7039
669 7051
670 7063
671 7075
672 7087
673 7099
674 7111
675 7122
676 7134
677 7146
678 7156
679 7168
680 7178
681 7190
682 7202
683 7214
684 7226
685 7238
686 7250
687 7262
688 7274
689 7286
690 7298
691 7310
692 7322
693 7334
694 7346
695 7358
696 7370
697 7382
698 7393
699 7405
700 7417
701 7429
702 7441
703 7453
704 7465
705 7475
706 7487
707 7499
708 7509
709 7519
710 7529
711 7541
712 7553
713 7564
714 7574
715 7583
716 7594
717 7605
718 7616
719 7628
720 7637
721 7649
722 7661
723 7673
724 7683
725 7685
726 7696
728 7711
729 7723
730 7734
731 7744
732 7755
733 7767
734 7779
735 7791
736 7803
737 7815
738 7826
739 7838
740 7847
741 7858
742 7868
743 7879
744 7889
745 7898
746 7907
747 7916
748 7925
749 7934
750 7943
751 7952
752 7961
753 7971
754 7980
755 7990
756 8000
757 8009
758 8019
759 8028
760 8037
761 8046
762 8055
763 8064
764 8073
765 8082
766 8091
767 8100
768 8110
769 8119
770 8128
771 8137
772 8147
773 8159
774 8169
775 8180
776 8190
777 8201
778 8211
779 8220
780 8231
781 8242
782 8254
783 8266
784 8278
785 8289
786 8301
787 8313
788 8325
789 8337
790 8348
791 8360
792 8372
793 8384
794 8396
795 8407
796 8419
797 8431
798 8443
799 8455
800 8467
801 8478
802 8490
803 8502
804 8514
805 8525
806 8537
807 8549
808 8561
809 8573
810 8585
811 8596
812 8608
813 8620
814 8632
815 8644
816 8656
817 8668
818 8680
819 8692
820 8704
821 8716
822 8728
823 8740
824 8752
825 8764
826 8776
827 8788
828 8796
829 8808
830 8816
831 8827
832 8839
833 8850
834 8862
835 8873
836 8885
837 8897
838 8908
839 8919
840 8931
841 8942
842 8954
843 8966
844 8978
845 8990
846 9002
847 9014
848 9023
849 9034
850 9043
851 9046
852 9054
853 9060
854 9069
855 9080
856 9092
857 9104
858 9115
859 9126
860 9138
861 9149
862 9160
863 9171
864 9182
865 9194
866 9205
867 9216
868 9228
869 9240
870 9252
871 9262
872 9271
873 9281
874 9290
875 9300
876 9308
877 9318
878 9330
879 9342
880 9354
881 9366
882 9378
883 9390
884 9402
885 9414
886 9426
887 9438
888 9450
889 9462
890 9474
891 9486
892 9498
893 9510
894 9522
895 9534
896 9545
897 9556
898 9565
899 9574
900 9583
901 9595
902 9607
903 9619
904 9631
905 9643
906 9655
907 9667
908 9679
909 9691
910 9703
911 9715
912 9727
913 9739
914 9751
915 9763
916 9774
917 9785
918 9794
919 9803
920 9812
921 9821
922 9830
923 9840
924 9851
925 9860
926 9870
927 9880
928 9889
929 9900
930 9909
931 9920
932 9932
933 9944
934 9956
935 9968
936 9979
937 9987
938 9992
939 10001
940 10010
941 10019
942 10026
943 10032
944 10043
945 10055
946 10067
947 10078
948 10090
949 10101
950 10113
951 10125
952 10137
953 10149
954 10161
955 10173
956 10185
957 10197
958 10208
959 10219
960 10231
961 10243
962 10255
963 10267
964 10279
965 10291
966 10303
967 10315
968 10327
969 10339
970 10351
971 10363
972 10375
973 10387
974 10399
975 10411
976 10423
977 10435
978 10447
979 10459
980 10471
981 10483
982 10495
983 10507
984 10518
985 10530
986 10542
987 10553
988 10563
989 10575
990 10587
991 10599
992 10611
993 10623
994 10635
995 10647
996 10659
997 10671
998 10683
999 10695
1000 10707
1001 10719
1002 10731
1003 10743
1004 10754
1005 10766
1006 10778
1007 10790
1008 10802
1009 10814
1010 10826
1011 10838
1012 10850
1013 10862
1014 10874
1015 10886
1016 10898
1017 10910
1018 10922
1019 10934
1020 10946
1021 10958
1022 10970
1023 10982
1024 10994
1025 11006
1026 11018
1027 11030
1028 11042
1029 11054
1030 11066
1031 11078
1032 11090
1033 11102
1034 11114
1035 11126
1036 11138
1037 11150
1038 11162
1039 11174
1040 11185
1041 11197
1042 11209
1043 11221
1044 11233
1045 11245
1046 11255
1047 11267
1048 11278
1049 11290
1050 11302
1051 11314
1052 11326
1053 11338
1054 11350
1055 11362
1056 11373
1057 11385
1058 11397
1059 11409
1060 11421
1061 11433
1062 11445
1063 11457
1064 11469
1065 11481
1066 11493
1067 11505
1068 11517
1069 11529
1070 11541
1071 11553
1072 11565
1073 11577
1074 11589
1075 11601
1076 11613
1077 11625
1078 11637
1079 11649
1080 11661
1081 11673
1082 11685
1083 11696
1084 11708
1085 11720
1086 11732
1087 11744
1088 11756
1089 11768
1090 11780
1091 11792
1092 11804
1093 11816
1094 11828
1095 11840
1096 11852
1097 11864
1098 11876
1099 11888
1100 11900
1101 11912
1102 11924
1103 11936
1104 11948
1105 11960
1106 11972
1107 11984
1108 11996
1109 12008
1110 12020
1111 12032
1112 12044
1113 12055
1114 12066
1115 12078
1116 12090
1117 12102
1118 12114
1119 12126
1120 12138
1121 12150
1122 12162
1123 12174
1124 12186
1125 12198
1126 12210
1127 12222
1128 12234
1129 12246
1130 12258
1131 12270
1132 12281
1133 12293
1134 12305
1135 12317
1136 12329
1137 12341
1138 12353
1139 12365
1140 12377
1141 12389
1142 12401
1143 12413
1144 12425
1145 12437
1146 12449
1147 12460
1148 12472
1149 12484
1150 12496
1151 12508
1152 12520
1153 12532
1154 12544
1155 12556
1156 12568
1157 12580
1158 12592
1159 12604
1160 12616
1161 12628
1162 12640
1163 12652
1164 12664
1165 12676
1166 12688
1167 12700
1168 12712
1169 12724
1170 12736
1171 12748
1172 12760
1173 12772
1174 12784
1175 12796
1176 12808
1177 12820
1178 12832
1179 12844
1180 12856
1181 12868
1182 12880
1183 12892
1184 12904
1185 12916
1186 12928
1187 12940
1188 12951
1189 12962
1190 12974
1191 12984
1192 12992
1193 13003
1194 13015
1195 13026
1196 13035
1198 13039
1200 13041
1201 13042
1202 13051
1203 13063
1204 13075
1205 13087
1206 13099
1207 13111
1208 13123
1209 13135
1210 13147
1211 13159
1212 13171
1213 13183
1214 13195
1215 13207
1216 13219
1217 13231
1218 13243
1219 13255
1220 13267
1221 13279
1222 13291
1223 13303
1224 13315
1225 13327
1226 13339
1227 13351
1228 13363
1229 13375
1230 13387
1231 13399
1232 13411
1233 13423
1234 13435
1235 13447
1236 13458
1237 13470
1238 13482
1239 13494
1240 13506
1241 13517
1242 13529
1243 13541
1244 13553
1245 13565
1246 13577
1247 13589
1248 13601
1249 13613
1250 13625
1251 13637
1252 13649
1253 13661
1254 13673
1255 13685
1256 13697
1257 13709
1258 13721
1259 13733
1260 13745
1261 13757
1262 13769
1263 13781
1264 13793
1265 13805
1266 13817
1267 13829
1268 13841
1269 13853
1270 13865
1271 13877
1272 13889
1273 13901
1274 13913
1275 13925
1276 13937
1277 13949
1278 13961
1279 13973
1280 13985
1281 13997
1282 14009
1283 14021
1284 14033
1285 14044
1286 14056
1287 14068
1288 14078
1289 14088
1290 14099
1291 14108
1292 14118
1293 14128
1294 14139
1295 14151
1296 14163
1297 14175
1298 14187
1299 14199
1300 14211
1301 14223
1302 14235
1303 14247
1304 14259
1305 14271
1306 14283
1307 14294
1308 14305
1309 14316
1310 14327
1311 14337
1312 14348
1313 14360
1314 14372
1315 14384
1316 14396
1317 14408
1318 14420
1319 14432
1320 14444
1321 14456
1322 14468
1323 14480
1324 14492
1325 14504
1326 14516
1327 14528
1328 14540
1329 14552
1330 14564
1331 14575
1332 14587
1333 14599
1334 14611
1335 14623
1336 14635
1337 14647
1338 14659
1339 14671
1340 14683
1341 14695
1342 14707
1343 14719
1344 14731
1345 14743
1346 14755
1347 14767
1348 14779
1349 14791
1350 14803
1351 14815
1352 14827
1353 14839
1354 14851
1355 14863
1356 14875
1357 14887
1358 14899
1359 14911
1360 14923
1361 14935
1362 14947
1363 14959
1364 14971
1365 14983
1366 14995
1367 15006
1368 15018
1369 15030
1370 15042
1371 15054
1372 15066
1373 15078
1374 15090
1375 15102
1376 15114
1377 15126
1378 15138
1379 15150
1380 15162
1381 15174
1382 15186
1383 15197
1384 15208
1385 15220
1386 15231
1387 15243
1388 15255
1389 15267
1390 15279
1391 15291
1392 15300
1393 15309
1394 15321
1395 15332
1396 15344
1397 15356
1398 15368
1399 15378
1400 15389
1401 15401
1402 15413
1403 15425
1404 15434
1405 15446
1406 15458
1407 15470
1408 15482
1409 15494
1410 15506
1411 15518
1412 15530
1413 15542
1414 15554
1415 15565
1416 15576
1417 15588
1418 15596
1419 15605
1420 15617
1421 15629
1422 15637
1423 15645
1424 15657
1425 15669
1426 15681
1427 15693
1428 15705
1429 15717
1430 15728
1431 15740
1432 15752
1433 15760
1434 15770
1435 15782
1436 15788
1437 15800
1438 15812
1439 15824
1440 15835
1441 15847
1442 15858
1443 15868
1444 15880
1445 15891
1452 15900
1453 15912
1454 15924
1455 15936
1456 15948
1457 15960
1458 15971
1459 15973
1460 15975
1461 15979
1462 15987
1463 15992
1464 16004
1465 16012
1467 16019
1468 16020
1469 16022
1470 16024
1471 16027
1472 16030
1473 16039
1474 16051
1475 16063
1476 16075
1477 16087
1478 16099
1479 16111
1480 16123
1481 16135
1482 16147
1483 16159
1484 16171
1485 16183
1486 16195
1487 16207
1488 16218
