0 145
1 149
2 153
3 157
4 161
5 165
6 169
7 173
8 177
9 181
10 185
11 189
12 193
13 197
14 201
15 205
16 209
17 213
18 217
19 221
20 225
21 229
22 233
23 237
24 241
25 245
26 249
27 253
28 257
29 261
30 265
31 269
32 273
33 277
34 281
35 285
36 289
37 293
38 297
39 301
40 305
41 309
42 313
43 317
44 321
45 325
46 329
47 333
48 337
49 341
50 345
51 349
52 353
53 357
54 361
55 365
56 369
57 373
58 377
59 381
60 385
61 389
62 393
63 397
64 401
65 405
66 409
67 413
68 417
69 421
70 425
71 429
72 433
73 437
74 441
75 445
76 449
77 453
78 457
79 461
80 465
81 469
82 473
83 477
84 481
85 485
86 489
87 493
88 497
89 501
90 505
91 509
92 513
93 517
94 521
95 525
96 529
97 533
98 537
99 541
100 545
101 549
102 553
103 557
104 561
105 565
106 569
107 573
108 577
109 581
110 585
111 589
112 593
113 597
114 601
115 605
116 609
117 613
118 617
119 621
120 625
121 629
122 633
123 637
124 641
125 645
126 649
127 653
128 657
129 661
130 665
131 669
132 673
133 677
134 681
135 685
136 689
137 693
138 697
139 701
140 705
141 709
142 713
143 717
144 721
145 725
146 729
147 733
148 737
149 741
150 745
151 749
152 753
153 757
154 761
155 765
156 769
157 773
158 777
159 781
160 785
161 789
162 793
163 797
164 801
165 805
166 809
167 813
168 817
169 821
170 825
171 829
172 833
173 837
174 841
175 845
176 849
177 852
178 855
179 859
180 863
181 867
182 871
183 875
184 879
185 883
186 887
187 891
188 895
189 899
190 903
191 907
192 911
193 915
194 919
195 923
196 927
197 931
198 935
199 939
200 942
201 946
202 949
203 952
204 956
205 960
206 964
207 968
208 972
209 976
210 980
211 984
212 987
213 990
214 993
215 996
216 1000
217 1004
218 1008
219 1012
220 1016
221 1020
222 1024
223 1028
224 1032
225 1036
226 1040
227 1044
228 1048
229 1052
230 1056
231 1060
232 1064
233 1068
234 1072
235 1076
236 1080
237 1084
238 1088
239 1092
240 1096
241 1100
242 1104
243 1108
244 1112
245 1116
246 1120
247 1124
248 1128
249 1132
250 1136
251 1140
252 1144
253 1148
254 1152
255 1156
256 1160
257 1164
258 1168
259 1172
260 1176
261 1180
262 1184
263 1188
264 1192
265 1196
266 1200
267 1204
268 1208
269 1212
270 1216
271 1220
272 1224
273 1228
274 1232
275 1236
276 1240
277 1244
278 1248
279 1252
280 1256
281 1260
282 1264
283 1268
284 1272
285 1276
286 1280
287 1284
288 1288
289 1291
290 1295
291 1299
292 1303
293 1307
294 1311
295 1315
296 1319
297 1323
298 1327
299 1331
300 1335
301 1339
302 1343
303 1347
304 1351
305 1355
306 1359
307 1363
308 1367
309 1371
310 1375
311 1379
312 1383
313 1387
314 1391
315 1395
316 1399
317 1403
318 1407
319 1411
320 1415
321 1419
322 1423
323 1427
324 1431
325 1435
326 1439
327 1443
328 1447
329 1451
330 1455
331 1459
332 1463
333 1467
334 1471
335 1475
336 1479
337 1483
338 1487
339 1491
340 1495
341 1499
342 1503
343 1507
344 1511
345 1515
346 1519
347 1523
348 1527
349 1531
350 1535
351 1539
352 1543
353 1547
354 1551
355 1555
356 1559
357 1563
358 1567
359 1571
360 1575
361 1579
362 1583
363 1587
364 1591
365 1595
366 1599
367 1603
368 1607
369 1611
370 1615
371 1619
372 1623
373 1627
374 1631
375 1635
376 1639
377 1643
378 1647
379 1651
380 1655
381 1659
382 1663
383 1667
384 1671
385 1675
386 1679
387 1683
388 1687
389 1691
390 1695
391 1699
392 1703
393 1707
394 1711
395 1715
396 1719
397 1723
398 1727
399 1731
400 1735
401 1739
402 1743
403 1747
404 1751
405 1755
406 1759
407 1763
408 1767
409 1771
410 1775
411 1779
412 1783
413 1787
414 1791
415 1795
416 1799
417 1803
418 1807
419 1811
420 1815
421 1819
422 1823
423 1827
424 1831
425 1835
426 1839
427 1843
428 1847
429 1851
430 1855
431 1859
432 1863
433 1867
434 1871
435 1875
436 1879
437 1883
438 1887
439 1891
440 1895
441 1899
442 1903
443 1907
444 1911
445 1915
446 1919
447 1923
448 1927
449 1931
450 1935
451 1939
452 1943
453 1947
454 1951
455 1955
456 1959
457 1963
458 1967
459 1971
460 1975
461 1979
462 1983
463 1987
464 1991
465 1995
466 1999
467 2003
468 2007
469 2011
470 2015
471 2019
472 2023
473 2027
474 2031
475 2035
476 2039
477 2043
478 2047
479 2051
480 2055
481 2059
482 2063
483 2067
484 2071
485 2075
486 2079
487 2083
488 2087
489 2091
490 2095
491 2099
492 2103
493 2107
494 2111
495 2115
496 2119
497 2123
498 2127
499 2131
500 2135
501 2139
502 2143
503 2147
504 2151
505 2155
506 2159
507 2163
508 2167
509 2171
510 2175
511 2179
512 2183
513 2187
514 2191
515 2195
516 2199
517 2203
518 2207
519 2211
520 2215
521 2219
522 2223
523 2227
524 2231
525 2235
526 2239
527 2243
528 2247
529 2251
530 2255
531 2259
532 2263
533 2267
534 2271
535 2275
536 2279
537 2283
538 2287
539 2291
540 2295
541 2299
542 2303
543 2307
544 2311
545 2315
546 2319
547 2323
548 2327
549 2331
550 2335
551 2339
552 2343
553 2347
554 2351
555 2355
556 2359
557 2363
558 2367
559 2371
560 2375
561 2379
562 2383
563 2387
564 2391
565 2395
566 2399
567 2403
568 2407
569 2411
570 2415
571 2419
572 2422
573 2426
574 2430
575 2434
576 2438
577 2442
578 2446
579 2450
580 2454
581 2458
582 2462
583 2466
584 2470
585 2474
586 2478
587 2482
588 2486
589 2490
590 2493
591 2497
592 2501
593 2505
594 2509
595 2512
596 2516
597 2520
598 2524
599 2528
600 2532
601 2536
602 2540
603 2544
604 2548
605 2552
606 2556
607 2560
608 2564
609 2568
610 2572
611 2576
612 2580
613 2584
614 2588
615 2592
616 2596
617 2600
618 2604
619 2608
620 2612
621 2616
622 2620
623 2624
624 2628
625 2632
626 2636
627 2640
628 2644
629 2648
630 2652
631 2656
632 2660
633 2664
634 2668
635 2672
636 2676
637 2680
638 2684
639 2688
640 2692
641 2696
642 2700
643 2704
644 2708
645 2712
646 2716
647 2720
648 2724
649 2728
650 2732
651 2736
652 2740
653 2744
654 2748
655 2752
656 2756
657 2760
658 2764
659 2768
660 2772
661 2776
662 2780
663 2784
664 2788
665 2792
666 2796
667 2800
668 2804
669 2808
670 2812
671 2816
672 2820
673 2824
674 2828
675 2832
676 2836
677 2840
678 2844
679 2848
680 2852
681 2856
682 2860
683 2864
684 2868
685 2872
686 2876
687 2880
688 2884
689 2888
690 2892
691 2896
692 2900
693 2904
694 2908
695 2912
696 2916
697 2920
698 2924
699 2928
700 2932
701 2936
702 2940
703 2944
704 2948
705 2952
706 2956
707 2960
708 2964
709 2968
710 2972
711 2976
712 2979
713 2983
714 2987
715 2991
716 2995
717 2999
718 3003
719 3007
720 3011
721 3015
722 3019
723 3023
724 3027
725 3031
726 3035
727 3039
728 3043
729 3047
730 3051
731 3055
732 3059
733 3063
734 3067
735 3071
736 3075
737 3079
738 3083
739 3087
740 3091
741 3095
742 3099
743 3103
744 3107
745 3111
746 3115
747 3119
748 3123
749 3127
750 3131
751 3135
752 3139
753 3143
754 3147
755 3151
756 3155
757 3159
758 3163
759 3167
760 3171
761 3175
762 3179
763 3183
764 3187
765 3191
766 3195
767 3199
768 3203
769 3207
770 3211
771 3215
772 3219
773 3223
774 3227
775 3231
776 3235
777 3239
778 3243
779 3247
780 3251
781 3255
782 3259
783 3263
784 3267
785 3271
786 3275
787 3279
788 3283
789 3287
790 3291
791 3295
792 3299
793 3303
794 3307
795 3311
796 3315
797 3319
798 3323
799 3327
800 3331
801 3335
802 3339
803 3343
804 3347
805 3351
806 3355
807 3359
808 3363
809 3367
810 3371
811 3375
812 3379
813 3383
814 3387
815 3391
816 3395
817 3399
818 3403
819 3407
820 3411
821 3415
822 3418
823 3421
824 3425
825 3428
826 3432
827 3436
828 3440
829 3444
830 3448
831 3451
832 3455
833 3459
834 3463
835 3467
836 3471
837 3475
838 3479
839 3483
840 3487
841 3491
842 3495
843 3499
844 3503
845 3507
846 3511
847 3515
848 3518
849 3522
850 3526
851 3530
852 3534
853 3538
854 3542
855 3546
856 3550
857 3554
858 3558
859 3562
860 3566
861 3570
862 3574
863 3578
864 3582
865 3586
866 3590
867 3594
868 3598
869 3602
870 3606
871 3610
872 3614
873 3618
874 3622
875 3626
876 3630
877 3634
878 3638
879 3642
880 3646
881 3650
882 3654
883 3658
884 3662
885 3666
886 3670
887 3674
888 3678
889 3682
890 3686
891 3690
892 3694
893 3698
894 3702
895 3706
896 3710
897 3714
898 3718
899 3722
900 3726
901 3730
902 3734
903 3738
904 3742
905 3746
906 3750
907 3754
908 3758
909 3762
910 3766
911 3770
912 3774
913 3778
914 3782
915 3786
916 3790
917 3794
918 3798
919 3802
920 3806
921 3810
922 3814
923 3818
924 3822
925 3826
926 3830
927 3834
928 3838
929 3842
930 3846
931 3850
932 3854
933 3858
934 3862
935 3866
936 3870
937 3874
938 3878
939 3882
940 3886
941 3890
942 3893
943 3897
944 3901
945 3905
946 3909
947 3913
948 3917
949 3921
950 3925
951 3929
952 3933
953 3937
954 3941
955 3945
956 3949
957 3953
958 3957
959 3961
960 3965
961 3969
962 3973
963 3977
964 3981
965 3985
966 3989
967 3993
968 3997
969 4001
970 4005
971 4009
972 4013
973 4017
974 4021
975 4025
976 4029
977 4033
978 4037
979 4041
980 4045
981 4049
982 4053
983 4057
984 4061
985 4065
986 4069
987 4073
988 4077
989 4081
990 4085
991 4089
992 4093
993 4097
994 4101
995 4105
996 4109
997 4113
998 4117
999 4121
1000 4125
1001 4129
1002 4133
1003 4137
1004 4141
1005 4145
1006 4149
1007 4153
1008 4157
1009 4161
1010 4165
1011 4169
1012 4173
1013 4177
1014 4181
1015 4185
1016 4189
1017 4193
1018 4197
1019 4201
1020 4205
1021 4209
1022 4213
1023 4217
1024 4221
1025 4225
1026 4229
1027 4233
1028 4237
1029 4241
1030 4245
1031 4249
1032 4253
1033 4257
1034 4261
1035 4265
1036 4269
1037 4273
1038 4277
1039 4281
1040 4285
1041 4289
1042 4293
1043 4297
1044 4301
1045 4305
1046 4309
1047 4313
1048 4317
1049 4321
1050 4325
1051 4329
1052 4333
1053 4337
1054 4341
1055 4345
1056 4349
1057 4353
1058 4357
1059 4361
1060 4365
1061 4369
1062 4373
1063 4377
1064 4381
1065 4385
1066 4389
1067 4393
1068 4397
1069 4401
1070 4405
1071 4409
1072 4413
1073 4417
1074 4421
1075 4425
1076 4429
1077 4433
1078 4437
1079 4441
1080 4445
1081 4449
1082 4453
1083 4457
1084 4461
1085 4465
1086 4469
1087 4473
1088 4477
1089 4481
1090 4485
1091 4489
1092 4493
1093 4497
1094 4501
1095 4505
1096 4509
1097 4513
1098 4517
1099 4521
1100 4525
1101 4529
1102 4533
1103 4537
1104 4541
1105 4545
1106 4549
1107 4553
1108 4557
1109 4561
1110 4565
1111 4569
1112 4573
1113 4577
1114 4581
1115 4585
1116 4589
1117 4593
1118 4597
1119 4601
1120 4605
1121 4609
1122 4613
1123 4617
1124 4621
1125 4625
1126 4629
1127 4633
1128 4637
1129 4641
1130 4645
1131 4649
1132 4653
1133 4657
1134 4661
1135 4665
1136 4669
1137 4673
1138 4677
1139 4681
1140 4685
1141 4689
1142 4693
1143 4696
1144 4701
1145 4705
1146 4709
1147 4713
1148 4717
1149 4721
1150 4725
1151 4729
1152 4732
1153 4736
1154 4740
1155 4745
1156 4749
1157 4753
1158 4757
1159 4761
1160 4764
1161 4768
1162 4772
1163 4776
1164 4780
1165 4784
1166 4788
1167 4792
1168 4796
1169 4799
1170 4803
1171 4807
1172 4811
1173 4815
1174 4819
1175 4823
1176 4828
1177 4832
1178 4835
1179 4839
1180 4843
1181 4847
1182 4851
1183 4855
1184 4859
1185 4863
1186 4868
1187 4871
1188 4875
1189 4879
1190 4883
1191 4887
1192 4891
1193 4895
1194 4899
1195 4903
1196 4907
1197 4911
1198 4915
1199 4919
1200 4923
1201 4927
1202 4931
1203 4935
1204 4939
1205 4943
1206 4947
1207 4951
1208 4955
1209 4959
1210 4963
1211 4967
1212 4971
1213 4975
1214 4979
1215 4983
1216 4987
1217 4991
1218 4995
1219 4999
1220 5003
1221 5007
1222 5011
1223 5015
1224 5019
1225 5023
1226 5027
1227 5031
1228 5035
1229 5039
1230 5043
1231 5047
1232 5051
1233 5055
1234 5059
1235 5063
1236 5067
1237 5071
1238 5075
1239 5079
1240 5083
1241 5087
1242 5091
1243 5095
1244 5099
1245 5103
1246 5107
1247 5111
1248 5115
1249 5119
1250 5123
1251 5127
1252 5131
1253 5135
1254 5139
1255 5143
1256 5147
1257 5151
1258 5155
1259 5159
1260 5163
1261 5167
1262 5171
1263 5175
1264 5179
1265 5183
1266 5187
1267 5191
1268 5195
1269 5199
1270 5203
1271 5207
1272 5211
1273 5215
1274 5219
1275 5223
1276 5227
1277 5231
1278 5235
1279 5239
1280 5243
1281 5247
1282 5251
1283 5255
1284 5259
1285 5263
1286 5267
1287 5271
1288 5275
1289 5279
1290 5283
1291 5287
1292 5291
1293 5295
1294 5299
1295 5303
1296 5307
1297 5311
1298 5315
1299 5319
1300 5323
1301 5327
1302 5331
1303 5335
1304 5339
1305 5343
1306 5347
1307 5351
1308 5355
1309 5359
1310 5363
1311 5367
1312 5371
1313 5375
1314 5379
1315 5383
1316 5387
1317 5391
1318 5395
1319 5399
1320 5403
1321 5407
1322 5411
1323 5415
1324 5419
1325 5423
1326 5427
1327 5431
1328 5435
1329 5439
1330 5443
1331 5447
1332 5451
1333 5455
1334 5459
1335 5463
1336 5467
1337 5471
1338 5475
1339 5479
1340 5483
1341 5487
1342 5491
1343 5495
1344 5499
1345 5503
1346 5507
1347 5511
1348 5515
1349 5519
1350 5523
1351 5527
1352 5530
1353 5533
1354 5536
1355 5539
1356 5543
1357 5547
1358 5550
1359 5553
1360 5557
1361 5561
1362 5565
1363 5569
1364 5573
1365 5577
1366 5581
1367 5585
1368 5589
1369 5592
1370 5596
1371 5600
1372 5604
1373 5608
1374 5612
1375 5616
1376 5620
1377 5624
1378 5628
1379 5632
1380 5636
1381 5640
1382 5644
1383 5648
1384 5651
1385 5655
1386 5659
1387 5663
1388 5667
1389 5671
1390 5675
1391 5679
1392 5683
1393 5687
1394 5691
1395 5695
1396 5699
1397 5703
1398 5707
1399 5711
1400 5715
1401 5719
1402 5723
1403 5727
1404 5731
1405 5735
1406 5739
1407 5743
1408 5747
1409 5751
1410 5755
1411 5759
1412 5763
1413 5767
1414 5771
1415 5775
1416 5779
1417 5783
1418 5787
1419 5791
1420 5795
1421 5799
1422 5803
1423 5807
1424 5811
1425 5815
1426 5819
1427 5823
1428 5827
1429 5831
1430 5835
1431 5839
1432 5843
1433 5847
1434 5851
1435 5855
1436 5859
1437 5863
1438 5867
1439 5871
1440 5875
1441 5879
1442 5883
1443 5887
1444 5891
1445 5895
1446 5899
1447 5903
1448 5907
1449 5911
1450 5915
1451 5919
1452 5923
1453 5927
1454 5931
1455 5935
1456 5939
1457 5943
1458 5947
1459 5951
1460 5955
1461 5959
1462 5963
1463 5967
1464 5971
1465 5975
1466 5979
1467 5983
1468 5987
1469 5991
1470 5995
1471 5999
1472 6003
1473 6007
1474 6011
1475 6015
1476 6019
1477 6023
1478 6027
1479 6031
1480 6035
1481 6039
1482 6043
1483 6047
1484 6051
1485 6055
1486 6059
1487 6063
1488 6067
1489 6071
1490 6075
1491 6079
1492 6083
1493 6087
1494 6091
1495 6095
1496 6099
1497 6103
1498 6107
1499 6111
1500 6115
1501 6119
1502 6122
1503 6125
1504 6128
1505 6131
1506 6134
1507 6138
1508 6142
1509 6146
1510 6149
1511 6153
1512 6157
1513 6161
1514 6165
1515 6169
1516 6173
1517 6177
1518 6181
1519 6185
1520 6189
1521 6193
1522 6197
1523 6201
1524 6205
1525 6209
1526 6213
1527 6217
1528 6221
1529 6225
1530 6229
1531 6233
1532 6237
1533 6241
1534 6245
1535 6249
1536 6253
1537 6257
1538 6261
1539 6265
1540 6269
1541 6273
1542 6277
1543 6281
1544 6285
1545 6289
1546 6293
1547 6297
1548 6301
1549 6305
1550 6309
1551 6313
1552 6317
1553 6321
1554 6325
1555 6329
1556 6333
1557 6337
1558 6341
1559 6345
1560 6349
1561 6353
1562 6357
1563 6361
1564 6365
1565 6369
1566 6373
1567 6377
1568 6381
1569 6385
1570 6389
1571 6393
1572 6397
1573 6401
1574 6405
1575 6409
1576 6413
1577 6417
1578 6421
1579 6425
1580 6429
1581 6433
1582 6437
1583 6441
1584 6445
1585 6449
1586 6453
1587 6457
1588 6461
1589 6465
1590 6469
1591 6473
1592 6477
1593 6481
1594 6485
1595 6489
1596 6493
1597 6497
1598 6501
1599 6505
1600 6509
1601 6513
1602 6517
1603 6521
1604 6525
1605 6529
1606 6533
1607 6537
1608 6541
1609 6545
1610 6549
1611 6553
1612 6557
1613 6561
1614 6565
1615 6569
1616 6573
1617 6577
1618 6581
1619 6585
1620 6589
1621 6593
1622 6597
1623 6601
1624 6605
1625 6609
1626 6613
1627 6617
1628 6621
1629 6625
1630 6629
1631 6633
1632 6637
1633 6641
1634 6645
1635 6649
1636 6653
1637 6657
1638 6661
1639 6665
1640 6669
1641 6673
1642 6677
1643 6681
1644 6685
1645 6689
1646 6693
1647 6697
1648 6701
1649 6705
1650 6709
1651 6713
1652 6717
1653 6721
1654 6725
1655 6729
1656 6733
1657 6737
1658 6741
1659 6745
1660 6749
1661 6753
1662 6757
1663 6761
1664 6765
1665 6769
1666 6773
1667 6777
1668 6781
1669 6785
1670 6789
1671 6793
1672 6797
1673 6801
1674 6805
1675 6809
1676 6813
1677 6817
1678 6821
1679 6825
1680 6829
1681 6833
1682 6837
1683 6841
1684 6845
1685 6849
1686 6853
1687 6857
1688 6861
1689 6865
1690 6869
1691 6873
1692 6877
1693 6881
1694 6885
1695 6889
1696 6893
1697 6897
1698 6901
1699 6905
1700 6909
1701 6913
1702 6917
1703 6921
1704 6925
1705 6929
1706 6933
1707 6937
1708 6941
1709 6945
1710 6949
1711 6953
1712 6956
1713 6960
1714 6964
1715 6967
1716 6971
1717 6975
1718 6979
1719 6983
1720 6987
1721 6991
1722 6995
1723 6999
1724 7003
1725 7007
1726 7011
1727 7015
1728 7019
1729 7023
1730 7027
1731 7031
1732 7035
1733 7039
1734 7043
1735 7047
1736 7051
1737 7055
1738 7059
1739 7063
1740 7067
1741 7071
1742 7075
1743 7079
1744 7083
1745 7087
1746 7091
1747 7095
1748 7099
1749 7103
1750 7107
1751 7111
1752 7115
1753 7119
1754 7123
1755 7127
1756 7131
1757 7135
1758 7139
1759 7143
1760 7147
1761 7151
1762 7155
1763 7159
1764 7163
1765 7167
1766 7171
1767 7175
1768 7179
1769 7183
1770 7187
1771 7191
1772 7195
1773 7199
1774 7203
1775 7207
1776 7211
1777 7215
1778 7219
1779 7223
1780 7227
1781 7231
1782 7235
1783 7239
1784 7243
1785 7247
1786 7251
1787 7255
1788 7259
1789 7263
1790 7267
1791 7271
1792 7275
1793 7279
1794 7283
1795 7287
1796 7291
1797 7295
1798 7299
1799 7303
1800 7307
1801 7311
1802 7315
1803 7319
1804 7323
1805 7327
1806 7331
1807 7335
1808 7339
1809 7343
1810 7347
1811 7351
1812 7355
1813 7359
1814 7363
1815 7367
1816 7371
1817 7375
1818 7379
1819 7383
1820 7387
1821 7391
1822 7395
1823 7399
1824 7403
1825 7407
1826 7411
1827 7415
1828 7419
1829 7423
1830 7427
1831 7431
1832 7435
1833 7439
1834 7443
1835 7447
1836 7451
1837 7455
1838 7459
1839 7463
1840 7467
1841 7471
1842 7475
1843 7479
1844 7483
1845 7487
1846 7491
1847 7495
1848 7499
1849 7503
1850 7507
1851 7511
1852 7515
1853 7519
1854 7523
1855 7527
1856 7531
1857 7535
1858 7539
1859 7543
1860 7547
1861 7551
1862 7555
1863 7559
1864 7563
1865 7567
1866 7571
1867 7575
1868 7579
1869 7583
1870 7587
1871 7591
1872 7595
1873 7599
1874 7603
1875 7607
1876 7611
1877 7615
1878 7619
1879 7623
1880 7627
1881 7631
1882 7635
1883 7639
1884 7643
1885 7647
1886 7651
1887 7655
1888 7659
1889 7663
1890 7667
1891 7671
1892 7675
1893 7679
1894 7683
1895 7687
1896 7691
1897 7695
1898 7699
1899 7703
1900 7707
1901 7711
1902 7715
1903 7719
1904 7723
1905 7727
1906 7731
1907 7735
1908 7739
1909 7743
1910 7747
1911 7751
1912 7755
1913 7759
1914 7763
1915 7767
1916 7771
1917 7775
1918 7779
1919 7783
1920 7787
1921 7791
1922 7795
1923 7799
1924 7803
1925 7807
1926 7811
1927 7815
1928 7819
1929 7823
1930 7827
1931 7831
1932 7835
1933 7839
1934 7843
1935 7847
1936 7851
1937 7855
1938 7859
1939 7863
1940 7867
1941 7871
1942 7875
1943 7879
1944 7883
1945 7887
1946 7891
1947 7895
1948 7899
1949 7903
1950 7907
1951 7911
1952 7915
1953 7919
1954 7923
1955 7927
1956 7931
1957 7935
1958 7939
1959 7943
1960 7947
1961 7951
1962 7955
1963 7959
1964 7963
1965 7967
1966 7971
1967 7975
1968 7979
1969 7983
1970 7987
1971 7991
1972 7995
1973 7999
1974 8003
1975 8007
1976 8011
1977 8015
1978 8019
1979 8023
1980 8027
1981 8031
1982 8035
1983 8039
1984 8043
1985 8047
1986 8051
1987 8055
1988 8059
1989 8063
1990 8067
1991 8071
1992 8075
1993 8079
1994 8083
1995 8087
1996 8091
1997 8095
1998 8099
1999 8103
2000 8107
2001 8111
2002 8115
2003 8119
2004 8123
2005 8127
2006 8131
2007 8135
2008 8139
2009 8143
2010 8147
2011 8151
2012 8155
2013 8159
2014 8163
2015 8167
2016 8171
2017 8175
2018 8179
2019 8183
2020 8187
2021 8191
2022 8195
2023 8199
2024 8203
2025 8207
2026 8211
2027 8215
2028 8219
2029 8223
2030 8227
2031 8231
2032 8235
2033 8239
2034 8243
2035 8247
2036 8251
2037 8255
2038 8259
2039 8263
2040 8267
2041 8271
2042 8275
2043 8279
2044 8283
2045 8287
2046 8291
2047 8295
2048 8299
2049 8303
2050 8307
2051 8311
2052 8315
2053 8319
2054 8323
2055 8327
2056 8331
2057 8335
2058 8339
2059 8343
2060 8347
2061 8351
2062 8355
2063 8359
2064 8363
2065 8367
2066 8371
2067 8375
2068 8379
2069 8383
2070 8387
2071 8390
2072 8394
2073 8398
2074 8402
2075 8406
2076 8410
2077 8414
2078 8418
2079 8422
2080 8426
2081 8430
2082 8434
2083 8438
2084 8442
2085 8446
2086 8450
2087 8454
2088 8457
2089 8461
2090 8465
2091 8469
2092 8473
2093 8477
2094 8481
2095 8485
2096 8489
2097 8493
2098 8497
2099 8501
2100 8505
2101 8509
2102 8513
2103 8517
2104 8521
2105 8525
2106 8529
2107 8533
2108 8537
2109 8541
2110 8545
2111 8549
2112 8553
2113 8557
2114 8561
2115 8565
2116 8569
2117 8573
2118 8577
2119 8581
2120 8585
2121 8589
2122 8593
2123 8597
2124 8601
2125 8605
2126 8609
2127 8613
2128 8617
2129 8621
2130 8625
2131 8629
2132 8633
2133 8637
2134 8641
2135 8645
2136 8649
2137 8653
2138 8657
2139 8661
2140 8665
2141 8669
2142 8673
2143 8677
2144 8681
2145 8685
2146 8689
2147 8693
2148 8697
2149 8701
2150 8705
2151 8709
2152 8713
2153 8717
2154 8721
2155 8725
2156 8729
2157 8733
2158 8737
2159 8741
2160 8745
2161 8749
2162 8753
2163 8757
2164 8761
2165 8765
2166 8769
2167 8773
2168 8777
2169 8781
2170 8785
2171 8789
2172 8793
2173 8797
2174 8801
2175 8805
2176 8809
2177 8813
2178 8817
2179 8821
2180 8825
2181 8829
2182 8833
2183 8837
2184 8841
2185 8845
2186 8849
2187 8853
2188 8857
2189 8861
2190 8865
2191 8869
2192 8873
2193 8877
2194 8881
2195 8885
2196 8889
2197 8893
2198 8897
2199 8901
2200 8905
2201 8909
2202 8913
2203 8917
2204 8921
2205 8925
2206 8929
2207 8933
2208 8937
2209 8941
2210 8945
2211 8949
2212 8953
2213 8957
2214 8961
2215 8965
2216 8969
2217 8973
2218 8977
2219 8981
2220 8985
2221 8989
2222 8993
2223 8997
2224 9001
2225 9005
2226 9009
2227 9013
2228 9017
2229 9021
2230 9025
2231 9029
2232 9033
2233 9037
2234 9041
2235 9045
2236 9049
2237 9053
2238 9057
2239 9061
2240 9065
2241 9069
2242 9073
2243 9077
2244 9081
2245 9085
2246 9089
2247 9093
2248 9097
2249 9101
2250 9105
2251 9109
2252 9113
2253 9117
2254 9121
2255 9125
2256 9129
2257 9133
2258 9137
2259 9141
2260 9145
2261 9149
2262 9153
2263 9157
2264 9161
2265 9165
2266 9169
2267 9173
2268 9177
2269 9181
2270 9185
2271 9189
2272 9193
2273 9197
2274 9201
2275 9205
2276 9209
2277 9213
2278 9217
2279 9221
2280 9225
2281 9229
2282 9233
2283 9237
2284 9241
2285 9245
2286 9249
2287 9253
2288 9257
2289 9261
2290 9265
2291 9269
2292 9273
2293 9277
2294 9281
2295 9285
2296 9289
2297 9293
2298 9297
2299 9301
2300 9305
2301 9309
2302 9313
2303 9317
2304 9321
2305 9325
2306 9329
2307 9333
2308 9337
2309 9341
2310 9345
2311 9349
2312 9353
2313 9357
2314 9361
2315 9365
2316 9369
2317 9373
2318 9377
2319 9381
2320 9385
2321 9389
2322 9393
2323 9397
2324 9401
2325 9405
2326 9409
2327 9413
2328 9417
2329 9421
2330 9425
2331 9429
2332 9433
2333 9437
2334 9441
2335 9445
2336 9449
2337 9453
2338 9457
2339 9461
2340 9465
2341 9469
2342 9473
2343 9477
2344 9481
2345 9485
2346 9489
2347 9493
2348 9497
2349 9501
2350 9505
2351 9509
2352 9513
2353 9517
2354 9521
2355 9525
2356 9529
2357 9533
2358 9537
2359 9541
2360 9545
2361 9549
2362 9553
2363 9557
2364 9561
2365 9565
2366 9569
2367 9573
2368 9577
2369 9581
2370 9585
2371 9589
2372 9593
2373 9597
2374 9601
2375 9605
2376 9609
2377 9613
2378 9617
2379 9621
2380 9625
2381 9629
2382 9633
2383 9637
2384 9641
2385 9645
2386 9649
2387 9653
2388 9657
2389 9661
2390 9665
2391 9669
2392 9673
2393 9677
2394 9681
2395 9685
2396 9689
2397 9693
2398 9697
2399 9701
2400 9705
2401 9709
2402 9713
2403 9717
2404 9721
2405 9725
2406 9729
2407 9733
2408 9737
2409 9741
2410 9745
2411 9749
2412 9753
2413 9757
2414 9761
2415 9765
2416 9769
2417 9773
2418 9777
2419 9781
2420 9785
2421 9789
2422 9793
2423 9797
2424 9801
2425 9805
2426 9809
2427 9813
2428 9817
2429 9821
2430 9825
2431 9829
2432 9833
2433 9837
2434 9841
2435 9845
2436 9849
2437 9853
2438 9857
2439 9861
2440 9865
2441 9869
2442 9873
2443 9877
2444 9881
2445 9885
2446 9889
2447 9893
2448 9897
2449 9901
2450 9905
2451 9909
2452 9913
2453 9917
2454 9921
2455 9925
2456 9929
2457 9933
2458 9937
2459 9941
2460 9945
2461 9949
2462 9953
2463 9957
2464 9961
2465 9965
2466 9969
2467 9973
2468 9977
2469 9981
2470 9985
2471 9989
2472 9993
2473 9997
2474 10001
2475 10005
2476 10009
2477 10013
2478 10017
2479 10021
2480 10025
2481 10029
2482 10033
2483 10037
2484 10041
2485 10045
2486 10049
2487 10053
2488 10057
2489 10061
2490 10065
2491 10069
2492 10073
2493 10077
2494 10081
2495 10085
2496 10089
2497 10093
2498 10097
2499 10101
2500 10105
2501 10109
2502 10113
2503 10117
2504 10121
2505 10125
2506 10129
2507 10133
2508 10137
2509 10141
2510 10145
2511 10149
2512 10153
2513 10157
2514 10161
2515 10165
2516 10169
2517 10173
2518 10177
2519 10181
2520 10185
2521 10189
2522 10193
2523 10197
2524 10201
2525 10205
2526 10209
2527 10213
2528 10217
2529 10221
2530 10225
2531 10229
2532 10233
2533 10237
2534 10241
2535 10245
2536 10249
2537 10253
2538 10257
2539 10261
2540 10265
2541 10269
2542 10273
2543 10277
2544 10281
2545 10285
2546 10289
2547 10293
2548 10297
2549 10301
2550 10305
2551 10309
2552 10313
2553 10317
2554 10321
2555 10325
2556 10329
2557 10333
2558 10337
2559 10341
2560 10345
2561 10349
2562 10353
2563 10357
2564 10361
2565 10365
2566 10369
2567 10373
2568 10377
2569 10381
2570 10385
2571 10389
2572 10393
2573 10397
2574 10401
2575 10405
2576 10409
2577 10413
2578 10417
2579 10421
2580 10425
2581 10429
2582 10433
2583 10437
2584 10441
2585 10445
2586 10449
2587 10453
2588 10457
2589 10461
2590 10465
2591 10469
2592 10473
2593 10477
2594 10481
2595 10485
2596 10489
2597 10493
2598 10497
2599 10501
2600 10505
2601 10509
2602 10513
2603 10517
2604 10521
2605 10525
2606 10529
2607 10533
2608 10537
2609 10541
2610 10545
2611 10549
2612 10553
2613 10557
2614 10561
2615 10565
2616 10569
2617 10573
2618 10577
2619 10581
2620 10585
2621 10589
2622 10593
2623 10597
2624 10601
2625 10605
2626 10609
2627 10613
2628 10617
2629 10621
2630 10625
2631 10629
2632 10633
2633 10637
2634 10641
2635 10645
2636 10649
2637 10653
2638 10657
2639 10661
2640 10665
2641 10669
2642 10673
2643 10677
2644 10681
2645 10685
2646 10689
2647 10693
2648 10697
2649 10701
2650 10705
2651 10709
2652 10713
2653 10717
2654 10721
2655 10725
2656 10729
2657 10733
2658 10737
2659 10741
2660 10745
2661 10749
2662 10753
2663 10757
2664 10761
2665 10765
2666 10769
2667 10773
2668 10777
2669 10781
2670 10785
2671 10789
2672 10793
2673 10797
2674 10801
2675 10805
2676 10809
2677 10813
2678 10817
2679 10821
2680 10825
2681 10829
2682 10833
2683 10837
2684 10841
2685 10845
2686 10849
2687 10853
2688 10857
2689 10861
2690 10865
2691 10869
2692 10873
2693 10877
2694 10881
2695 10885
2696 10889
2697 10893
2698 10897
2699 10901
2700 10905
2701 10909
2702 10913
2703 10917
2704 10921
2705 10925
2706 10929
2707 10933
2708 10937
2709 10941
2710 10945
2711 10949
2712 10953
2713 10957
2714 10961
2715 10965
2716 10969
2717 10973
2718 10977
2719 10981
2720 10985
2721 10989
2722 10993
2723 10997
2724 11001
2725 11005
2726 11009
2727 11013
2728 11017
2729 11021
2730 11025
2731 11029
2732 11033
2733 11037
2734 11041
2735 11045
2736 11049
2737 11053
2738 11057
2739 11061
2740 11065
2741 11069
2742 11073
2743 11077
2744 11081
2745 11085
2746 11089
2747 11093
2748 11097
2749 11101
2750 11104
2751 11108
2752 11112
2753 11116
2754 11120
2755 11124
2756 11127
2757 11131
2758 11135
2759 11139
2760 11143
2761 11147
2762 11151
2763 11155
2764 11159
2765 11163
2766 11167
2767 11171
2768 11175
2769 11179
2770 11183
2771 11187
2772 11191
2773 11195
2774 11199
2775 11203
2776 11207
2777 11211
2778 11215
2779 11219
2780 11223
2781 11227
2782 11231
2783 11235
2784 11239
2785 11243
2786 11247
2787 11251
2788 11255
2789 11259
2790 11263
2791 11267
2792 11271
2793 11275
2794 11279
2795 11283
2796 11287
2797 11291
2798 11295
2799 11299
2800 11303
2801 11307
2802 11311
2803 11315
2804 11319
2805 11323
2806 11327
2807 11331
2808 11335
2809 11339
2810 11343
2811 11347
2812 11351
2813 11355
2814 11359
2815 11363
2816 11367
2817 11371
2818 11375
2819 11379
2820 11383
2821 11387
2822 11391
2823 11395
2824 11399
2825 11403
2826 11407
2827 11411
2828 11415
2829 11419
2830 11423
2831 11427
2832 11431
2833 11435
2834 11439
2835 11443
2836 11447
2837 11451
2838 11455
2839 11459
2840 11463
2841 11467
2842 11471
2843 11475
2844 11479
2845 11483
2846 11487
2847 11491
2848 11495
2849 11499
2850 11503
2851 11507
2852 11511
2853 11515
2854 11519
2855 11523
2856 11527
2857 11531
2858 11535
2859 11539
2860 11543
2861 11547
2862 11551
2863 11555
2864 11559
2865 11563
2866 11567
2867 11571
2868 11575
2869 11579
2870 11583
2871 11587
2872 11591
2873 11595
2874 11599
2875 11603
2876 11607
2877 11611
2878 11615
2879 11619
2880 11623
2881 11627
2882 11631
2883 11635
2884 11639
2885 11643
2886 11647
2887 11651
2888 11655
2889 11659
2890 11663
2891 11667
2892 11671
2893 11675
2894 11679
2895 11683
2896 11687
2897 11691
2898 11695
2899 11699
2900 11703
2901 11707
2902 11711
2903 11715
2904 11719
2905 11723
2906 11727
2907 11731
2908 11735
2909 11739
2910 11743
2911 11747
2912 11751
2913 11755
2914 11759
2915 11763
2916 11767
2917 11771
2918 11775
2919 11779
2920 11783
2921 11787
2922 11791
2923 11795
