147 0
148 10
149 22
150 34
151 46
152 58
153 70
154 82
155 94
156 106
157 116
158 121
159 126
160 136
161 143
162 152
163 163
164 174
165 185
166 197
167 209
168 221
169 233
170 245
171 257
172 269
173 281
174 293
175 305
176 317
177 328
178 339
179 346
180 350
181 354
182 360
183 369
184 381
185 393
186 405
187 414
188 422
189 434
190 445
191 457
192 469
193 481
194 493
195 504
196 515
197 525
198 537
199 549
200 561
201 573
202 585
203 597
204 609
205 621
206 633
207 645
208 657
209 669
210 681
211 693
212 705
213 717
214 729
215 741
216 751
217 763
218 775
219 787
220 799
221 811
222 822
223 834
224 846
225 857
226 869
227 881
228 893
229 905
230 917
231 929
232 941
233 953
234 965
235 977
236 989
237 1001
238 1012
239 1023
240 1034
241 1045
242 1057
243 1069
244 1081
245 1092
246 1104
247 1114
248 1125
249 1135
250 1145
251 1156
252 1165
253 1175
254 1186
255 1192
256 1203
257 1215
258 1226
259 1238
260 1250
261 1262
262 1274
263 1286
264 1298
265 1310
266 1322
267 1334
268 1346
269 1358
270 1370
271 1382
272 1394
273 1406
274 1418
275 1430
276 1442
277 1454
278 1466
279 1478
280 1490
281 1502
282 1514
283 1526
284 1538
285 1550
286 1562
287 1574
288 1586
289 1598
290 1610
291 1622
292 1634
293 1645
294 1657
295 1669
296 1678
297 1683
298 1692
299 1704
300 1716
301 1728
302 1740
303 1752
304 1761
305 1773
306 1785
307 1797
308 1809
309 1820
310 1831
311 1842
312 1851
313 1858
314 1870
315 1881
316 1893
317 1902
318 1911
319 1916
320 1923
321 1935
322 1947
323 1959
324 1971
325 1983
326 1995
327 2007
328 2019
329 2031
330 2043
331 2055
332 2067
333 2079
334 2091
335 2103
336 2115
337 2127
338 2139
339 2151
340 2163
341 2175
342 2187
343 2199
344 2211
345 2223
346 2235
347 2247
348 2259
349 2271
350 2283
351 2295
352 2307
353 2319
354 2331
355 2343
356 2355
357 2367
358 2379
359 2391
360 2403
361 2413
362 2422
363 2434
364 2445
365 2455
366 2463
367 2475
368 2487
369 2498
370 2510
371 2520
372 2532
373 2544
374 2555
375 2566
376 2577
377 2587
378 2599
379 2611
380 2623
381 2633
382 2645
383 2657
384 2669
385 2681
386 2693
387 2705
388 2717
389 2729
390 2741
391 2749
392 2761
393 2772
394 2784
395 2796
396 2808
397 2820
398 2831
399 2843
400 2855
401 2867
402 2879
403 2891
404 2903
405 2913
406 2918
407 2929
408 2941
409 2952
410 2964
411 2976
412 2988
413 3000
414 3011
415 3023
416 3035
417 3047
418 3059
419 3071
420 3083
421 3095
422 3107
423 3119
424 3131
425 3143
426 3155
427 3166
428 3178
429 3190
430 3202
431 3214
432 3226
433 3236
434 3248
435 3260
436 3271
437 3282
438 3290
439 3302
440 3313
441 3324
442 3336
443 3348
444 3360
445 3372
446 3384
447 3396
448 3408
449 3420
450 3432
451 3444
452 3456
453 3468
454 3480
455 3492
456 3504
457 3516
458 3528
459 3540
460 3552
461 3564
462 3576
463 3587
464 3599
465 3607
466 3615
467 3627
469 3635
470 3647
471 3659
472 3670
473 3678
2526 3679
2527 3688
2528 3699
2529 3711
2530 3721
2531 3730
2532 3740
2533 3751
2534 3762
2535 3774
2536 3783
2537 3793
2538 3802
2539 3810
2540 3815
2541 3822
2542 3833
2543 3845
2544 3857
2545 3869
2546 3881
2547 3893
2548 3905
2549 3917
2550 3929
2551 3941
2552 3952
2553 3963
2554 3975
2555 3985
2556 3996
2557 4008
2558 4020
2559 4032
2560 4044
2561 4056
2562 4067
2563 4079
2564 4091
2565 4103
2566 4115
2567 4127
2568 4139
2569 4151
2570 4163
2571 4173
2572 4182
2573 4191
2574 4199
2575 4210
2576 4222
2577 4234
2578 4246
2579 4258
2580 4270
2581 4282
2582 4294
2583 4306
2584 4318
2585 4330
2586 4342
2587 4354
2588 4366
2589 4377
2590 4388
2591 4398
2592 4407
2593 4418
2594 4427
2595 4436
2596 4446
2597 4458
2598 4470
2599 4482
2600 4490
2601 4497
2602 4509
2603 4520
2604 4532
2605 4544
2606 4556
2607 4568
2608 4580
2609 4592
2610 4604
2611 4616
2612 4628
2613 4640
2614 4652
2615 4664
2616 4676
2617 4688
2618 4700
2619 4712
2620 4724
2621 4736
2622 4748
2623 4760
2624 4772
2625 4784
2626 4796
2627 4807
2629 4816
2630 4828
2631 4840
2632 4852
2633 4864
2634 4876
2635 4888
2636 4900
2637 4911
2638 4917
2639 4925
2640 4937
2641 4946
2642 4957
2643 4967
2644 4974
2645 4983
2646 4993
2647 5004
2649 5020
2650 5028
2651 5036
2652 5046
2653 5058
2654 5068
2655 5080
2656 5090
2657 5102
2658 5114
2659 5126
2660 5138
2661 5150
2662 5162
2663 5174
2664 5186
2665 5198
2666 5210
2667 5222
2668 5232
2669 5245
2670 5255
2671 5258
2672 5267
2673 5275
2674 5286
2675 5298
2676 5311
2677 5322
2678 5334
2679 5347
2680 5358
2681 5370
2682 5382
2683 5394
2684 5406
2685 5418
2686 5430
2687 5442
2688 5452
2689 5464
2690 5474
2691 5486
2692 5498
2693 5507
2694 5517
2695 5528
2696 5538
2697 5548
2698 5557
2699 5568
2700 5578
2701 5588
2702 5595
2703 5602
2704 5610
2705 5620
2706 5626
2707 5635
2708 5647
2709 5659
2710 5671
2711 5683
2712 5695
2713 5707
2714 5719
2715 5731
2716 5743
2717 5755
2718 5767
2719 5779
2720 5791
2721 5803
2722 5815
2723 5827
2724 5839
2725 5849
2727 5859
2728 5860
2729 5865
2730 5872
2731 5883
2732 5891
2733 5901
2734 5912
2735 5923
2736 5932
2737 5942
2738 5954
2739 5966
2740 5977
2741 5987
2742 5997
2743 6004
2744 6015
2745 6027
2746 6039
2747 6047
2748 6051
2749 6058
2750 6066
2751 6073
2752 6085
2753 6097
2754 6109
2755 6121
2756 6133
2757 6145
2758 6157
2759 6169
2760 6179
2761 6191
2762 6203
2763 6214
2764 6224
2765 6231
2766 6237
2767 6244
2768 6256
2769 6266
2770 6275
2771 6287
2772 6297
2773 6303
2774 6307
2775 6314
2776 6321
2779 6324
2782 6327
2783 6329
2791 6339
2793 6340
2797 6341
2798 6343
2799 6344
2801 6346
2802 6354
2804 6359
2809 6366
2813 6374
2814 6386
2815 6398
2816 6410
2817 6422
2818 6434
2819 6446
2820 6458
2821 6470
2822 6482
2823 6494
2824 6506
2825 6518
2826 6530
