506 0
507 3
508 7
509 10
510 14
511 18
512 22
513 26
514 30
515 34
516 38
517 42
518 46
519 50
520 54
521 58
522 62
523 66
524 70
525 74
526 78
527 82
528 86
529 90
530 94
531 98
532 102
533 106
534 110
535 113
536 116
537 118
538 120
539 121
540 123
541 124
542 126
543 129
544 132
545 136
546 139
547 141
548 143
549 146
550 149
551 152
552 156
553 160
554 163
555 166
556 170
557 174
558 177
559 181
560 185
561 189
562 193
563 197
564 201
565 205
566 209
567 213
568 217
569 221
570 225
571 229
572 233
573 237
574 241
575 245
576 249
577 253
578 257
579 261
580 265
581 269
582 273
583 277
584 281
585 285
586 289
587 293
588 297
589 301
590 305
591 309
592 313
593 317
594 320
595 324
596 328
597 332
598 336
599 339
600 341
601 345
602 346
603 347
604 348
605 350
606 351
607 353
608 354
609 356
610 357
611 360
612 362
613 366
614 369
615 373
616 377
617 381
618 385
619 389
620 393
621 397
622 401
623 405
624 409
625 413
626 414
627 416
628 418
629 422
630 426
631 430
632 434
633 438
634 442
635 445
636 449
637 453
638 457
639 461
640 465
641 469
642 473
643 477
644 481
645 485
646 489
647 493
648 497
649 501
650 504
651 507
652 511
653 515
654 518
655 521
656 525
657 529
658 533
659 537
660 541
661 545
662 549
663 553
664 557
665 561
666 565
667 569
668 573
669 577
670 581
671 585
672 589
673 593
674 597
675 601
676 605
677 609
678 613
679 617
680 621
681 625
682 629
683 633
684 637
685 641
686 645
687 649
688 653
689 657
690 661
691 665
692 669
693 673
694 677
695 681
696 685
697 689
698 693
699 697
700 701
701 705
702 709
703 713
704 717
705 721
706 725
707 729
708 733
709 737
710 741
711 745
712 748
713 751
714 755
715 759
716 763
717 767
718 771
719 775
720 779
721 783
722 787
723 791
724 795
725 799
726 803
727 807
728 811
729 814
730 818
731 822
732 826
733 830
734 834
735 838
736 842
737 846
738 849
739 853
740 857
741 861
742 865
743 869
744 873
745 877
746 881
747 885
748 889
749 893
750 897
751 901
752 905
753 909
754 913
755 917
756 921
757 925
758 929
759 933
760 937
761 941
762 945
763 949
764 953
765 957
766 961
767 965
768 969
769 973
770 977
771 981
772 985
773 989
774 993
775 997
776 1001
777 1005
778 1009
779 1012
780 1016
781 1019
782 1023
783 1026
784 1030
785 1034
786 1038
787 1042
788 1045
789 1049
790 1053
791 1057
792 1061
793 1065
794 1069
795 1073
796 1077
797 1081
798 1085
799 1089
800 1092
801 1096
802 1100
803 1104
804 1108
805 1111
806 1114
807 1117
808 1121
809 1125
810 1128
811 1131
812 1135
813 1138
814 1142
815 1145
816 1149
817 1153
818 1156
819 1159
820 1162
821 1165
822 1168
823 1171
824 1175
825 1179
826 1183
827 1186
828 1188
829 1190
830 1192
831 1195
832 1199
833 1203
834 1207
835 1211
836 1215
837 1219
838 1222
839 1226
840 1230
841 1234
842 1238
843 1242
844 1246
845 1250
846 1254
847 1258
848 1262
849 1266
850 1270
851 1274
852 1278
853 1282
854 1286
855 1290
856 1294
857 1298
858 1302
859 1306
860 1310
861 1314
862 1318
863 1322
864 1326
865 1330
866 1334
867 1338
868 1342
869 1346
870 1350
871 1354
872 1358
873 1362
874 1366
875 1370
876 1374
877 1378
878 1382
879 1386
880 1390
881 1394
882 1398
883 1402
884 1406
885 1410
886 1414
887 1418
888 1422
889 1426
890 1430
891 1434
892 1438
893 1442
894 1446
895 1450
896 1454
897 1458
898 1462
899 1466
900 1470
901 1474
902 1478
903 1482
904 1486
905 1490
906 1494
907 1498
908 1502
909 1506
910 1510
911 1514
912 1518
913 1522
914 1526
915 1530
916 1534
917 1538
918 1542
919 1546
920 1550
921 1554
922 1558
923 1562
924 1566
925 1570
926 1574
927 1578
928 1582
929 1586
930 1590
931 1594
932 1598
933 1602
934 1606
935 1609
936 1613
937 1618
938 1622
939 1626
940 1630
941 1634
942 1637
943 1641
944 1644
945 1648
946 1652
947 1657
948 1661
949 1665
950 1669
951 1673
952 1675
953 1677
954 1679
955 1681
956 1683
957 1685
958 1688
959 1692
960 1696
961 1700
962 1703
963 1707
964 1711
965 1715
966 1719
967 1723
968 1728
969 1732
970 1736
971 1739
972 1743
973 1747
974 1751
975 1755
976 1758
977 1760
978 1765
979 1768
980 1772
981 1776
982 1780
983 1784
984 1788
985 1792
986 1796
987 1800
988 1804
989 1808
990 1812
991 1816
992 1819
993 1823
994 1826
995 1830
996 1834
997 1838
998 1842
999 1845
1000 1848
1001 1850
1002 1854
1003 1855
1004 1857
1005 1861
1006 1865
1007 1869
1008 1872
1009 1876
1010 1880
1011 1884
1012 1888
1013 1892
1014 1896
1015 1899
1016 1902
1017 1904
1018 1907
1019 1911
1020 1912
1021 1914
1022 1916
1023 1918
1024 1920
1025 1923
1026 1926
1027 1930
1028 1934
1029 1938
1030 1942
1031 1946
1032 1950
1033 1954
1034 1958
1035 1962
1036 1966
1037 1970
1038 1974
1039 1978
1040 1982
1041 1986
1042 1990
1043 1994
1044 1998
1045 2002
1046 2006
1047 2010
1048 2014
1049 2018
1050 2022
1051 2026
1052 2030
1053 2034
1054 2038
1055 2042
1056 2046
1057 2050
1058 2054
1059 2058
1060 2062
1061 2066
1062 2070
1063 2074
1064 2078
1065 2082
1066 2086
1067 2090
1068 2094
1069 2098
1070 2102
1071 2106
1072 2110
1073 2114
1074 2118
1075 2122
1076 2126
1077 2130
1078 2134
1079 2138
1080 2142
1081 2146
1082 2150
1083 2154
1084 2158
1085 2162
1086 2166
1087 2170
1088 2174
1089 2178
1090 2182
1091 2186
1092 2190
1093 2194
1094 2198
1095 2202
1096 2206
1097 2210
1098 2214
1099 2218
1100 2222
1101 2226
1102 2230
1103 2234
1104 2238
1105 2242
1106 2246
1107 2250
1108 2254
1109 2258
1110 2262
1111 2266
1112 2270
1113 2274
1114 2278
1115 2282
1116 2286
1117 2290
1118 2294
1119 2298
1120 2302
1121 2306
1122 2310
1123 2314
1124 2318
1125 2322
1126 2326
1127 2330
1128 2334
1129 2338
1130 2342
1131 2346
1132 2350
1133 2354
1134 2358
1135 2362
1136 2366
1137 2370
1138 2374
1139 2378
1140 2382
1141 2386
1142 2390
1143 2394
1144 2398
1145 2402
1146 2406
1147 2410
1148 2412
1149 2416
1150 2419
1151 2421
1152 2425
1153 2429
1154 2433
1155 2437
1156 2441
1157 2445
1158 2448
1159 2451
1160 2454
1161 2458
1162 2460
1163 2463
1164 2466
1165 2470
1166 2474
1167 2478
1168 2482
1169 2486
1170 2490
1171 2494
1172 2497
1173 2501
1174 2505
1175 2509
1176 2513
1177 2515
1178 2519
1179 2523
1180 2527
1181 2531
1182 2535
1183 2539
1184 2543
1185 2547
1186 2551
1187 2555
1188 2558
1189 2562
1190 2565
1191 2569
1192 2573
1193 2576
1194 2579
1195 2583
1196 2587
1197 2590
1198 2594
1199 2598
1200 2602
1201 2606
1202 2610
1203 2614
1204 2618
1205 2622
1206 2624
1207 2628
1208 2632
1209 2636
1210 2640
1211 2644
1212 2648
1213 2652
1214 2656
1215 2660
1216 2664
1217 2668
1218 2672
1219 2676
1220 2680
1221 2684
1222 2688
1223 2692
1224 2696
1225 2700
1226 2704
1227 2708
1228 2712
1229 2716
1230 2720
1231 2724
1232 2728
1233 2732
1234 2736
1235 2740
1236 2744
1237 2747
1238 2749
1239 2752
1240 2756
1241 2760
1242 2763
1243 2767
1244 2771
1245 2775
1246 2779
1247 2783
1248 2787
1249 2791
1250 2795
1251 2799
1252 2803
1253 2807
1254 2811
1255 2815
1256 2819
1257 2823
1258 2827
1259 2831
1260 2834
1261 2838
1262 2842
1263 2846
1264 2850
1265 2854
1266 2858
1267 2862
1268 2866
1269 2870
1270 2874
1271 2878
1272 2882
1273 2886
1274 2890
1275 2894
1276 2898
1277 2902
1278 2906
1279 2910
1280 2913
1282 2914
1283 2917
1284 2921
1285 2924
1286 2928
1287 2932
1288 2936
1289 2940
1290 2944
1291 2948
1292 2951
1293 2955
1294 2959
1295 2963
1296 2967
1297 2971
1298 2975
1299 2979
1300 2983
1301 2987
1302 2991
1303 2995
1304 2999
1305 3002
1306 3006
1307 3010
1308 3014
1309 3018
1310 3022
1311 3026
1312 3030
1313 3034
1314 3038
1315 3042
1316 3046
1317 3050
1318 3054
1319 3058
1320 3062
1321 3066
1322 3070
1323 3074
1324 3078
1325 3082
1326 3086
1327 3090
1328 3094
1329 3098
1330 3102
1331 3106
1332 3110
1333 3114
1334 3118
1335 3122
1336 3126
1337 3130
1338 3134
1339 3138
1340 3142
1341 3146
1342 3150
1343 3154
1344 3158
1345 3161
1346 3165
1347 3169
1348 3173
1349 3177
1350 3181
1351 3185
1352 3189
1353 3193
1354 3197
1355 3201
1356 3205
1357 3209
1358 3213
1359 3217
1360 3221
1361 3225
1362 3228
1363 3231
1364 3235
1365 3239
1366 3243
1367 3247
1368 3251
1369 3255
1370 3259
1371 3263
1372 3266
1373 3270
1374 3274
1375 3277
1376 3281
1377 3284
1378 3286
1379 3290
1380 3293
1381 3297
1382 3301
1383 3304
1384 3308
1385 3312
1386 3315
1387 3319
1388 3323
1389 3327
1390 3331
1391 3335
1392 3339
1393 3343
1394 3347
1395 3351
1396 3355
1397 3359
1398 3363
1399 3367
1400 3371
1401 3375
1402 3379
1403 3383
1404 3387
1405 3391
1406 3395
1407 3399
1408 3403
1409 3407
1410 3411
1411 3415
1412 3419
1413 3423
1414 3427
1415 3431
1416 3435
1417 3439
1418 3443
1419 3447
1420 3451
1421 3455
1422 3459
1423 3463
1424 3467
1425 3471
1426 3475
1427 3479
1428 3483
1429 3487
1430 3491
1431 3495
1432 3499
1433 3503
1434 3507
1435 3511
1436 3515
1437 3519
1438 3523
1439 3527
1440 3531
1441 3535
1442 3539
1443 3543
1444 3547
1445 3551
1446 3555
1447 3559
1448 3563
1449 3567
1450 3571
1451 3575
1452 3579
1453 3583
1454 3586
1455 3590
1456 3594
1457 3598
1458 3602
1459 3605
1460 3607
1461 3608
1462 3610
1463 3614
1464 3618
1465 3622
1466 3626
1467 3630
1468 3632
1471 3633
1472 3635
1473 3638
1474 3642
1475 3646
1476 3650
1477 3654
1478 3658
1479 3662
1480 3666
1481 3669
1482 3673
1483 3676
1484 3678
7643 3679
7644 3681
7645 3684
7646 3687
7647 3691
7648 3694
7649 3698
7650 3702
7651 3706
7652 3710
7653 3714
7654 3718
7655 3721
7656 3724
7657 3726
7658 3729
7659 3732
7660 3736
7661 3739
7662 3743
7663 3747
7664 3750
7665 3754
7666 3757
7667 3761
7668 3765
7669 3769
7670 3773
7671 3777
7672 3780
7673 3782
7674 3785
7675 3789
7676 3792
7677 3796
7678 3799
7679 3802
7680 3805
7681 3808
7682 3810
7683 3811
7684 3813
7685 3815
7686 3818
7687 3821
7688 3822
7689 3824
7690 3828
7691 3832
7692 3836
7693 3840
7694 3844
7695 3848
7696 3852
7697 3856
7698 3860
7699 3864
7700 3868
7701 3872
7702 3876
7703 3880
7704 3884
7705 3888
7706 3892
7707 3896
7708 3900
7709 3904
7710 3908
7711 3912
7712 3916
7713 3920
7714 3924
7715 3928
7716 3932
7717 3936
7718 3940
7719 3943
7720 3947
7721 3951
7722 3955
7723 3958
7724 3962
7725 3966
7726 3970
7727 3974
7728 3978
7729 3981
7730 3984
7731 3988
7732 3991
7733 3995
7734 3999
7735 4003
7736 4007
7737 4011
7738 4015
7739 4019
7740 4023
7741 4027
7742 4031
7743 4035
7744 4039
7745 4043
7746 4047
7747 4051
7748 4055
7749 4059
7750 4063
7751 4067
7752 4070
7753 4074
7754 4078
7755 4082
7756 4086
7757 4090
7758 4094
7759 4098
7760 4102
7761 4106
7762 4110
7763 4114
7764 4118
7765 4122
7766 4126
7767 4130
7768 4134
7769 4138
7770 4142
7771 4146
7772 4150
7773 4154
7774 4158
7775 4162
7776 4166
7777 4170
7778 4173
7779 4176
7780 4179
7781 4182
7782 4184
7783 4187
7784 4190
7785 4193
7786 4197
7787 4199
7788 4201
7789 4205
7790 4209
7791 4213
7792 4217
7793 4221
7794 4225
7795 4229
7796 4233
7797 4237
7798 4241
7799 4245
7800 4249
7801 4253
7802 4257
7803 4261
7804 4265
7805 4269
7806 4273
7807 4277
7808 4281
7809 4285
7810 4289
7811 4293
7812 4297
7813 4301
7814 4305
7815 4309
7816 4313
7817 4317
7818 4321
7819 4325
7820 4329
7821 4333
7822 4337
7823 4341
7824 4345
7825 4349
7826 4353
7827 4357
7828 4361
7829 4365
7830 4369
7831 4372
7832 4376
7833 4379
7834 4383
7835 4387
7836 4391
7837 4395
7838 4398
7839 4401
7840 4403
7841 4406
7842 4410
7843 4414
7844 4417
7845 4420
7846 4423
7847 4426
7848 4429
7849 4433
7850 4436
7851 4438
7852 4441
7853 4445
7854 4449
7855 4453
7856 4457
7857 4461
7858 4465
7859 4469
7860 4473
7861 4477
7862 4481
7863 4485
7864 4487
7865 4490
7866 4492
7867 4495
7868 4497
7869 4500
7870 4504
7871 4508
7872 4511
7873 4515
7874 4519
7875 4523
7876 4527
7877 4531
7878 4535
7879 4539
7880 4543
7881 4547
7882 4551
7883 4555
7884 4559
7885 4563
7886 4567
7887 4571
7888 4575
7889 4579
7890 4583
7891 4587
7892 4591
7893 4595
7894 4599
7895 4603
7896 4607
7897 4611
7898 4615
7899 4619
7900 4623
7901 4627
7902 4631
7903 4635
7904 4639
7905 4643
7906 4647
7907 4651
7908 4655
7909 4659
7910 4663
7911 4667
7912 4671
7913 4675
7914 4679
7915 4683
7916 4687
7917 4691
7918 4695
7919 4699
7920 4703
7921 4707
7922 4711
7923 4715
7924 4719
7925 4723
7926 4727
7927 4731
7928 4735
7929 4739
7930 4743
7931 4747
7932 4751
7933 4755
7934 4759
7935 4763
7936 4767
7937 4771
7938 4775
7939 4779
7940 4783
7941 4787
7942 4791
7943 4795
7944 4799
7945 4803
7946 4806
7948 4808
7949 4809
7950 4810
7951 4811
7952 4815
7953 4819
7954 4823
7955 4827
7956 4831
7957 4835
7958 4839
7959 4843
7960 4847
7961 4851
7962 4855
7963 4859
7964 4863
7965 4867
7966 4871
7967 4875
7968 4879
7969 4883
7970 4887
7971 4891
7972 4895
7973 4899
7974 4902
7975 4906
7976 4910
7977 4914
7978 4915
7979 4917
7980 4919
7981 4922
7982 4924
7983 4928
7984 4932
7985 4936
7986 4940
7987 4943
7988 4945
7989 4948
7990 4952
7991 4956
7992 4959
7993 4962
7994 4966
7995 4970
7996 4971
7997 4973
7998 4977
7999 4981
8000 4983
8001 4984
8002 4988
8003 4992
8004 4996
8005 4999
8006 5003
8007 5006
8008 5009
8009 5011
8010 5012
8011 5015
8012 5019
8013 5022
8014 5024
8015 5028
8016 5031
8017 5034
8018 5036
8019 5039
8020 5042
8021 5045
8022 5049
8023 5053
8024 5057
8025 5061
8026 5063
8027 5067
8028 5071
8029 5075
8030 5079
8031 5083
8032 5087
8033 5090
8034 5093
8035 5097
8036 5101
8037 5105
8038 5109
8039 5113
8040 5117
8041 5121
8042 5125
8043 5129
8044 5133
8045 5137
8046 5141
8047 5145
8048 5149
8049 5153
8050 5157
8051 5161
8052 5165
8053 5169
8054 5173
8055 5177
8056 5181
8057 5185
8058 5189
8059 5193
8060 5197
8061 5201
8062 5205
8063 5209
8064 5213
8065 5217
8066 5221
8067 5225
8068 5228
8069 5232
8070 5236
8071 5240
8072 5244
8073 5248
8074 5252
8075 5255
8077 5257
8078 5258
8079 5260
8080 5263
8081 5266
8082 5270
8083 5272
8084 5274
8085 5278
8086 5282
8087 5286
8088 5290
8089 5294
8090 5298
8091 5302
8092 5306
8093 5310
8094 5314
8095 5318
8096 5322
8097 5326
8098 5330
8099 5334
8100 5338
8101 5342
8102 5346
8103 5350
8104 5354
8105 5358
8106 5362
8107 5366
8108 5370
8109 5374
8110 5378
8111 5382
8112 5386
8113 5390
8114 5394
8115 5398
8116 5402
8117 5406
8118 5410
8119 5414
8120 5418
8121 5422
8122 5426
8123 5430
8124 5434
8125 5438
8126 5442
8127 5445
8128 5448
8129 5452
8130 5456
8131 5460
8132 5464
8133 5467
8134 5471
8135 5474
8136 5478
8137 5482
8138 5486
8139 5490
8140 5494
8141 5498
8142 5501
8143 5504
8144 5507
8145 5510
8146 5513
8147 5517
8148 5521
8149 5525
8150 5528
8151 5532
8152 5535
8153 5538
8154 5541
8155 5544
8156 5548
8157 5551
8158 5554
8159 5557
8160 5560
8161 5564
8162 5568
8163 5572
8164 5576
8165 5578
8166 5581
8167 5585
8168 5588
8169 5591
8170 5594
8171 5595
8172 5597
8173 5600
8174 5602
8175 5604
8176 5606
8177 5610
8178 5613
8179 5616
8180 5620
8181 5623
8182 5625
8183 5626
8184 5629
8185 5632
8186 5635
8187 5639
8188 5643
8189 5647
8190 5651
8191 5655
8192 5659
8193 5663
8194 5667
8195 5671
8196 5675
8197 5679
8198 5683
8199 5687
8200 5691
8201 5695
8202 5699
8203 5703
8204 5707
8205 5711
8206 5715
8207 5719
8208 5723
8209 5727
8210 5731
8211 5735
8212 5739
8213 5743
8214 5747
8215 5751
8216 5755
8217 5759
8218 5763
8219 5767
8220 5771
8221 5775
8222 5779
8223 5783
8224 5787
8225 5791
8226 5795
8227 5799
8228 5803
8229 5807
8230 5811
8231 5815
8232 5819
8233 5823
8234 5827
8235 5831
8236 5835
8237 5839
8238 5843
8239 5847
8240 5849
8241 5851
8242 5853
8243 5854
8244 5856
8245 5857
8246 5859
8249 5860
8250 5861
8251 5863
8252 5865
8253 5867
8254 5869
8255 5872
8256 5876
8257 5880
8258 5883
8259 5887
8260 5888
8261 5891
8262 5894
8263 5897
8264 5901
8265 5904
8266 5908
8267 5912
8268 5916
8269 5920
8270 5923
8271 5926
8272 5928
8273 5932
8274 5935
8275 5938
8276 5942
8277 5946
8278 5950
8279 5954
8280 5958
8281 5962
8282 5966
8283 5969
8284 5973
8285 5977
8286 5981
8287 5984
8288 5987
8289 5990
8290 5994
8291 5997
8292 6000
8293 6002
8294 6004
8295 6007
8296 6011
8297 6015
8298 6019
8299 6023
8300 6027
8301 6031
8302 6035
8303 6039
8304 6041
8305 6044
8306 6047
8307 6049
8308 6050
8309 6051
8310 6054
8311 6056
8312 6058
8313 6061
8314 6064
8315 6066
8316 6067
8317 6069
8318 6073
8319 6077
8320 6081
8321 6085
8322 6089
8323 6093
8324 6097
8325 6101
8326 6105
8327 6109
8328 6113
8329 6117
8330 6121
8331 6125
8332 6129
8333 6133
8334 6137
8335 6141
8336 6145
8337 6149
8338 6153
8339 6157
8340 6161
8341 6165
8342 6169
8343 6173
8344 6176
8345 6179
8346 6183
8347 6187
8348 6191
8349 6195
8350 6199
8351 6203
8352 6207
8353 6210
8354 6214
8355 6217
8356 6221
8357 6224
8358 6227
8359 6229
8360 6231
8361 6232
8362 6234
8363 6237
8364 6239
8365 6243
8366 6244
8367 6248
8368 6252
8369 6256
8370 6260
8371 6263
8372 6266
8373 6270
8374 6273
8375 6275
8376 6279
8377 6283
8378 6287
8379 6291
8380 6294
8381 6297
8382 6299
8383 6301
8384 6303
8385 6305
8386 6306
8387 6307
8388 6309
8389 6311
8390 6314
8391 6317
8392 6320
8393 6321
8394 6323
8402 6324
8403 6325
8410 6326
8411 6327
8413 6328
8414 6329
8418 6331
8419 6334
8422 6336
8428 6338
8438 6339
8443 6340
8456 6341
8458 6342
8459 6343
8462 6344
8463 6345
8468 6346
8469 6350
8470 6353
8471 6354
8475 6355
8476 6356
8477 6359
8478 6360
8490 6362
8491 6364
8492 6366
8502 6367
8503 6370
8504 6374
8505 6378
8506 6382
8507 6386
8508 6390
8509 6394
8510 6398
8511 6402
8512 6406
8513 6410
8514 6414
8515 6418
8516 6422
8517 6426
8518 6430
8519 6434
8520 6438
8521 6442
8522 6446
8523 6450
8524 6454
8525 6458
8526 6462
8527 6466
8528 6470
8529 6474
8530 6478
8531 6482
8532 6486
8533 6490
8534 6494
8535 6498
8536 6502
8537 6506
8538 6510
8539 6514
8540 6518
8541 6522
8542 6526
8543 6530
8544 6534
8545 6538
