0 334
1 346
2 358
3 370
4 382
5 394
6 406
7 418
8 430
9 442
10 454
11 466
12 478
13 490
14 502
15 514
16 526
17 538
18 549
19 559
20 571
21 583
22 595
23 606
24 618
25 630
26 642
27 654
28 666
29 676
30 684
31 695
32 707
33 718
34 722
35 725
36 729
37 738
38 747
39 756
40 768
41 780
42 792
43 804
44 816
45 828
46 840
47 852
48 862
49 871
50 883
51 895
52 907
53 919
54 931
55 943
56 954
57 961
58 972
59 977
60 985
61 996
62 1006
63 1018
64 1023
65 1031
66 1043
67 1055
68 1067
69 1079
70 1091
71 1103
72 1115
73 1126
74 1137
75 1149
76 1161
77 1173
78 1185
79 1197
80 1209
81 1221
82 1233
83 1245
84 1257
85 1269
86 1281
87 1293
88 1305
89 1317
90 1329
91 1341
92 1353
93 1365
94 1377
95 1389
96 1401
97 1413
98 1425
99 1437
100 1449
101 1461
102 1473
103 1485
104 1497
105 1509
106 1521
107 1533
108 1545
109 1557
110 1569
111 1581
112 1593
113 1605
114 1617
115 1629
116 1641
117 1653
118 1665
119 1677
120 1689
121 1701
122 1713
123 1725
124 1737
125 1749
126 1761
127 1773
128 1785
129 1797
130 1809
131 1821
132 1833
133 1845
134 1857
135 1869
136 1880
137 1892
138 1904
139 1915
140 1925
141 1937
142 1949
143 1961
144 1973
145 1985
146 1997
147 2009
148 2021
151 2038
152 2049
153 2061
154 2073
155 2085
156 2097
157 2109
158 2121
159 2133
160 2145
161 2157
162 2169
164 2178
165 2190
166 2200
167 2212
168 2220
169 2226
170 2232
171 2240
172 2250
173 2260
174 2269
175 2277
176 2282
177 2293
178 2303
179 2314
180 2322
181 2330
182 2336
183 2343
184 2347
185 2354
186 2361
187 2364
188 2371
189 2383
190 2390
191 2400
192 2405
193 2414
194 2421
195 2430
196 2442
197 2454
198 2466
199 2476
200 2488
201 2499
202 2511
203 2523
204 2535
205 2547
206 2559
207 2571
208 2583
209 2594
210 2601
211 2611
212 2622
213 2633
214 2643
215 2652
216 2661
217 2672
218 2684
219 2696
220 2708
221 2720
222 2732
223 2738
225 2740
226 2749
227 2760
228 2771
229 2783
230 2795
231 2807
232 2819
233 2827
234 2833
235 2844
236 2856
237 2867
238 2876
239 2888
240 2899
241 2906
242 2918
243 2930
244 2941
245 2953
246 2962
247 2971
248 2981
249 2990
250 2999
251 3006
252 3012
253 3024
254 3036
255 3044
256 3052
257 3059
260 3062
261 3067
262 3076
263 3085
264 3094
265 3103
266 3111
267 3118
268 3120
269 3126
270 3132
273 3143
274 3154
275 3165
276 3177
277 3189
278 3201
279 3213
280 3225
281 3237
282 3249
283 3261
284 3273
285 3285
286 3297
287 3309
288 3321
289 3333
290 3345
291 3357
292 3369
293 3381
294 3393
295 3405
296 3413
297 3423
298 3434
299 3446
300 3458
301 3470
302 3482
303 3494
304 3505
305 3517
306 3529
307 3540
308 3551
309 3563
310 3575
311 3587
312 3599
313 3611
314 3623
315 3635
316 3647
317 3659
318 3668
319 3676
320 3685
321 3692
322 3701
323 3712
324 3720
325 3730
326 3738
327 3743
328 3748
329 3760
330 3768
332 3777
333 3784
334 3791
335 3798
336 3808
337 3820
338 3831
339 3843
340 3855
341 3867
342 3879
343 3891
344 3903
345 3915
346 3925
347 3936
348 3948
349 3959
350 3971
351 3983
352 3992
353 4003
354 4014
355 4026
356 4038
357 4048
358 4058
359 4068
360 4079
361 4091
362 4103
363 4112
364 4124
365 4133
366 4145
367 4157
368 4164
369 4176
370 4179
371 4189
372 4199
373 4209
374 4220
375 4231
376 4243
377 4255
382 4261
383 4263
384 4266
385 4278
386 4290
387 4302
388 4314
389 4323
392 4325
393 4334
394 4342
395 4350
396 4355
397 4367
398 4376
399 4386
400 4396
401 4404
402 4414
403 4424
404 4436
405 4447
406 4456
407 4461
408 4471
409 4483
410 4495
411 4506
412 4518
413 4529
414 4540
415 4550
416 4562
417 4573
418 4585
419 4597
420 4603
421 4612
422 4623
423 4634
424 4646
425 4658
426 4670
427 4682
428 4694
429 4706
430 4718
431 4730
432 4742
433 4753
434 4765
435 4777
436 4789
437 4801
438 4813
439 4825
440 4837
441 4849
442 4860
443 4870
444 4882
445 4894
446 4906
447 4918
448 4930
449 4942
450 4954
451 4966
452 4978
453 4990
454 5002
455 5014
456 5026
457 5038
459 5049
460 5061
461 5072
462 5083
463 5094
464 5105
465 5117
466 5129
467 5141
468 5153
469 5164
470 5176
471 5188
472 5200
473 5212
474 5224
475 5236
476 5248
477 5260
478 5272
479 5284
480 5296
481 5308
482 5320
483 5332
484 5344
485 5356
486 5368
487 5380
488 5392
489 5403
490 5415
491 5427
492 5439
493 5451
494 5463
495 5475
496 5486
497 5496
499 5509
500 5519
501 5528
502 5537
503 5546
504 5555
505 5564
506 5573
507 5584
508 5593
509 5601
510 5610
511 5618
513 5627
514 5637
515 5645
516 5655
517 5667
518 5679
519 5688
520 5700
521 5709
522 5719
523 5727
524 5736
525 5740
526 5747
527 5752
528 5758
529 5765
530 5772
531 5778
532 5785
533 5793
534 5801
535 5812
536 5820
537 5827
538 5839
539 5849
540 5859
541 5871
542 5883
543 5895
544 5907
545 5919
546 5931
547 5943
548 5955
549 5967
550 5978
551 5987
552 5995
553 6006
554 6018
555 6030
556 6041
557 6049
558 6060
559 6072
560 6084
561 6096
562 6108
563 6120
564 6131
565 6143
566 6153
567 6165
568 6176
569 6188
570 6200
571 6211
572 6224
573 6236
574 6247
575 6259
576 6272
577 6283
578 6294
579 6301
580 6302
581 6305
582 6308
583 6314
584 6321
585 6329
586 6337
587 6348
588 6354
589 6359
590 6364
591 6371
592 6383
593 6393
594 6405
595 6417
596 6429
597 6441
598 6452
599 6463
600 6475
601 6484
602 6493
603 6503
604 6510
605 6522
606 6534
607 6546
608 6558
609 6570
610 6582
611 6594
612 6605
613 6617
614 6628
615 6639
616 6651
617 6663
618 6675
619 6687
620 6699
621 6710
622 6722
623 6733
624 6745
625 6757
626 6769
627 6781
628 6793
629 6805
630 6815
631 6825
632 6837
633 6849
634 6861
635 6873
636 6885
637 6897
638 6909
639 6921
640 6933
641 6945
642 6957
643 6969
644 6981
645 6993
646 7005
647 7017
648 7029
649 7041
650 7053
651 7065
652 7077
653 7089
654 7101
655 7112
656 7124
657 7136
658 7148
659 7156
661 7165
662 7170
663 7182
664 7191
665 7202
666 7212
667 7224
668 7235
669 7247
670 7259
671 7271
672 7278
673 7290
674 7295
675 7298
676 7307
677 7319
678 7331
679 7343
680 7355
681 7367
682 7379
683 7391
684 7403
685 7415
686 7427
687 7439
688 7451
689 7463
690 7472
691 7483
692 7495
693 7507
694 7518
695 7530
696 7541
697 7552
698 7564
699 7576
700 7588
701 7600
702 7612
703 7624
704 7636
705 7648
706 7660
707 7672
708 7684
709 7696
710 7708
711 7720
712 7731
713 7741
714 7753
715 7765
716 7777
717 7789
718 7798
719 7805
720 7817
721 7829
722 7841
723 7851
724 7863
725 7875
726 7887
727 7899
728 7911
729 7923
730 7935
731 7947
732 7959
733 7971
734 7983
735 7995
736 8007
737 8019
738 8031
739 8043
740 8055
741 8067
742 8079
743 8091
744 8103
745 8115
746 8127
747 8138
748 8149
749 8161
750 8173
751 8185
752 8197
753 8209
754 8221
755 8233
756 8245
757 8257
758 8269
759 8281
760 8291
761 8303
762 8315
763 8327
764 8339
765 8351
766 8363
767 8375
768 8381
770 8388
771 8396
772 8405
773 8407
775 8415
776 8427
777 8439
778 8451
779 8463
780 8475
781 8486
782 8498
783 8510
784 8521
785 8533
786 8545
787 8556
788 8568
789 8580
790 8592
791 8604
792 8616
793 8628
794 8639
795 8650
796 8662
797 8674
798 8686
799 8695
800 8704
801 8716
802 8727
803 8739
804 8751
805 8763
806 8775
807 8787
808 8798
809 8808
810 8820
811 8832
812 8844
813 8856
814 8866
815 8878
816 8890
817 8902
818 8913
819 8923
820 8931
821 8941
822 8953
823 8964
824 8974
825 8986
826 8998
827 9008
828 9020
829 9031
830 9043
831 9054
832 9065
833 9074
834 9084
835 9096
836 9108
837 9120
838 9132
839 9144
840 9156
841 9168
842 9180
843 9192
844 9203
845 9215
846 9226
847 9238
848 9249
849 9261
850 9271
851 9283
852 9294
853 9306
854 9315
855 9326
856 9337
857 9349
858 9361
859 9373
860 9385
861 9397
862 9409
863 9420
864 9431
865 9443
866 9454
867 9466
868 9478
869 9490
870 9502
871 9514
872 9526
873 9538
874 9550
875 9562
876 9574
877 9586
878 9598
879 9610
880 9622
881 9634
882 9646
883 9658
884 9670
885 9682
886 9694
887 9706
888 9718
889 9730
890 9742
891 9754
892 9766
893 9778
894 9790
895 9798
896 9809
897 9821
898 9832
899 9844
900 9856
901 9868
902 9880
903 9890
904 9894
905 9904
906 9916
907 9928
908 9938
909 9947
910 9957
911 9968
912 9979
913 9991
914 10003
915 10014
916 10026
917 10038
918 10050
919 10062
920 10073
921 10085
922 10097
923 10104
924 10111
925 10115
926 10121
927 10131
928 10140
929 10149
930 10156
931 10163
932 10169
939 10175
940 10177
941 10180
942 10183
946 10193
947 10205
948 10217
949 10229
950 10241
951 10253
952 10264
953 10274
954 10285
959 10299
960 10311
961 10319
962 10327
963 10339
965 10345
966 10354
967 10365
968 10374
969 10384
970 10396
971 10408
972 10420
973 10432
974 10444
975 10456
976 10468
977 10480
978 10492
979 10503
980 10515
981 10525
982 10537
983 10549
984 10561
985 10573
986 10585
987 10597
988 10609
989 10621
990 10633
991 10645
992 10657
993 10669
994 10681
995 10693
996 10705
997 10717
998 10729
999 10741
1000 10753
1001 10765
1002 10777
1003 10789
1004 10801
1005 10812
1006 10822
1008 10826
1010 10834
1011 10844
1012 10856
1013 10868
1018 10876
1019 10884
1020 10890
1021 10899
1022 10908
1023 10918
1024 10929
1025 10937
1027 10943
1028 10953
1029 10963
1030 10975
1031 10987
1032 10999
1033 11011
1034 11022
1035 11027
1036 11039
1037 11051
1038 11062
1039 11073
1040 11084
1041 11096
1042 11108
1043 11120
1044 11132
1045 11144
1046 11156
1047 11168
1048 11180
1049 11192
1050 11204
1051 11216
1052 11228
1053 11240
1054 11252
1055 11264
1056 11276
1057 11288
1058 11300
1059 11312
1060 11324
1061 11336
1062 11348
1063 11359
1064 11371
1065 11383
1066 11395
1067 11407
1068 11419
1069 11431
1070 11443
1071 11455
1072 11467
1073 11479
