0 523
1 527
2 531
3 535
4 539
5 543
6 547
7 551
8 555
9 559
10 562
12 565
13 569
14 573
15 577
16 580
17 584
18 586
19 590
20 593
21 595
22 598
23 600
24 604
25 608
26 612
27 616
28 620
29 624
30 628
31 632
32 634
33 635
34 637
35 640
36 642
37 645
38 647
39 651
40 653
41 655
42 657
43 659
44 661
45 663
46 665
47 668
48 670
49 671
50 672
51 673
52 675
53 677
54 680
56 681
57 682
58 685
59 686
60 688
62 690
63 691
64 693
65 694
66 695
67 697
68 699
69 700
70 701
72 702
74 703
75 705
76 706
78 707
79 708
84 709
85 710
86 711
87 712
89 713
90 714
92 715
93 717
94 720
95 721
96 722
98 724
99 725
100 726
101 728
102 730
104 731
105 732
106 733
107 734
108 736
109 737
110 738
111 740
113 741
114 743
115 746
116 747
117 748
119 749
125 750
134 751
139 752
140 753
141 754
142 755
143 756
145 757
146 759
147 761
148 763
149 765
150 766
151 767
152 768
153 770
154 772
155 775
157 776
158 779
159 782
160 785
161 788
162 790
163 792
164 793
165 794
166 796
167 798
168 799
169 801
170 802
171 803
172 804
173 806
174 808
175 810
176 811
177 812
178 813
179 814
180 816
181 817
182 818
183 819
189 820
191 821
193 822
194 824
195 826
197 827
198 828
199 829
200 830
202 831
204 832
205 833
206 835
207 838
208 840
209 844
210 846
211 847
212 850
213 851
214 854
215 856
216 860
217 864
218 868
219 872
220 875
221 879
222 883
223 886
224 889
225 892
226 895
227 897
228 901
229 905
230 907
231 910
232 913
233 917
234 920
235 923
236 925
237 928
238 930
239 932
240 934
241 935
243 936
246 937
247 938
248 939
249 941
250 944
251 946
253 947
256 948
257 949
258 951
259 953
260 954
261 955
262 957
263 960
264 962
265 964
266 968
267 971
268 974
269 978
270 981
271 984
272 987
273 989
274 992
275 995
276 998
277 1000
278 1003
279 1005
280 1007
281 1011
282 1014
283 1016
284 1017
285 1020
291 1021
293 1022
294 1024
296 1025
297 1026
299 1027
300 1028
301 1030
302 1032
304 1034
305 1035
308 1037
309 1038
310 1040
311 1042
312 1045
313 1048
314 1051
315 1054
316 1058
317 1061
318 1064
319 1066
320 1069
321 1072
322 1076
323 1080
324 1083
325 1086
326 1090
327 1094
328 1098
329 1102
330 1106
331 1110
332 1114
333 1118
334 1122
335 1126
336 1130
337 1134
338 1138
339 1142
340 1146
341 1150
342 1154
343 1158
344 1162
345 1166
346 1170
347 1174
348 1178
349 1182
350 1186
351 1190
352 1194
353 1198
354 1202
355 1206
356 1210
357 1214
358 1218
359 1222
360 1226
361 1230
362 1234
363 1238
364 1242
365 1246
366 1250
367 1254
368 1258
369 1262
370 1266
371 1270
372 1274
373 1278
374 1282
375 1286
376 1290
377 1294
378 1298
379 1302
380 1306
381 1310
382 1314
383 1318
384 1322
385 1326
386 1330
387 1334
388 1338
389 1342
390 1346
391 1350
392 1354
393 1358
394 1362
395 1366
396 1370
397 1374
398 1378
399 1382
400 1386
401 1390
402 1394
403 1398
404 1402
405 1406
406 1410
407 1414
408 1418
409 1422
410 1425
411 1428
412 1431
413 1434
414 1437
415 1440
416 1443
417 1446
418 1449
419 1452
420 1455
421 1458
422 1461
423 1463
425 1465
426 1467
427 1469
428 1471
429 1472
439 1473
440 1476
441 1480
442 1482
443 1485
444 1487
445 1490
446 1494
447 1497
448 1499
449 1502
450 1504
451 1507
452 1509
453 1511
454 1514
455 1515
456 1517
457 1520
458 1521
460 1522
461 1523
462 1526
463 1530
467 1532
468 1536
469 1540
470 1542
472 1545
473 1547
476 1548
477 1549
478 1550
479 1551
480 1552
481 1554
482 1555
483 1559
484 1563
485 1566
486 1568
487 1569
489 1570
491 1571
493 1573
494 1574
495 1577
496 1578
498 1579
499 1580
500 1583
502 1587
503 1589
505 1591
507 1592
508 1594
509 1597
510 1601
511 1605
512 1609
513 1613
514 1617
515 1621
516 1625
517 1629
518 1633
519 1637
520 1641
521 1645
522 1649
523 1653
524 1657
525 1661
526 1665
527 1669
528 1673
529 1677
530 1681
531 1685
532 1689
533 1693
534 1697
535 1701
537 1703
538 1705
539 1707
540 1710
541 1712
542 1713
543 1715
545 1716
546 1717
547 1718
548 1719
549 1720
552 1721
553 1723
554 1725
555 1727
556 1729
557 1731
558 1735
559 1739
560 1743
561 1746
562 1749
563 1753
564 1756
565 1758
566 1760
567 1764
568 1768
569 1771
570 1774
571 1777
572 1780
573 1783
574 1786
577 1788
578 1789
579 1792
580 1794
581 1796
582 1797
583 1801
584 1805
585 1808
586 1811
587 1813
588 1817
589 1820
591 1823
592 1827
593 1828
594 1831
595 1834
596 1836
597 1839
598 1841
599 1843
600 1847
601 1851
602 1853
603 1856
604 1860
605 1863
606 1865
607 1866
608 1867
609 1870
610 1874
611 1878
612 1882
613 1886
614 1889
615 1892
616 1896
617 1900
618 1902
619 1905
620 1908
621 1911
622 1915
623 1918
624 1921
625 1925
626 1929
627 1933
628 1937
629 1941
630 1945
631 1948
632 1952
633 1956
634 1959
635 1963
636 1967
637 1971
638 1975
639 1979
640 1983
641 1987
642 1991
643 1995
644 1999
645 2003
646 2007
647 2011
648 2015
649 2019
650 2023
651 2027
652 2031
653 2035
654 2039
655 2043
656 2047
657 2051
658 2055
659 2059
660 2063
661 2067
662 2071
663 2075
664 2079
665 2083
666 2087
667 2091
668 2095
669 2099
670 2103
671 2107
672 2111
673 2115
674 2119
675 2123
676 2127
677 2131
678 2135
679 2139
680 2143
681 2147
682 2151
683 2155
684 2159
685 2163
686 2167
687 2170
688 2173
689 2176
690 2179
691 2182
692 2186
693 2189
694 2193
695 2197
696 2201
697 2205
698 2208
699 2211
700 2213
701 2216
702 2219
703 2222
704 2226
705 2230
706 2234
707 2238
708 2242
709 2245
710 2249
711 2252
712 2255
713 2258
714 2262
715 2264
716 2268
717 2271
718 2274
719 2277
720 2280
721 2284
722 2287
723 2291
724 2295
725 2299
726 2303
727 2307
728 2310
729 2312
732 2313
733 2316
734 2320
735 2324
736 2326
737 2329
738 2330
739 2333
740 2336
741 2339
742 2341
743 2343
752 2345
757 2346
759 2347
760 2349
761 2352
762 2354
763 2358
764 2360
765 2363
766 2366
768 2368
769 2371
772 2372
774 2373
775 2375
776 2377
777 2380
779 2381
780 2383
781 2384
782 2387
783 2388
786 2389
789 2392
794 2394
797 2395
799 2397
807 2398
809 2399
812 2400
813 2401
817 2402
824 2403
831 2404
832 2405
833 2409
834 2412
835 2414
836 2418
837 2421
839 2422
840 2426
841 2430
842 2434
843 2438
844 2441
845 2444
846 2447
847 2450
848 2453
849 2457
850 2461
851 2465
852 2468
853 2472
854 2475
855 2479
856 2483
857 2486
860 2489
861 2490
862 2492
863 2493
864 2494
866 2495
867 2497
870 2499
872 2501
873 2504
874 2507
875 2510
876 2514
877 2518
878 2522
879 2526
880 2530
881 2534
882 2538
883 2542
884 2546
885 2548
886 2551
887 2555
888 2559
889 2563
890 2567
891 2571
892 2575
893 2579
894 2583
895 2587
896 2591
897 2595
898 2599
899 2603
900 2607
901 2610
902 2614
903 2618
904 2622
905 2626
906 2630
907 2633
908 2637
909 2641
910 2645
911 2649
912 2653
913 2656
914 2660
915 2664
916 2668
917 2671
918 2675
919 2679
920 2683
921 2687
922 2691
923 2695
924 2698
925 2702
926 2706
927 2709
928 2712
929 2716
930 2719
931 2722
932 2726
933 2729
934 2733
935 2737
936 2741
937 2745
938 2749
939 2753
940 2757
941 2761
942 2765
943 2769
944 2773
945 2777
946 2781
947 2785
948 2789
949 2793
950 2797
951 2801
952 2805
953 2809
954 2813
955 2817
956 2821
957 2825
958 2829
959 2833
960 2837
961 2841
962 2845
963 2849
964 2853
965 2857
966 2861
967 2865
968 2869
969 2873
970 2877
971 2880
972 2884
973 2887
974 2890
975 2893
976 2895
977 2898
978 2902
979 2906
980 2910
981 2914
982 2918
983 2922
984 2926
985 2930
986 2934
987 2938
988 2942
989 2946
990 2950
991 2954
992 2958
993 2962
994 2966
995 2969
996 2972
997 2975
998 2978
999 2981
1000 2985
1001 2988
1002 2992
1003 2996
1004 3000
1005 3003
1006 3006
1007 3009
1008 3013
1009 3017
1010 3021
1011 3025
1012 3029
1013 3033
1014 3037
1015 3040
1016 3043
1017 3047
1018 3051
1019 3055
1020 3059
1021 3063
1022 3067
1023 3070
1024 3073
1025 3076
1026 3080
1027 3083
1028 3087
1029 3091
1030 3095
1031 3099
1032 3103
1033 3106
1034 3110
1035 3114
1036 3118
1037 3121
1038 3125
1039 3129
1040 3133
1041 3136
1042 3140
1043 3143
1044 3147
1045 3150
1046 3154
1047 3158
1048 3162
1049 3166
1050 3170
1051 3174
1052 3178
1053 3181
1054 3184
1055 3187
1056 3191
1057 3194
1058 3197
1059 3200
1060 3203
1061 3207
1062 3211
1063 3215
1064 3219
1065 3223
1066 3227
1067 3231
1068 3235
1069 3239
1070 3243
1071 3247
1072 3251
1073 3255
1074 3259
1075 3263
1076 3267
1077 3271
1078 3274
1079 3278
1080 3282
1081 3286
1082 3290
1083 3293
1084 3297
1085 3301
1086 3304
1087 3308
1088 3312
1089 3316
1090 3320
1091 3324
1092 3328
1093 3332
1094 3336
1095 3340
1096 3344
1097 3348
1098 3352
1099 3356
1100 3360
1101 3364
1102 3368
1103 3372
1104 3376
1105 3380
1106 3384
1107 3388
1108 3392
1109 3396
1110 3400
1111 3404
1112 3408
1113 3412
1114 3416
1115 3420
1116 3424
1117 3428
1118 3432
1119 3436
1120 3440
1121 3444
1122 3448
1123 3452
1124 3456
1125 3460
1126 3464
1127 3468
1128 3472
1129 3476
1130 3480
1131 3484
1132 3488
1133 3492
1134 3496
1135 3500
1136 3504
1137 3508
1138 3512
1139 3516
1140 3520
1141 3524
1142 3528
1143 3532
1144 3536
1145 3540
1146 3544
1147 3548
1148 3552
1149 3556
1150 3560
1151 3564
1152 3568
1153 3572
1154 3576
1155 3580
1156 3584
1157 3588
1158 3592
1159 3596
1160 3600
1161 3604
1162 3608
1163 3612
1164 3616
1165 3620
1166 3624
1167 3628
1168 3632
1169 3636
1170 3640
1171 3644
1172 3648
1173 3652
1174 3656
1175 3660
1176 3664
1177 3668
1178 3672
1179 3676
1180 3680
1181 3684
1182 3688
1183 3692
1184 3696
1185 3700
1186 3704
1187 3708
1188 3712
1189 3716
1190 3720
1191 3724
1192 3728
1193 3732
1194 3736
1195 3740
1196 3744
1197 3748
1198 3752
1199 3756
1200 3760
1201 3764
1202 3768
1203 3772
1204 3776
1205 3780
1206 3784
1207 3788
1208 3792
1209 3796
1210 3800
1211 3804
1212 3808
1213 3812
1214 3816
1215 3820
1216 3824
1217 3828
1218 3832
1219 3836
1220 3840
1221 3844
1222 3848
1223 3852
1224 3856
1225 3860
1226 3864
1227 3868
1228 3872
1229 3876
1230 3880
1231 3884
1232 3888
1233 3892
1234 3896
1235 3900
1236 3904
1237 3908
1238 3912
1239 3916
1240 3920
1241 3924
1242 3928
1243 3932
1244 3936
1245 3940
1246 3944
1247 3948
1248 3952
1249 3956
1250 3960
1251 3964
1252 3968
1253 3972
1254 3976
1255 3980
1256 3984
1257 3988
1258 3992
1259 3996
1260 4000
1261 4004
1262 4008
1263 4012
1264 4016
1265 4020
1266 4024
1267 4028
1268 4032
1269 4036
1270 4040
1271 4044
1272 4048
1273 4052
1274 4056
1275 4060
1276 4064
1277 4068
1278 4072
1279 4076
1280 4080
1281 4084
1282 4088
1283 4092
1284 4096
1285 4100
1286 4104
1287 4108
1288 4112
1289 4116
1290 4120
1291 4124
1292 4128
1293 4132
1294 4136
1295 4140
1296 4144
1297 4148
1298 4152
1299 4156
1300 4160
1301 4164
1302 4168
1303 4172
1304 4176
1305 4180
1306 4184
1307 4188
1308 4192
1309 4196
1310 4200
1311 4204
1312 4208
1313 4212
1314 4216
1315 4220
1316 4224
1317 4228
1318 4232
1319 4236
1320 4240
1321 4244
1322 4248
1323 4252
1324 4256
1325 4260
1326 4264
1327 4268
1328 4272
1329 4276
1330 4280
1331 4284
1332 4288
1333 4292
1334 4296
1335 4300
1336 4304
1337 4308
1338 4312
1339 4316
1340 4320
1341 4324
1342 4328
1343 4332
1344 4336
1345 4340
1346 4344
1347 4348
1348 4352
1349 4356
1350 4360
1351 4364
1352 4368
1353 4372
1354 4376
1355 4380
1356 4384
1357 4388
1358 4392
1359 4396
1360 4400
1361 4404
1362 4408
1363 4412
1364 4416
1365 4420
1366 4424
1367 4428
1368 4432
1369 4436
1370 4440
1371 4444
1372 4448
1373 4452
1374 4456
1375 4460
1376 4464
1377 4468
1378 4472
1379 4476
1380 4480
1381 4484
1382 4488
1383 4492
1384 4496
1385 4500
1386 4504
1387 4508
1388 4512
1389 4516
1390 4520
1391 4524
1392 4528
1393 4532
1394 4536
1395 4540
1396 4544
1397 4548
1398 4552
1399 4556
1400 4560
1401 4564
1402 4568
1403 4572
1404 4576
1405 4580
1406 4584
1407 4588
1408 4592
1409 4596
1410 4600
1411 4604
1412 4608
1413 4612
1414 4616
1415 4620
1416 4624
1417 4628
1418 4632
1419 4636
1420 4640
1421 4643
1422 4647
1423 4651
1424 4655
1425 4659
1426 4663
1427 4667
1428 4671
1429 4675
1430 4679
1431 4683
1432 4687
1433 4691
1434 4695
1435 4699
1436 4703
1437 4707
1438 4711
1439 4715
1440 4719
1441 4723
1442 4727
1443 4731
1444 4735
1445 4739
1446 4743
1447 4747
1448 4751
1449 4755
1450 4759
1451 4763
1452 4767
1453 4771
1454 4775
1455 4779
1456 4783
1457 4787
1458 4791
1459 4795
1460 4799
1461 4803
1462 4807
1463 4811
1464 4815
1465 4819
1466 4823
1467 4827
1468 4831
1469 4835
1470 4839
1471 4843
1472 4847
1473 4851
1474 4855
1475 4859
1476 4863
1477 4867
1478 4871
1479 4875
1480 4879
1481 4883
1482 4887
1483 4891
1484 4895
1485 4899
1486 4903
1487 4907
1488 4911
1489 4915
1490 4919
1491 4923
1492 4927
1493 4931
1494 4935
1495 4939
1496 4943
1497 4947
1498 4951
1499 4955
1500 4959
1501 4963
1502 4967
1503 4971
1504 4975
1505 4979
1506 4983
1507 4987
1508 4991
1509 4995
1510 4999
1511 5003
1512 5007
1513 5011
1514 5015
1515 5019
1516 5023
1517 5027
1518 5031
1519 5035
1520 5039
1521 5043
1522 5047
1523 5051
1524 5055
1525 5059
1526 5063
1527 5067
1528 5071
1529 5075
1530 5079
1531 5083
1532 5087
1533 5091
1534 5095
1535 5099
1536 5103
1537 5107
1538 5111
1539 5115
1540 5119
1541 5123
1542 5127
1543 5131
1544 5135
1545 5139
1546 5143
1547 5147
1548 5151
1549 5155
1550 5159
1551 5163
1552 5167
1553 5171
1554 5175
1555 5179
1556 5183
1557 5187
1558 5191
1559 5195
1560 5199
1561 5203
1562 5207
1563 5211
1564 5215
1565 5219
1566 5223
1567 5227
1568 5231
1569 5235
1570 5239
1571 5243
1572 5247
1573 5251
1574 5255
1575 5259
1576 5263
1577 5267
1578 5271
1579 5275
1580 5279
1581 5283
1582 5287
1583 5291
1584 5295
1585 5298
1586 5302
1587 5306
1588 5310
1589 5314
1590 5318
1591 5322
1592 5326
1593 5330
1594 5334
1595 5338
1596 5342
1597 5346
1598 5350
1599 5354
1600 5358
1601 5362
1602 5366
1603 5370
1604 5374
1605 5378
1606 5382
1607 5386
1608 5390
1609 5394
1610 5398
1611 5402
1612 5406
1613 5410
1614 5414
1615 5418
1616 5422
1617 5426
1618 5430
1619 5434
1620 5438
1621 5442
1622 5446
1623 5450
1624 5454
1625 5458
1626 5462
1627 5466
1628 5470
1629 5474
1630 5478
1631 5482
1632 5486
1633 5490
1634 5494
1635 5498
1636 5502
1637 5506
1638 5510
1639 5514
1640 5518
1641 5522
1642 5526
1643 5530
1644 5534
1645 5538
1646 5542
1647 5546
1648 5550
1649 5554
1650 5558
1651 5562
1652 5566
1653 5568
1654 5571
1655 5573
1656 5575
1657 5578
1660 5579
1661 5582
1662 5586
1663 5590
1664 5594
1665 5598
1666 5602
1667 5606
1668 5610
1669 5614
1670 5618
1671 5622
1672 5626
1673 5630
1674 5634
1675 5638
1676 5642
1677 5646
1678 5650
1679 5654
1680 5658
1681 5662
1682 5666
1683 5670
1684 5674
1685 5678
1686 5682
1687 5686
1688 5690
1689 5694
1690 5698
1691 5702
1692 5706
1693 5710
1694 5714
1695 5718
1696 5722
1697 5726
1698 5730
1699 5734
1700 5738
1701 5742
1702 5746
1703 5750
1704 5754
1705 5758
1706 5762
1707 5766
1708 5770
1709 5774
1710 5778
1711 5782
1712 5786
1713 5790
1714 5794
1715 5798
1716 5802
1717 5806
1718 5810
1719 5814
1720 5818
1721 5822
1722 5826
1723 5830
1724 5834
1725 5838
1726 5842
1727 5846
1728 5850
1729 5854
1730 5858
1731 5862
1732 5866
1733 5870
1734 5874
1735 5878
1736 5882
1737 5886
1738 5890
1739 5894
1740 5898
1741 5902
1742 5906
1743 5910
1744 5914
1745 5917
1746 5920
1747 5923
1748 5926
1749 5930
1750 5934
1751 5938
1752 5941
1753 5944
1754 5947
1755 5950
1756 5953
1757 5956
1758 5959
1759 5962
1760 5966
1761 5970
1762 5973
1763 5977
1764 5980
1765 5983
1766 5987
1767 5990
1768 5994
1769 5998
1770 6001
1771 6004
1772 6008
1773 6011
1774 6015
1775 6018
1776 6021
1777 6025
1778 6028
1779 6031
1780 6035
1781 6039
1782 6043
1783 6046
1784 6050
1785 6054
1786 6058
1787 6061
1788 6065
1789 6069
1790 6073
1791 6077
1792 6081
1793 6085
1794 6089
1795 6093
1796 6097
1797 6101
1798 6105
1799 6109
1800 6113
1801 6117
1802 6121
1803 6125
1804 6129
1805 6133
1806 6137
1807 6141
1808 6145
1809 6149
1810 6153
1811 6157
1812 6161
1813 6165
1814 6169
1815 6173
1816 6177
1817 6181
1818 6185
1819 6189
1820 6193
1821 6197
1822 6201
1823 6205
1824 6209
1825 6213
1826 6217
1827 6221
1828 6225
1829 6229
1830 6233
1831 6237
1832 6241
1833 6245
1834 6249
1835 6253
1836 6257
1837 6261
1838 6265
1839 6269
1840 6273
1841 6277
1842 6281
1843 6285
1844 6289
1845 6293
1846 6297
1847 6301
1848 6305
1849 6309
1850 6313
1851 6317
1852 6321
1853 6325
1854 6329
1855 6333
1856 6337
1857 6341
1858 6345
1859 6349
1860 6353
1861 6357
1862 6361
1863 6365
1864 6369
1865 6373
1866 6377
1867 6381
1868 6385
1869 6389
1870 6393
1871 6397
1872 6401
1873 6405
1874 6409
1875 6413
1876 6417
1877 6421
1878 6425
1879 6429
1880 6433
1881 6437
1882 6441
1883 6445
1884 6449
1885 6453
1886 6457
1887 6461
1888 6465
1889 6469
1890 6473
1891 6477
1892 6481
1893 6485
1894 6489
1895 6493
1896 6497
1897 6501
1898 6505
1899 6509
1900 6513
1901 6516
1902 6520
1903 6524
1904 6528
1905 6532
1906 6535
1907 6538
1908 6541
1909 6545
1910 6548
1911 6551
1912 6555
1913 6559
1914 6562
1915 6566
1916 6570
1917 6574
1918 6577
1919 6580
1920 6583
1921 6587
1922 6591
1923 6594
1924 6598
1925 6601
1926 6605
1927 6609
1928 6613
1929 6616
1930 6619
1931 6622
1932 6626
1933 6629
1934 6632
1935 6636
1936 6640
1937 6643
1938 6647
1939 6651
1940 6654
1941 6657
1942 6661
1943 6665
1944 6668
1945 6671
1946 6674
1947 6678
1948 6682
1949 6686
1950 6689
1951 6692
1952 6695
1953 6699
1954 6703
1955 6707
1956 6711
1957 6715
1958 6719
1959 6723
1960 6727
1961 6731
1962 6735
1963 6738
1964 6742
1965 6745
1966 6749
1967 6753
1968 6757
1969 6761
1970 6765
1971 6769
1972 6773
1973 6777
1974 6781
1975 6785
1976 6789
1977 6793
1978 6797
1979 6801
1980 6805
1981 6809
1982 6813
1983 6817
1984 6820
1985 6824
1986 6827
1987 6831
1988 6835
1989 6839
1990 6843
1991 6847
1992 6851
1993 6855
1994 6859
1995 6863
1996 6867
1997 6871
1998 6875
1999 6879
2000 6883
2001 6887
2002 6891
2003 6895
2004 6899
2005 6903
2006 6907
2007 6911
2008 6915
2009 6919
2010 6923
2011 6927
2012 6931
2013 6935
2014 6939
2015 6943
2016 6947
2017 6951
2018 6955
2019 6959
2020 6963
2021 6967
2022 6971
2023 6975
2024 6979
2025 6983
2026 6987
2027 6991
2028 6995
2029 6999
2030 7003
2031 7007
2032 7011
2033 7015
2034 7019
2035 7023
2036 7027
2037 7031
2038 7035
2039 7039
2040 7043
2041 7047
2042 7051
2043 7055
2044 7059
2045 7063
2046 7067
2047 7071
2048 7075
2049 7079
2050 7083
2051 7087
2052 7091
2053 7095
2054 7099
2055 7103
2056 7107
2057 7111
2058 7114
2059 7118
2060 7122
2061 7126
2062 7130
2063 7134
2064 7138
2065 7142
2066 7146
2067 7149
2068 7153
2069 7156
2070 7160
2071 7164
2072 7168
2073 7172
2074 7175
2075 7178
2076 7182
2077 7186
2078 7190
2079 7194
2080 7198
2081 7202
2082 7206
2083 7210
2084 7214
2085 7218
2086 7222
2087 7226
2088 7230
2089 7234
2090 7238
2091 7242
2092 7246
2093 7250
2094 7254
2095 7258
2096 7262
2097 7266
2098 7270
2099 7274
2100 7278
2101 7282
2102 7286
2103 7290
2104 7294
2105 7298
2106 7302
2107 7306
2108 7310
2109 7314
2110 7318
2111 7322
2112 7326
2113 7330
2114 7334
2115 7338
2116 7342
2117 7346
2118 7350
2119 7354
2120 7358
2121 7362
2122 7366
2123 7370
2124 7374
2125 7378
2126 7382
2127 7385
2128 7389
2129 7393
2130 7397
2131 7401
2132 7405
2133 7409
2134 7413
2135 7417
2136 7421
2137 7425
2138 7429
2139 7433
2140 7437
2141 7441
2142 7445
2143 7449
2144 7453
2145 7457
2146 7461
2147 7465
2148 7467
2149 7471
2150 7475
2151 7479
2152 7483
2153 7487
2154 7491
2155 7495
2156 7499
2157 7503
2158 7507
2159 7509
2160 7512
2161 7515
2162 7519
2163 7522
2164 7525
2165 7529
2166 7533
2167 7537
2168 7541
2169 7545
2170 7549
2171 7553
2172 7556
2173 7560
2174 7564
2175 7568
2176 7572
2177 7574
2178 7575
2179 7579
2180 7583
2181 7587
2182 7591
2183 7594
2184 7598
2185 7602
2186 7605
2187 7609
2188 7613
2189 7616
2190 7620
2191 7624
2192 7628
2193 7632
2194 7633
2195 7637
2196 7641
2197 7645
2198 7649
2199 7653
2200 7657
2201 7661
2202 7665
2203 7669
2204 7673
2205 7677
2206 7679
2207 7683
2210 7685
2211 7689
2212 7693
2213 7696
2214 7699
2215 7702
2217 7704
2218 7707
2219 7711
2220 7715
2221 7719
2222 7723
2223 7727
2224 7730
2225 7734
2226 7738
2227 7741
2228 7744
2229 7748
2230 7751
2231 7755
2232 7759
2233 7763
2234 7767
2235 7771
2236 7775
2237 7779
2238 7783
2239 7787
2240 7791
2241 7795
2242 7799
2243 7803
2244 7807
2245 7811
2246 7815
2247 7819
2248 7823
2249 7826
2250 7830
2251 7834
2252 7838
2253 7841
2254 7845
2255 7847
2256 7851
2257 7855
2258 7858
2259 7862
2260 7864
2261 7868
2262 7872
2263 7876
2264 7879
2265 7883
2266 7886
2267 7889
2268 7892
2269 7895
2270 7898
2271 7901
2272 7905
2273 7907
2274 7910
2275 7913
2276 7916
2277 7919
2278 7922
2279 7925
2280 7928
2281 7931
2282 7934
2283 7937
2284 7940
2285 7943
2286 7946
2287 7949
2288 7952
2289 7955
2290 7958
2291 7961
2292 7965
2293 7968
2294 7971
2295 7974
2296 7977
2297 7980
2298 7983
2299 7987
2300 7990
2301 7994
2302 7997
2303 8000
2304 8003
2305 8006
2306 8009
2307 8012
2308 8015
2309 8019
2310 8022
2311 8025
2312 8028
2313 8031
2314 8034
2315 8037
2316 8040
2317 8043
2318 8046
2319 8049
2320 8052
2321 8055
2322 8058
2323 8061
2324 8064
2325 8067
2326 8070
2327 8073
2328 8076
2329 8079
2330 8082
2331 8085
2332 8088
2333 8091
2334 8094
2335 8097
2336 8100
2337 8103
2338 8106
2339 8109
2340 8112
2341 8115
2342 8119
2343 8122
2344 8125
2345 8128
2346 8131
2347 8134
2348 8137
2349 8140
2350 8143
2351 8147
2352 8151
2353 8155
2354 8158
2355 8161
2356 8165
2357 8169
2358 8173
2359 8176
2360 8179
2361 8182
2362 8186
2363 8190
2364 8193
2365 8197
2366 8200
2367 8203
2368 8207
2369 8210
2370 8213
2371 8216
2372 8219
2373 8223
2374 8227
2375 8231
2376 8234
2377 8238
2378 8242
2379 8246
2380 8250
2381 8254
2382 8258
2383 8262
2384 8266
2385 8270
2386 8274
2387 8278
2388 8282
2389 8286
2390 8289
2391 8293
2392 8297
2393 8301
2394 8305
2395 8309
2396 8313
2397 8317
2398 8321
2399 8325
2400 8329
2401 8333
2402 8337
2403 8341
2404 8345
2405 8348
2406 8352
2407 8356
2408 8360
2409 8364
2410 8368
2411 8372
2412 8376
2413 8380
2414 8384
2415 8388
2416 8392
2417 8395
2418 8399
2419 8403
2420 8407
2421 8411
2422 8415
2423 8419
2424 8423
2425 8427
2426 8431
2427 8435
2428 8439
2429 8443
2430 8447
2431 8451
2432 8455
2433 8459
2434 8463
2435 8466
2436 8470
2437 8474
2438 8478
2439 8482
2440 8486
2441 8490
2442 8494
2443 8498
2444 8502
2445 8506
2446 8510
2447 8513
2448 8517
2449 8521
2450 8525
2451 8529
2452 8533
2453 8537
2454 8541
2455 8545
2456 8549
2457 8553
2458 8557
2459 8561
2460 8565
2461 8569
2462 8573
2463 8577
2464 8581
2465 8585
2466 8589
2467 8592
2468 8596
2469 8600
2470 8604
2471 8608
2472 8612
2473 8616
2474 8620
2475 8624
2476 8628
2477 8632
2478 8636
2479 8640
2480 8644
2481 8648
2482 8652
2483 8656
2484 8660
2485 8664
2486 8668
2487 8672
2488 8676
2489 8680
2490 8684
2491 8688
2492 8692
2493 8696
2494 8700
2495 8704
2496 8708
2497 8712
2498 8716
2499 8720
2500 8724
2501 8728
2502 8732
2503 8736
2504 8740
2505 8744
2506 8748
2507 8752
2508 8756
2509 8760
2510 8764
2511 8768
2512 8772
2513 8776
2514 8780
2515 8784
2516 8788
2517 8792
2518 8795
2519 8796
2520 8800
2521 8804
2522 8808
2523 8810
2524 8812
2525 8815
2526 8819
2527 8823
2528 8827
2529 8831
2530 8835
2531 8839
2532 8842
2533 8846
2534 8850
2535 8854
2536 8858
2537 8861
2538 8865
2539 8869
2540 8873
2541 8877
2542 8881
2543 8885
2544 8889
2545 8893
2546 8897
2547 8901
2548 8904
2549 8908
2550 8912
2551 8915
2552 8919
2553 8923
2554 8927
2555 8931
2556 8934
2557 8938
2558 8942
2559 8946
2560 8950
2561 8954
2562 8958
2563 8962
2564 8966
2565 8970
2566 8974
2567 8978
2568 8982
2569 8986
2570 8990
2571 8994
2572 8998
2573 9002
2574 9006
2575 9010
2576 9014
2577 9018
2578 9021
2579 9023
2580 9026
2581 9030
2582 9034
2583 9038
2584 9040
2585 9043
2587 9045
2588 9046
2589 9048
2590 9052
2591 9054
2592 9057
2593 9059
2594 9060
2595 9063
2596 9065
2597 9069
2598 9073
2599 9077
2600 9080
2601 9084
2602 9088
2603 9092
2604 9096
2605 9100
2606 9104
2607 9107
2608 9111
2609 9114
2610 9118
2611 9122
2612 9126
2613 9130
2614 9134
2615 9137
2616 9141
2617 9145
2618 9149
2619 9152
2620 9156
2621 9160
2622 9164
2623 9167
2624 9171
2625 9174
2626 9178
2627 9182
2628 9186
2629 9190
2630 9194
2631 9197
2632 9201
2633 9205
2634 9208
2635 9212
2636 9216
2637 9220
2638 9224
2639 9228
2640 9232
2641 9236
2642 9240
2643 9244
2644 9248
2645 9252
2646 9255
2647 9258
2648 9261
2649 9264
2650 9267
2651 9270
2652 9273
2653 9277
2654 9280
2655 9283
2656 9286
2657 9289
2658 9293
2659 9296
2660 9299
2661 9302
2662 9305
2663 9308
2664 9311
2665 9314
2666 9318
2667 9322
2668 9326
2669 9330
2670 9334
2671 9338
2672 9342
2673 9346
2674 9350
2675 9354
2676 9358
2677 9362
2678 9366
2679 9370
2680 9374
2681 9378
2682 9382
2683 9386
2684 9390
2685 9394
2686 9398
2687 9402
2688 9406
2689 9410
2690 9414
2691 9418
2692 9422
2693 9426
2694 9430
2695 9434
2696 9438
2697 9442
2698 9446
2699 9450
2700 9454
2701 9458
2702 9462
2703 9466
2704 9470
2705 9474
2706 9478
2707 9482
2708 9486
2709 9490
2710 9494
2711 9498
2712 9502
2713 9506
2714 9510
2715 9514
2716 9518
2717 9522
2718 9526
2719 9530
2720 9534
2721 9538
2722 9542
2723 9545
2724 9548
2725 9552
2726 9555
2727 9558
2728 9561
2729 9564
2730 9567
2731 9570
2732 9573
2733 9576
2734 9579
2735 9583
2736 9587
2737 9591
2738 9595
2739 9599
2740 9603
2741 9607
2742 9611
2743 9615
2744 9619
2745 9623
2746 9627
2747 9631
2748 9635
2749 9639
2750 9643
2751 9647
2752 9651
2753 9655
2754 9659
2755 9663
2756 9667
2757 9671
2758 9675
2759 9679
2760 9683
2761 9687
2762 9691
2763 9695
2764 9699
2765 9703
2766 9707
2767 9711
2768 9715
2769 9719
2770 9723
2771 9727
2772 9731
2773 9735
2774 9739
2775 9743
2776 9747
2777 9751
2778 9755
2779 9759
2780 9763
2781 9767
2782 9770
2783 9774
2784 9778
2785 9781
2786 9785
2787 9788
2788 9791
2789 9794
2790 9797
2791 9800
2792 9803
2793 9806
2794 9809
2795 9812
2796 9815
2797 9818
2798 9821
2799 9824
2800 9827
2801 9830
2802 9833
2803 9837
2804 9840
2805 9844
2806 9847
2807 9851
2808 9854
2809 9857
2810 9860
2811 9863
2812 9866
2813 9870
2814 9874
2815 9877
2816 9880
2817 9883
2818 9886
2819 9889
2820 9892
2821 9896
2822 9900
2823 9903
2824 9906
2825 9909
2826 9913
2827 9916
2828 9920
2829 9924
2830 9928
2831 9932
2832 9936
2833 9940
2834 9944
2835 9948
2836 9952
2837 9956
2838 9960
2839 9964
2840 9968
2841 9971
2842 9975
2843 9979
2844 9982
2845 9985
2846 9987
2847 9988
2848 9989
2849 9992
2850 9995
2851 9998
2852 10001
2853 10005
2854 10007
2855 10010
2856 10014
2857 10015
2858 10019
2859 10021
2860 10023
2861 10026
2862 10028
2863 10030
2864 10032
2865 10035
2866 10039
2867 10043
2868 10047
2869 10051
2870 10055
2871 10059
2872 10063
2873 10067
2874 10071
2875 10075
2876 10078
2877 10082
2878 10086
2879 10090
2880 10094
2881 10098
2882 10101
2883 10105
2884 10109
2885 10113
2886 10117
2887 10121
2888 10125
2889 10129
2890 10133
2891 10137
2892 10141
2893 10145
2894 10149
2895 10153
2896 10157
2897 10161
2898 10165
2899 10169
2900 10173
2901 10177
2902 10181
2903 10185
2904 10189
2905 10193
2906 10197
2907 10200
2908 10204
2909 10208
2910 10212
2911 10215
2912 10219
2913 10223
2914 10227
2915 10231
2916 10235
2917 10239
2918 10243
2919 10247
2920 10251
2921 10255
2922 10259
2923 10263
2924 10267
2925 10271
2926 10275
2927 10279
2928 10283
2929 10287
2930 10291
2931 10295
2932 10299
2933 10303
2934 10307
2935 10311
2936 10315
2937 10319
2938 10323
2939 10327
2940 10331
2941 10335
2942 10339
2943 10343
2944 10347
2945 10351
2946 10355
2947 10359
2948 10363
2949 10367
2950 10371
2951 10375
2952 10379
2953 10383
2954 10387
2955 10391
2956 10395
2957 10399
2958 10403
2959 10407
2960 10411
2961 10415
2962 10419
2963 10423
2964 10427
2965 10431
2966 10435
2967 10439
2968 10443
2969 10447
2970 10451
2971 10455
2972 10459
2973 10463
2974 10467
2975 10471
2976 10475
2977 10479
2978 10483
2979 10487
2980 10491
2981 10495
2982 10499
2983 10503
2984 10507
2985 10511
2986 10514
2987 10518
2988 10522
2989 10526
2990 10530
2991 10534
2992 10538
2993 10542
2994 10545
2995 10549
2996 10553
2997 10557
2998 10560
2999 10563
3000 10567
3001 10571
3002 10575
3003 10579
3004 10583
3005 10587
3006 10591
3007 10595
3008 10599
3009 10603
3010 10607
3011 10611
3012 10615
3013 10619
3014 10623
3015 10627
3016 10631
3017 10635
3018 10639
3019 10643
3020 10647
3021 10651
3022 10655
3023 10659
3024 10663
3025 10667
3026 10671
3027 10675
3028 10679
3029 10683
3030 10687
3031 10691
3032 10695
3033 10699
3034 10703
3035 10707
3036 10711
3037 10715
3038 10719
3039 10723
3040 10727
3041 10731
3042 10735
3043 10739
3044 10743
3045 10747
3046 10750
3047 10754
3048 10758
3049 10762
3050 10766
3051 10770
3052 10774
3053 10778
3054 10782
3055 10786
3056 10790
3057 10794
3058 10798
3059 10802
3060 10806
3061 10810
3062 10814
3063 10818
3064 10822
3065 10826
3066 10830
3067 10834
3068 10838
3069 10842
3070 10846
3071 10850
3072 10854
3073 10858
3074 10862
3075 10866
3076 10870
3077 10874
3078 10878
3079 10882
3080 10886
3081 10890
3082 10894
3083 10898
3084 10902
3085 10906
3086 10910
3087 10914
3088 10918
3089 10922
3090 10926
3091 10930
3092 10934
3093 10938
3094 10942
3095 10946
3096 10950
3097 10954
3098 10958
3099 10962
3100 10966
3101 10970
3102 10974
3103 10978
3104 10982
3105 10986
3106 10990
3107 10994
3108 10998
3109 11002
3110 11006
3111 11010
3112 11014
3113 11018
3114 11022
3115 11026
3116 11030
3117 11034
3118 11038
3119 11042
3120 11046
3121 11050
3122 11054
3123 11058
3124 11062
3125 11066
3126 11070
3127 11074
3128 11078
3129 11082
3130 11086
3131 11090
3132 11094
3133 11098
3134 11102
3135 11106
3136 11110
3137 11114
3138 11118
3139 11122
3140 11126
3141 11130
3142 11134
3143 11138
3144 11142
3145 11146
3146 11150
3147 11154
3148 11158
3149 11162
3150 11166
3151 11170
3152 11174
3153 11177
3154 11181
3155 11185
3156 11189
3157 11193
3158 11197
3159 11201
3160 11205
3161 11209
3162 11213
3163 11217
3164 11221
3165 11225
3166 11229
3167 11233
3168 11237
3169 11241
3170 11245
3171 11249
3172 11252
3173 11255
3174 11259
3175 11263
3176 11267
3177 11270
3178 11274
3179 11278
3180 11282
3181 11286
3182 11290
3183 11294
3184 11298
3185 11302
3186 11306
3187 11310
3188 11314
3189 11318
3190 11322
3191 11326
3192 11330
3193 11334
3194 11338
3195 11342
3196 11346
3197 11350
3198 11354
3199 11358
3200 11362
3201 11365
3202 11369
3203 11373
3204 11377
3205 11381
3206 11385
3207 11389
3208 11393
3209 11397
3210 11401
3211 11405
3212 11409
3213 11413
3214 11417
3215 11421
3216 11425
3217 11429
3218 11433
3219 11437
3220 11441
3221 11445
3222 11449
3223 11453
3224 11457
3225 11461
3226 11465
3227 11469
3228 11473
3229 11477
3230 11481
3231 11485
3232 11489
3233 11493
3234 11497
3235 11501
3236 11505
3237 11509
3238 11513
3239 11517
3240 11521
3241 11525
3242 11529
3243 11533
3244 11537
3245 11541
3246 11545
3247 11549
3248 11553
3249 11557
3250 11561
3251 11565
3252 11569
3253 11573
3254 11577
3255 11581
3256 11585
3257 11589
3258 11593
3259 11597
3260 11601
3261 11605
3262 11609
3263 11613
3264 11617
3265 11621
3266 11625
3267 11629
3268 11633
3269 11637
3270 11641
3271 11645
3272 11649
3273 11653
3274 11657
3275 11661
3276 11665
3277 11669
3278 11673
3279 11677
3280 11681
3281 11685
3282 11689
3283 11693
3284 11696
3285 11700
3286 11704
3287 11708
3288 11712
3289 11716
3290 11720
3291 11724
3292 11728
3293 11732
3294 11736
3295 11740
3296 11744
3297 11748
3298 11752
3299 11756
3300 11760
3301 11764
3302 11768
3303 11772
3304 11776
3305 11780
3306 11784
3307 11788
3308 11792
3309 11796
3310 11800
3311 11804
3312 11808
3313 11812
3314 11816
3315 11820
3316 11824
3317 11828
3318 11832
3319 11836
3320 11840
3321 11844
3322 11848
3323 11852
3324 11856
3325 11860
3326 11864
3327 11868
3328 11872
3329 11876
3330 11880
3331 11884
3332 11888
3333 11892
3334 11896
3335 11900
3336 11904
3337 11908
3338 11912
3339 11916
3340 11920
3341 11924
3342 11928
3343 11932
3344 11936
3345 11940
3346 11944
3347 11948
3348 11952
3349 11956
3350 11960
3351 11964
3352 11968
3353 11972
3354 11976
3355 11980
3356 11984
3357 11988
3358 11992
3359 11996
3360 12000
3361 12004
3362 12008
3363 12012
3364 12016
3365 12020
3366 12024
3367 12028
3368 12032
3369 12036
3370 12040
3371 12044
3372 12048
3373 12052
3374 12055
3375 12058
3376 12062
3377 12066
3378 12070
3379 12074
3380 12078
3381 12082
3382 12086
3383 12090
3384 12094
3385 12098
3386 12102
3387 12106
3388 12110
3389 12114
3390 12118
3391 12122
3392 12126
3393 12130
3394 12134
3395 12138
3396 12142
3397 12146
3398 12150
3399 12154
3400 12158
3401 12162
3402 12166
3403 12170
3404 12174
3405 12178
3406 12182
3407 12186
3408 12190
3409 12194
3410 12198
3411 12202
3412 12206
3413 12210
3414 12214
3415 12218
3416 12222
3417 12226
3418 12230
3419 12234
3420 12238
3421 12242
3422 12246
3423 12250
3424 12254
3425 12258
3426 12262
3427 12266
3428 12270
3429 12274
3430 12278
3431 12281
3432 12285
3433 12289
3434 12293
3435 12297
3436 12301
3437 12305
3438 12309
3439 12313
3440 12317
3441 12321
3442 12325
3443 12329
3444 12333
3445 12337
3446 12341
3447 12345
3448 12349
3449 12353
3450 12357
3451 12361
3452 12365
3453 12369
3454 12373
3455 12377
3456 12381
3457 12385
3458 12389
3459 12393
3460 12397
3461 12401
3462 12405
3463 12409
3464 12413
3465 12417
3466 12421
3467 12425
3468 12429
3469 12433
3470 12437
3471 12441
3472 12445
3473 12449
3474 12453
3475 12457
3476 12460
3477 12464
3478 12468
3479 12472
3480 12476
3481 12480
3482 12484
3483 12488
3484 12492
3485 12496
3486 12500
3487 12504
3488 12508
3489 12512
3490 12516
3491 12520
3492 12524
3493 12528
3494 12532
3495 12536
3496 12540
3497 12544
3498 12548
3499 12552
3500 12556
3501 12560
3502 12564
3503 12568
3504 12572
3505 12576
3506 12580
3507 12584
3508 12588
3509 12592
3510 12596
3511 12600
3512 12604
3513 12608
3514 12612
3515 12616
3516 12620
3517 12624
3518 12628
3519 12632
3520 12636
3521 12640
3522 12644
3523 12648
3524 12652
3525 12656
3526 12660
3527 12664
3528 12668
3529 12672
3530 12676
3531 12680
3532 12684
3533 12688
3534 12692
3535 12696
3536 12700
3537 12704
3538 12708
3539 12712
3540 12716
3541 12720
3542 12724
3543 12728
3544 12732
3545 12736
3546 12740
3547 12744
3548 12748
3549 12752
3550 12756
3551 12760
3552 12764
3553 12768
3554 12772
3555 12776
3556 12780
3557 12784
3558 12788
3559 12792
3560 12796
3561 12800
3562 12804
3563 12808
3564 12812
3565 12816
3566 12820
3567 12824
3568 12828
3569 12832
3570 12836
3571 12840
3572 12844
3573 12848
3574 12852
3575 12856
3576 12860
3577 12864
3578 12868
3579 12872
3580 12876
3581 12880
3582 12884
3583 12888
3584 12892
3585 12896
3586 12900
3587 12904
3588 12908
3589 12912
3590 12916
3591 12920
3592 12924
3593 12928
3594 12932
3595 12936
3596 12940
3597 12943
3598 12947
3599 12951
3600 12955
3601 12958
3602 12962
3603 12966
3604 12970
3605 12974
3606 12978
3607 12981
3608 12984
3609 12986
3610 12989
3611 12992
3612 12996
3613 12999
3614 13003
3615 13007
3616 13011
3617 13015
3618 13019
3619 13023
3620 13026
3621 13029
3622 13033
3623 13035
3624 13037
3625 13038
3629 13039
3634 13040
3636 13041
3639 13044
3640 13048
3641 13051
3642 13055
3643 13059
3644 13063
3645 13067
3646 13071
3647 13075
3648 13079
3649 13083
3650 13087
3651 13091
3652 13095
3653 13099
3654 13103
3655 13107
3656 13111
3657 13115
3658 13119
3659 13123
3660 13127
3661 13131
3662 13135
3663 13139
3664 13143
3665 13147
3666 13151
3667 13155
3668 13159
3669 13163
3670 13167
3671 13171
3672 13175
3673 13179
3674 13183
3675 13187
3676 13191
3677 13195
3678 13199
3679 13203
3680 13207
3681 13211
3682 13215
3683 13219
3684 13223
3685 13227
3686 13231
3687 13235
3688 13239
3689 13243
3690 13247
3691 13251
3692 13255
3693 13259
3694 13263
3695 13267
3696 13271
3697 13275
3698 13279
3699 13283
3700 13287
3701 13291
3702 13295
3703 13299
3704 13303
3705 13307
3706 13311
3707 13315
3708 13319
3709 13323
3710 13327
3711 13331
3712 13335
3713 13339
3714 13343
3715 13347
3716 13351
3717 13355
3718 13359
3719 13363
3720 13367
3721 13371
3722 13375
3723 13379
3724 13383
3725 13387
3726 13391
3727 13395
3728 13399
3729 13403
3730 13407
3731 13411
3732 13415
3733 13419
3734 13423
3735 13427
3736 13431
3737 13435
3738 13439
3739 13443
3740 13447
3741 13450
3742 13454
3743 13458
3744 13461
3745 13466
3746 13470
3747 13474
3748 13478
3749 13482
3750 13486
3751 13490
3752 13494
3753 13497
3754 13501
3755 13506
3756 13510
3757 13513
3758 13517
3759 13521
3760 13525
3761 13529
3762 13532
3763 13536
3764 13540
3765 13545
3766 13549
3767 13553
3768 13557
3769 13561
3770 13564
3771 13568
3772 13572
3773 13576
3774 13580
3775 13584
3776 13589
3777 13593
3778 13597
3779 13600
3780 13604
3781 13608
3782 13612
3783 13616
3784 13620
3785 13624
3786 13629
3787 13633
3788 13636
3789 13640
3790 13644
3791 13648
3792 13652
3793 13656
3794 13660
3795 13664
3796 13668
3797 13672
3798 13676
3799 13680
3800 13684
3801 13688
3802 13692
3803 13696
3804 13700
3805 13704
3806 13708
3807 13712
3808 13716
3809 13720
3810 13724
3811 13728
3812 13732
3813 13736
3814 13740
3815 13744
3816 13748
3817 13752
3818 13756
3819 13760
3820 13764
3821 13768
3822 13772
3823 13776
3824 13780
3825 13784
3826 13788
3827 13792
3828 13796
3829 13800
3830 13804
3831 13808
3832 13812
3833 13816
3834 13820
3835 13824
3836 13828
3837 13832
3838 13836
3839 13840
3840 13844
3841 13848
3842 13852
3843 13856
3844 13860
3845 13864
3846 13868
3847 13872
3848 13876
3849 13880
3850 13884
3851 13888
3852 13892
3853 13896
3854 13900
3855 13904
3856 13908
3857 13912
3858 13916
3859 13920
3860 13924
3861 13928
3862 13932
3863 13936
3864 13940
3865 13944
3866 13948
3867 13952
3868 13956
3869 13960
3870 13964
3871 13968
3872 13972
3873 13976
3874 13980
3875 13984
3876 13988
3877 13992
3878 13996
3879 14000
3880 14004
3881 14008
3882 14012
3883 14016
3884 14020
3885 14024
3886 14028
3887 14032
3888 14035
3889 14039
3890 14043
3891 14047
3892 14051
3893 14055
3894 14059
3895 14063
3896 14067
3897 14071
3898 14074
3899 14077
3900 14081
3901 14084
3902 14088
3903 14091
3904 14095
3905 14098
3906 14102
3907 14105
3908 14108
3909 14111
3910 14115
3911 14118
3912 14121
3913 14124
3914 14128
3915 14131
3916 14135
3917 14138
3918 14142
3919 14146
3920 14150
3921 14154
3922 14158
3923 14162
3924 14166
3925 14170
3926 14174
3927 14178
3928 14182
3929 14186
3930 14190
3931 14194
3932 14198
3933 14202
3934 14206
3935 14210
3936 14214
3937 14218
3938 14222
3939 14226
3940 14230
3941 14234
3942 14238
3943 14242
3944 14246
3945 14250
3946 14254
3947 14258
3948 14262
3949 14266
3950 14270
3951 14274
3952 14278
3953 14282
3954 14286
3955 14290
3956 14294
3957 14297
3958 14301
3959 14305
3960 14308
3961 14312
3962 14315
3963 14319
3964 14323
3965 14327
3966 14330
3967 14333
3968 14337
3969 14340
3970 14343
3971 14347
3972 14351
3973 14355
3974 14359
3975 14363
3976 14367
3977 14371
3978 14375
3979 14379
3980 14383
3981 14387
3982 14391
3983 14395
3984 14399
3985 14403
3986 14407
3987 14411
3988 14415
3989 14419
3990 14423
3991 14427
3992 14431
3993 14435
3994 14439
3995 14443
3996 14447
3997 14451
3998 14455
3999 14459
4000 14463
4001 14467
4002 14471
4003 14475
4004 14479
4005 14483
4006 14487
4007 14491
4008 14495
4009 14499
4010 14503
4011 14507
4012 14511
4013 14515
4014 14519
4015 14523
4016 14527
4017 14531
4018 14535
4019 14539
4020 14543
4021 14547
4022 14551
4023 14555
4024 14559
4025 14563
4026 14567
4027 14570
4028 14574
4029 14578
4030 14582
4031 14586
4032 14590
4033 14594
4034 14598
4035 14602
4036 14606
4037 14610
4038 14614
4039 14618
4040 14622
4041 14626
4042 14630
4043 14634
4044 14638
4045 14642
4046 14646
4047 14650
4048 14654
4049 14658
4050 14662
4051 14666
4052 14670
4053 14674
4054 14678
4055 14682
4056 14686
4057 14690
4058 14694
4059 14698
4060 14702
4061 14706
4062 14710
4063 14714
4064 14718
4065 14722
4066 14726
4067 14730
4068 14734
4069 14738
4070 14742
4071 14746
4072 14750
4073 14754
4074 14758
4075 14762
4076 14766
4077 14770
4078 14774
4079 14778
4080 14782
4081 14786
4082 14790
4083 14794
4084 14798
4085 14802
4086 14806
4087 14810
4088 14814
4089 14818
4090 14822
4091 14826
4092 14830
4093 14834
4094 14838
4095 14842
4096 14846
4097 14850
4098 14854
4099 14858
4100 14862
4101 14866
4102 14870
4103 14874
4104 14878
4105 14882
4106 14886
4107 14890
4108 14894
4109 14898
4110 14902
4111 14906
4112 14910
4113 14914
4114 14918
4115 14922
4116 14926
4117 14930
4118 14934
4119 14938
4120 14942
4121 14946
4122 14950
4123 14954
4124 14958
4125 14962
4126 14966
4127 14970
4128 14974
4129 14978
4130 14982
4131 14986
4132 14990
4133 14994
4134 14998
4135 15001
4136 15005
4137 15009
4138 15013
4139 15017
4140 15021
4141 15025
4142 15029
4143 15033
4144 15037
4145 15041
4146 15045
4147 15049
4148 15053
4149 15057
4150 15061
4151 15065
4152 15069
4153 15073
4154 15077
4155 15081
4156 15085
4157 15089
4158 15093
4159 15097
4160 15101
4161 15105
4162 15109
4163 15113
4164 15117
4165 15121
4166 15125
4167 15129
4168 15133
4169 15137
4170 15141
4171 15145
4172 15149
4173 15153
4174 15157
4175 15161
4176 15165
4177 15169
4178 15173
4179 15177
4180 15181
4181 15185
4182 15189
4183 15193
4184 15196
4185 15200
4186 15204
4187 15207
4188 15211
4189 15215
4190 15219
4191 15222
4192 15226
4193 15230
4194 15234
4195 15238
4196 15242
4197 15246
4198 15250
4199 15254
4200 15258
4201 15262
4202 15266
4203 15270
4204 15274
4205 15278
4206 15282
4207 15286
4208 15290
4209 15293
4210 15296
4211 15299
4212 15302
4213 15305
4214 15308
4215 15312
4216 15316
4217 15320
4218 15323
4219 15327
4220 15331
4221 15335
4222 15339
4223 15343
4224 15347
4225 15351
4226 15355
4227 15359
4228 15363
4229 15367
4230 15370
4231 15374
4232 15378
4233 15381
4234 15385
4235 15388
4236 15392
4237 15396
4238 15400
4239 15404
4240 15408
4241 15412
4242 15416
4243 15420
4244 15424
4245 15428
4246 15431
4247 15434
4248 15437
4249 15441
4250 15445
4251 15449
4252 15453
4253 15457
4254 15461
4255 15465
4256 15469
4257 15473
4258 15477
4259 15481
4260 15485
4261 15489
4262 15493
4263 15497
4264 15501
4265 15505
4266 15509
4267 15513
4268 15517
4269 15521
4270 15525
4271 15529
4272 15533
4273 15537
4274 15541
4275 15545
4276 15549
4277 15553
4278 15556
4279 15560
4280 15564
4281 15568
4282 15571
4283 15575
4284 15579
4285 15583
4286 15587
4287 15591
4288 15595
4289 15596
4290 15597
4291 15600
4292 15604
4293 15608
4294 15612
4295 15616
4296 15620
4297 15624
4298 15628
4299 15632
4300 15635
4301 15637
4302 15639
4303 15641
4304 15644
4305 15648
4306 15652
4307 15656
4308 15660
4309 15664
4310 15668
4311 15672
4312 15676
4313 15680
4314 15684
4315 15688
4316 15692
4317 15696
4318 15700
4319 15704
4320 15708
4321 15712
4322 15716
4323 15719
4324 15723
4325 15727
4326 15731
4327 15735
4328 15739
4329 15743
4330 15747
4331 15751
4332 15753
4333 15755
4334 15759
4335 15763
4336 15766
4337 15769
4338 15773
4339 15777
4340 15781
4341 15785
4342 15786
4343 15787
4344 15791
4345 15795
4346 15799
4347 15803
4348 15807
4349 15811
4350 15815
4351 15819
4352 15823
4353 15827
4354 15831
4355 15834
4356 15838
4357 15842
4358 15846
4359 15849
4360 15853
4361 15857
4362 15861
4363 15863
4364 15867
4365 15871
4366 15875
4367 15879
4368 15883
4369 15887
4370 15891
4389 15892
4390 15895
4391 15899
4392 15903
4393 15907
4394 15911
4395 15915
4396 15919
4397 15923
4398 15927
4399 15931
4400 15935
4401 15939
4402 15943
4403 15947
4404 15951
4405 15955
4406 15959
4407 15963
4408 15967
4409 15971
4410 15972
4412 15973
4415 15975
4416 15976
4417 15978
4418 15979
4419 15982
4420 15983
4421 15987
4423 15988
4424 15991
4425 15995
4426 15999
4427 16003
4428 16007
4429 16010
4430 16012
4431 16014
4432 16015
4433 16017
4434 16018
4436 16019
4439 16020
4441 16021
4442 16022
4443 16023
4445 16024
4447 16026
4449 16028
4450 16029
4452 16031
4453 16034
4454 16038
4455 16042
4456 16046
4457 16050
4458 16054
4459 16058
4460 16062
4461 16066
4462 16070
4463 16074
4464 16078
4465 16082
4466 16086
4467 16090
4468 16094
4469 16098
4470 16102
4471 16106
4472 16110
4473 16114
4474 16118
4475 16122
4476 16126
4477 16130
4478 16134
4479 16138
4480 16142
4481 16146
4482 16150
4483 16154
4484 16158
4485 16162
4486 16166
4487 16170
4488 16174
4489 16178
4490 16182
4491 16186
4492 16190
4493 16194
4494 16198
4495 16202
4496 16206
4497 16209
4498 16213
4499 16217
4500 16221
4501 16225
