356 0
357 2
358 6
359 10
360 14
361 18
362 22
363 26
364 30
365 34
366 38
367 42
368 46
369 50
370 54
371 58
372 62
373 66
374 70
375 74
376 78
377 82
378 86
379 90
380 94
381 98
382 102
383 106
384 110
385 114
386 118
387 122
388 126
389 130
390 134
391 138
392 142
393 145
394 149
395 153
396 157
397 161
398 165
399 169
400 173
401 177
402 181
403 185
404 189
405 193
406 197
407 201
408 205
409 208
410 212
411 216
412 220
413 224
414 227
415 231
416 234
417 237
418 241
419 245
420 249
421 253
422 256
423 260
424 264
425 268
426 272
427 276
428 280
429 284
430 288
431 292
432 296
433 300
434 304
435 308
436 312
437 316
438 320
439 324
440 328
441 332
442 336
443 339
444 343
445 345
446 348
447 352
448 355
449 358
450 362
451 365
452 369
453 373
454 377
455 380
456 384
457 387
458 391
459 394
460 398
461 402
462 406
463 410
464 414
465 418
466 422
467 426
468 430
469 434
470 438
471 442
472 446
473 450
474 454
475 458
476 462
477 466
478 470
479 474
480 478
481 482
482 486
483 490
484 494
485 498
486 502
487 506
488 510
489 514
490 518
491 522
492 526
493 530
494 534
495 538
496 542
497 546
498 550
499 554
500 558
501 561
502 565
503 569
504 573
505 577
506 581
507 584
508 587
509 591
510 595
511 599
512 603
513 607
514 610
515 614
516 618
517 622
518 625
519 627
520 629
521 633
522 637
523 641
524 645
525 648
526 652
527 656
528 660
529 664
530 668
531 672
532 676
533 680
534 684
535 688
536 691
537 695
538 698
539 701
540 704
541 708
542 710
543 713
544 715
545 719
546 722
547 726
548 727
549 731
550 733
551 734
552 737
553 740
554 744
555 747
556 751
557 755
558 759
559 761
560 765
561 769
562 773
563 776
564 780
565 784
566 786
567 789
568 792
569 796
570 800
571 804
572 808
573 812
574 816
575 820
576 824
577 825
578 829
579 833
580 837
581 841
582 845
583 849
584 853
585 856
586 859
587 863
588 867
589 871
590 874
591 876
592 879
593 883
594 886
595 889
596 893
597 897
598 901
599 905
600 907
601 910
602 914
603 918
604 922
605 926
606 930
607 934
608 938
609 942
610 946
611 950
612 954
613 958
614 962
615 966
616 970
617 974
618 978
619 982
620 986
621 990
622 994
623 998
624 1002
625 1006
626 1010
627 1014
628 1018
629 1022
630 1026
631 1030
632 1034
633 1038
634 1042
635 1045
636 1048
637 1052
638 1056
639 1059
640 1062
641 1066
642 1069
643 1073
644 1077
645 1080
646 1084
647 1088
648 1092
649 1096
650 1100
651 1104
652 1108
653 1112
654 1116
655 1120
656 1124
657 1128
658 1132
659 1136
660 1140
661 1144
662 1148
663 1151
664 1154
665 1157
666 1161
667 1164
668 1168
669 1171
670 1174
671 1177
672 1180
673 1184
674 1188
675 1192
676 1196
677 1200
678 1204
679 1206
680 1208
681 1211
682 1213
683 1215
684 1218
685 1222
686 1225
687 1229
688 1233
689 1237
690 1241
691 1243
692 1247
693 1250
694 1254
695 1257
696 1260
697 1264
698 1268
699 1272
700 1276
701 1280
702 1283
703 1287
704 1290
705 1293
706 1296
707 1299
708 1302
709 1306
710 1310
711 1314
712 1318
713 1322
714 1326
715 1330
716 1334
717 1338
718 1342
719 1346
720 1348
721 1352
722 1355
723 1357
724 1359
725 1362
726 1366
727 1369
728 1373
729 1377
730 1381
731 1385
732 1389
733 1393
734 1397
735 1401
736 1403
737 1407
738 1408
739 1411
746 1412
747 1414
748 1416
749 1419
750 1421
751 1425
752 1427
753 1429
754 1432
755 1433
756 1435
757 1439
758 1440
759 1444
760 1447
761 1449
762 1451
763 1454
764 1456
765 1460
766 1463
767 1467
768 1470
769 1473
770 1475
771 1476
772 1479
773 1483
774 1486
775 1489
776 1492
777 1495
780 1497
781 1498
782 1500
783 1502
786 1503
787 1506
789 1508
811 1509
812 1510
813 1512
814 1513
830 1514
832 1515
833 1519
834 1523
835 1527
836 1531
837 1535
838 1539
839 1543
840 1547
841 1551
842 1555
843 1558
844 1562
845 1566
846 1569
847 1573
848 1577
849 1581
850 1585
851 1589
852 1593
853 1597
854 1601
855 1605
856 1609
857 1613
858 1617
859 1620
860 1624
861 1628
862 1632
863 1636
864 1640
865 1644
866 1648
867 1652
868 1656
869 1659
870 1663
871 1667
872 1671
873 1675
874 1678
875 1680
876 1684
877 1688
878 1691
879 1695
880 1699
881 1703
882 1707
883 1711
884 1715
885 1719
886 1723
887 1727
888 1731
889 1735
890 1739
891 1743
892 1747
893 1751
894 1755
895 1759
896 1763
897 1767
898 1771
899 1775
900 1779
901 1783
902 1787
903 1791
904 1795
905 1799
906 1803
907 1807
908 1811
909 1815
910 1819
911 1823
912 1827
913 1831
914 1835
915 1839
916 1843
917 1847
918 1851
919 1855
920 1859
921 1863
922 1867
923 1871
924 1875
925 1879
926 1883
927 1887
928 1891
929 1895
930 1899
931 1903
932 1907
933 1911
934 1915
935 1919
936 1923
937 1927
938 1931
939 1935
940 1939
941 1943
942 1947
943 1951
944 1955
945 1959
946 1963
947 1967
948 1971
949 1975
950 1979
951 1983
952 1987
953 1991
954 1995
955 1999
956 2003
957 2007
958 2011
959 2015
960 2019
961 2023
962 2027
963 2031
964 2035
965 2039
966 2043
967 2047
968 2051
969 2055
970 2059
971 2063
972 2067
973 2071
974 2075
975 2079
976 2083
977 2087
978 2091
979 2095
980 2099
981 2103
982 2107
983 2111
984 2115
985 2119
986 2123
987 2127
988 2131
989 2135
990 2139
991 2143
992 2147
993 2151
994 2155
995 2159
996 2163
997 2167
998 2170
999 2174
1000 2178
1001 2182
1002 2186
1003 2188
1004 2192
1005 2196
1006 2200
1007 2204
1008 2208
1009 2212
1010 2216
1011 2220
1012 2222
1013 2226
1014 2230
1015 2234
1016 2238
1017 2242
1018 2246
1019 2250
1020 2254
1021 2258
1022 2262
1023 2265
1024 2269
1025 2273
1026 2277
1027 2281
1028 2285
1029 2289
1030 2293
1031 2297
1032 2301
1033 2305
1034 2309
1035 2313
1036 2317
1037 2321
1038 2325
1039 2329
1040 2333
1041 2337
1042 2341
1043 2345
1044 2349
1045 2353
1046 2357
1047 2361
1048 2365
1049 2369
1050 2373
1051 2377
1052 2381
1053 2385
1054 2389
1055 2393
1056 2397
1057 2401
1058 2405
1059 2409
1060 2413
1061 2417
1062 2421
1063 2425
1064 2429
1065 2433
1066 2437
1067 2441
1068 2445
1069 2449
1070 2453
1071 2457
1072 2461
1073 2465
1074 2469
1075 2473
1076 2477
1077 2481
1078 2485
1079 2489
1080 2493
1081 2497
1082 2501
1083 2505
1084 2509
1085 2513
1086 2517
1087 2521
1088 2525
1089 2529
1090 2533
1091 2537
1092 2541
1093 2545
1094 2549
1095 2553
1096 2557
1097 2561
1098 2565
1099 2569
1100 2573
1101 2577
1102 2581
1103 2585
1104 2589
1105 2593
1106 2596
1107 2600
1108 2604
1109 2608
1110 2612
1111 2615
1112 2618
1113 2619
1114 2622
1115 2626
1116 2630
1117 2634
1119 2637
1120 2639
1121 2642
1122 2646
1123 2650
1124 2654
1125 2658
1126 2662
1127 2666
1128 2670
1129 2674
1130 2678
1131 2682
1132 2686
1133 2690
1134 2694
1135 2697
1136 2701
1137 2705
1138 2709
1139 2713
1140 2717
1141 2721
1142 2725
1143 2729
1144 2733
1145 2737
1146 2741
1147 2745
1148 2749
1149 2753
1150 2757
1151 2761
1152 2765
1153 2769
1154 2773
1155 2777
1156 2781
1157 2785
1158 2789
1159 2793
1160 2797
1161 2801
1162 2805
1163 2809
1164 2813
1165 2817
1166 2821
1167 2825
1168 2829
1169 2833
1170 2837
1171 2841
1172 2845
1173 2849
1174 2853
1175 2857
1176 2861
1177 2865
1178 2869
1179 2873
1180 2877
1181 2881
1182 2885
1183 2889
1184 2893
1185 2897
1186 2901
1187 2905
1188 2909
1189 2913
1190 2917
1191 2921
1196 2924
1197 2928
1198 2932
1199 2935
1200 2939
1201 2943
1202 2947
1203 2951
1204 2955
1205 2959
1206 2963
1207 2967
1208 2971
1209 2975
1210 2979
1211 2983
1212 2987
1213 2991
1214 2995
1215 2999
1216 3003
1217 3007
1218 3011
1219 3015
1220 3019
1221 3023
1222 3027
1223 3031
1224 3035
1225 3039
1226 3043
1227 3047
1228 3051
1229 3055
1230 3059
1231 3062
1236 3063
1237 3067
1238 3071
1239 3075
1240 3079
1241 3083
1242 3087
1243 3091
1244 3095
1245 3099
1246 3103
1247 3107
1248 3111
1249 3115
1250 3119
1251 3123
1252 3127
1253 3131
1254 3135
1255 3139
1256 3143
1257 3147
1258 3151
1259 3155
1260 3159
1261 3163
1262 3167
1263 3171
1264 3175
1265 3179
1266 3183
1267 3187
1268 3191
1269 3195
1270 3199
1271 3203
1272 3207
