110 0
111 3
112 7
113 11
114 15
115 19
116 23
117 27
118 31
119 35
120 39
121 43
122 47
123 51
124 55
125 59
126 63
127 67
128 71
129 75
130 79
131 83
132 87
133 91
134 95
135 99
136 103
137 107
138 111
139 115
140 119
141 123
142 127
143 131
144 135
145 139
146 143
147 147
148 151
149 155
150 159
151 163
152 167
153 171
154 175
155 179
156 183
157 187
158 191
159 195
160 199
161 203
162 207
163 211
164 215
165 219
166 223
167 227
168 231
169 235
170 239
171 243
172 247
173 251
174 255
175 259
176 263
177 267
178 271
179 275
180 279
181 283
182 287
183 291
184 295
185 299
186 303
187 307
188 311
189 315
190 319
191 323
192 327
193 331
194 335
195 339
196 343
197 347
198 351
199 355
200 359
201 363
202 367
203 371
204 375
205 379
206 383
207 387
208 391
209 395
210 399
211 402
212 405
213 408
214 411
215 414
216 418
217 422
218 426
219 430
220 434
221 438
222 442
223 446
224 450
225 454
226 458
227 462
228 466
229 470
230 474
231 478
232 482
233 486
234 490
235 494
236 498
237 502
238 506
239 510
240 514
241 518
242 522
243 526
244 530
245 534
246 538
247 542
248 546
249 548
250 552
251 555
252 558
253 561
254 563
255 566
256 569
257 572
258 576
259 580
260 584
261 588
262 592
263 596
264 600
265 604
266 608
267 612
268 616
269 620
270 624
271 628
272 632
273 636
274 640
275 644
276 648
277 652
278 656
279 660
280 664
281 668
282 672
283 676
284 680
285 684
286 688
287 692
288 696
289 700
290 704
291 708
292 712
293 716
294 720
295 724
296 728
297 732
298 735
299 738
300 742
301 745
302 747
303 751
304 754
305 757
306 760
307 763
308 767
309 771
310 775
311 779
312 783
313 787
314 791
315 794
316 798
317 802
318 806
319 810
320 814
321 818
322 822
323 826
324 830
325 834
326 838
327 842
328 846
329 850
330 854
331 858
332 862
333 865
334 869
335 873
336 877
337 881
338 885
339 889
340 893
341 897
342 901
343 905
344 909
345 913
346 917
347 921
348 925
349 929
350 933
351 937
352 941
353 945
354 949
355 953
356 957
357 961
358 965
359 969
360 973
361 977
362 981
363 985
364 989
365 993
366 997
367 1001
368 1005
369 1008
370 1012
371 1016
372 1020
373 1024
374 1028
375 1032
376 1036
377 1040
378 1044
379 1048
380 1052
381 1056
382 1060
383 1064
384 1068
385 1072
386 1076
387 1079
388 1083
389 1087
390 1091
391 1095
392 1099
393 1103
394 1107
395 1111
396 1115
397 1119
398 1123
399 1127
400 1131
401 1135
402 1139
403 1143
404 1147
405 1151
406 1155
407 1159
408 1163
409 1167
410 1171
411 1175
412 1179
413 1183
414 1187
415 1191
416 1195
417 1199
418 1203
419 1207
420 1211
421 1215
422 1218
423 1222
424 1226
425 1230
426 1234
427 1238
428 1242
429 1246
430 1250
431 1254
432 1257
433 1261
434 1265
435 1269
436 1273
437 1277
438 1281
439 1285
440 1289
441 1293
442 1297
443 1301
444 1305
445 1309
446 1311
447 1314
448 1317
449 1321
450 1324
451 1326
452 1328
453 1331
454 1334
455 1337
456 1340
457 1342
458 1346
459 1350
460 1354
461 1358
462 1362
463 1365
464 1368
465 1372
466 1376
467 1380
468 1384
469 1388
470 1392
471 1396
472 1400
473 1404
474 1408
475 1412
476 1416
477 1420
478 1424
479 1428
480 1432
481 1436
482 1440
483 1444
484 1448
485 1452
486 1456
487 1460
488 1464
489 1468
490 1472
491 1476
492 1480
493 1484
494 1488
495 1491
496 1495
497 1499
498 1503
499 1507
500 1511
501 1515
502 1519
503 1523
504 1527
505 1531
506 1535
507 1539
508 1543
509 1547
510 1551
511 1555
512 1559
513 1563
514 1567
515 1571
516 1575
517 1579
518 1583
519 1587
520 1591
521 1595
522 1599
523 1603
524 1607
525 1611
526 1615
527 1619
528 1623
529 1627
530 1631
531 1635
532 1639
533 1643
534 1647
535 1651
536 1655
537 1659
538 1663
539 1667
540 1671
541 1675
542 1679
543 1683
544 1687
545 1691
546 1695
547 1699
548 1703
549 1707
550 1711
551 1715
552 1719
553 1723
554 1727
555 1731
556 1735
557 1739
558 1743
559 1747
560 1751
561 1755
562 1759
563 1763
564 1766
565 1769
566 1773
567 1777
568 1781
569 1785
570 1789
571 1793
572 1797
573 1801
574 1805
575 1809
576 1813
577 1817
578 1821
579 1825
580 1829
581 1833
582 1837
583 1841
584 1845
585 1849
586 1853
587 1857
588 1861
589 1865
590 1869
591 1873
592 1877
593 1881
594 1885
595 1889
596 1893
597 1897
598 1901
599 1905
600 1909
601 1913
602 1917
603 1920
604 1923
605 1927
606 1930
607 1934
608 1938
609 1940
610 1943
611 1946
612 1949
613 1952
614 1954
615 1956
616 1958
617 1961
618 1963
619 1966
620 1969
621 1972
622 1976
623 1980
624 1984
625 1988
626 1992
627 1996
628 2000
629 2004
630 2008
631 2012
632 2016
633 2020
634 2024
635 2028
636 2032
637 2036
638 2040
639 2044
640 2048
641 2052
642 2056
643 2060
644 2064
645 2068
646 2072
647 2076
648 2080
649 2084
650 2088
651 2092
652 2096
653 2100
654 2104
655 2108
656 2112
657 2116
658 2120
659 2124
660 2128
661 2132
662 2136
663 2140
664 2144
665 2148
666 2152
667 2156
668 2160
669 2164
670 2168
671 2172
672 2176
673 2180
674 2184
675 2188
676 2192
677 2196
678 2200
679 2204
680 2208
681 2212
682 2216
683 2220
684 2224
685 2228
686 2232
687 2236
688 2240
689 2244
690 2248
691 2252
692 2256
693 2260
694 2264
695 2268
696 2272
697 2276
698 2280
699 2284
700 2288
701 2292
702 2296
703 2300
704 2304
705 2308
706 2312
707 2316
708 2320
709 2324
710 2328
711 2332
712 2336
713 2340
714 2344
715 2348
716 2352
717 2356
718 2360
719 2364
720 2368
721 2372
722 2376
723 2380
724 2384
725 2388
726 2392
727 2396
728 2400
729 2404
730 2408
731 2412
732 2416
733 2420
734 2424
735 2428
736 2432
737 2436
738 2440
739 2444
740 2448
741 2452
742 2456
743 2460
744 2464
745 2468
746 2472
747 2476
748 2480
749 2484
750 2488
751 2492
752 2496
753 2500
754 2504
755 2508
756 2512
757 2516
758 2520
759 2524
760 2528
761 2532
762 2536
763 2540
764 2544
765 2548
766 2552
767 2556
768 2560
769 2564
770 2568
771 2572
772 2576
773 2580
774 2584
775 2588
776 2592
777 2596
778 2600
779 2604
780 2608
781 2612
782 2616
783 2620
784 2624
785 2628
786 2632
787 2636
788 2640
789 2644
790 2648
791 2652
792 2656
793 2660
794 2664
795 2668
796 2672
797 2676
798 2680
799 2684
800 2688
801 2692
802 2696
803 2700
804 2704
805 2708
806 2712
807 2716
808 2720
809 2724
810 2728
811 2732
812 2736
813 2740
814 2744
815 2748
816 2752
817 2756
818 2760
819 2764
820 2768
821 2772
822 2776
823 2780
824 2784
825 2788
826 2792
827 2796
828 2800
829 2804
830 2808
831 2812
832 2816
833 2820
834 2824
835 2828
836 2832
837 2836
838 2840
839 2844
840 2848
841 2852
842 2856
843 2860
844 2864
845 2868
846 2872
847 2876
848 2880
849 2884
850 2888
851 2892
852 2896
853 2900
854 2904
855 2908
856 2912
857 2916
858 2920
859 2924
860 2928
861 2932
862 2936
863 2940
864 2944
865 2948
866 2952
867 2956
868 2960
869 2964
870 2968
871 2972
872 2976
873 2980
874 2984
875 2988
876 2992
877 2996
878 3000
879 3004
880 3008
881 3012
882 3016
883 3020
884 3024
885 3028
886 3032
887 3036
888 3040
889 3044
890 3048
891 3052
892 3056
893 3060
894 3064
895 3068
896 3072
897 3076
898 3080
899 3084
900 3088
901 3092
902 3096
903 3100
904 3104
905 3108
906 3112
907 3116
908 3120
909 3124
910 3128
911 3132
912 3136
913 3140
914 3144
915 3148
916 3152
917 3156
918 3160
919 3164
920 3168
921 3172
922 3176
923 3180
924 3184
925 3188
926 3192
927 3196
928 3200
929 3204
930 3208
931 3212
932 3216
933 3220
934 3224
935 3228
936 3232
937 3236
938 3240
939 3244
940 3248
941 3252
942 3256
943 3260
944 3264
945 3268
946 3272
947 3276
948 3280
949 3284
950 3288
951 3292
952 3296
953 3300
954 3304
955 3308
956 3312
957 3316
958 3320
959 3324
960 3328
961 3332
962 3336
963 3340
964 3344
965 3348
966 3352
967 3356
968 3360
969 3364
970 3368
971 3372
972 3376
973 3380
974 3384
975 3388
976 3392
977 3396
978 3400
979 3404
980 3408
981 3412
982 3416
983 3420
984 3424
985 3428
986 3432
987 3436
988 3440
989 3444
990 3448
991 3452
992 3456
993 3460
994 3464
995 3468
996 3472
997 3476
998 3480
999 3484
1000 3488
1001 3492
1002 3496
1003 3500
1004 3504
1005 3508
1006 3512
1007 3516
1008 3520
1009 3524
1010 3528
1011 3532
1012 3536
1013 3540
1014 3544
1015 3548
1016 3552
1017 3556
1018 3560
1019 3564
1020 3568
1021 3572
1022 3576
1023 3580
1024 3584
1025 3588
1026 3592
1027 3596
1028 3600
1029 3604
1030 3608
1031 3612
1032 3616
1033 3620
1034 3624
1035 3628
1036 3632
1037 3636
1038 3640
1039 3644
1040 3648
1041 3652
1042 3656
1043 3660
1044 3664
1045 3668
1046 3672
1047 3676
1048 3680
1049 3684
1050 3688
1051 3692
1052 3696
1053 3700
1054 3704
1055 3708
1056 3712
1057 3716
1058 3720
1059 3724
1060 3728
1061 3732
1062 3736
1063 3740
1064 3744
1065 3748
1066 3752
1067 3756
1068 3760
1069 3764
1070 3768
1071 3772
1072 3776
1073 3780
1074 3784
1075 3788
1076 3792
1077 3796
1078 3800
1079 3804
1080 3808
1081 3812
1082 3816
1083 3820
1084 3824
1085 3828
1086 3832
1087 3836
1088 3840
1089 3844
1090 3848
1091 3852
1092 3856
1093 3860
1094 3864
1095 3868
1096 3872
1097 3876
1098 3880
1099 3884
1100 3888
1101 3892
1102 3896
1103 3900
1104 3904
1105 3908
1106 3912
1107 3916
1108 3920
1109 3924
1110 3928
1111 3932
1112 3936
1113 3940
1114 3944
1115 3948
1116 3952
1117 3956
1118 3960
1119 3964
1120 3968
1121 3972
1122 3976
1123 3980
1124 3984
1125 3988
1126 3992
1127 3996
1128 4000
1129 4004
1130 4008
1131 4011
1132 4013
1133 4017
1134 4021
1135 4025
1136 4029
1137 4032
1138 4034
1139 4038
1140 4040
1141 4044
1142 4046
1143 4048
1144 4052
1145 4056
1146 4060
1147 4064
1148 4068
1149 4072
1150 4076
1151 4080
1152 4084
1153 4088
1154 4092
1155 4096
1156 4100
1157 4104
1158 4108
1159 4112
1160 4116
1161 4120
1162 4124
1163 4128
1164 4132
1165 4136
1166 4140
1167 4144
1168 4148
1169 4152
1170 4156
1171 4160
1172 4164
1173 4168
1174 4172
1175 4176
1176 4180
1177 4184
1178 4188
1179 4192
1180 4196
1181 4200
1182 4204
1183 4208
1184 4212
1185 4216
1186 4220
1187 4224
1188 4228
1189 4232
1190 4236
1191 4240
1192 4244
1193 4248
1194 4252
1195 4256
1196 4260
1197 4264
1198 4268
1199 4272
1200 4276
1201 4280
1202 4284
1203 4288
1204 4292
1205 4296
1206 4300
1207 4304
1208 4308
1209 4312
1210 4316
1211 4320
1212 4324
1213 4328
1214 4332
1215 4336
1216 4340
1217 4344
1218 4348
1219 4352
1220 4356
1221 4360
1222 4364
1223 4368
1224 4372
1225 4376
1226 4380
1227 4384
1228 4388
1229 4392
1230 4396
1231 4400
1232 4404
1233 4408
1234 4412
1235 4416
1236 4420
1237 4424
1238 4428
1239 4432
1240 4436
1241 4440
1242 4444
1243 4448
1244 4452
1245 4456
1246 4460
1247 4464
1248 4468
1249 4472
1250 4476
1251 4480
1252 4484
1253 4486
1254 4488
1255 4492
1256 4494
1257 4496
1258 4499
1259 4503
1260 4507
1261 4510
1262 4513
1263 4517
1264 4521
1265 4525
1266 4529
1267 4533
1268 4537
1269 4541
1270 4545
1271 4549
1272 4553
1273 4557
1274 4561
1275 4565
1276 4569
1277 4573
1278 4577
1279 4581
1280 4585
1281 4589
1282 4593
1283 4597
1284 4601
1285 4604
1286 4607
1287 4609
1288 4612
1289 4615
1290 4619
1291 4622
1292 4626
1293 4630
1294 4634
1295 4638
1296 4642
1297 4646
1298 4650
1299 4654
1300 4658
1301 4662
1302 4666
1303 4670
1304 4674
1305 4678
1306 4682
1307 4686
1308 4690
1309 4694
1310 4698
1311 4702
1312 4706
1313 4710
1314 4714
1315 4718
1316 4722
1317 4726
1318 4730
1319 4734
1320 4738
1321 4742
1322 4746
1323 4750
1324 4754
1325 4758
1326 4762
1327 4766
1328 4770
1329 4774
1330 4778
1331 4782
1332 4786
1333 4790
1334 4794
1335 4798
1336 4802
1337 4806
1338 4810
1339 4813
1340 4817
1341 4821
1342 4825
1343 4829
1344 4833
1345 4837
1346 4841
1347 4845
1348 4849
1349 4853
1350 4857
1351 4861
1352 4865
1353 4869
1354 4873
1355 4877
1356 4881
1357 4885
1358 4889
1359 4893
1360 4897
1361 4901
1362 4905
1363 4909
1364 4913
1365 4917
1366 4921
1367 4925
1368 4929
1369 4933
1370 4937
1371 4941
1372 4945
1373 4949
1374 4953
1375 4957
1376 4961
1377 4965
1378 4969
1379 4973
1380 4977
1381 4981
1382 4985
1383 4989
1384 4993
1385 4997
1386 5001
1387 5005
1388 5009
1389 5013
1390 5017
1391 5021
1392 5025
1393 5029
1394 5033
1395 5037
1396 5041
1397 5045
1398 5049
1399 5053
1400 5057
1401 5061
1402 5065
1403 5069
1404 5073
1405 5077
1406 5081
1407 5085
1408 5089
1409 5093
1410 5097
1411 5101
1412 5105
1413 5109
1414 5113
1415 5117
1416 5121
1417 5125
1418 5129
1419 5133
1420 5137
1421 5141
1422 5145
1423 5149
1424 5153
1425 5157
1426 5161
1427 5165
1428 5169
1429 5173
1430 5177
1431 5181
1432 5185
1433 5189
1434 5193
1435 5197
1436 5201
1437 5205
1438 5209
1439 5213
1440 5217
1441 5221
1442 5225
1443 5229
1444 5233
1445 5237
1446 5241
1447 5245
1448 5249
1449 5253
1450 5257
1451 5261
1452 5265
1453 5269
1454 5273
1455 5277
1456 5281
1457 5285
1458 5289
1459 5293
1460 5297
1461 5301
1462 5305
1463 5309
1464 5313
1465 5317
1466 5321
1467 5325
1468 5329
1469 5333
1470 5337
1471 5341
1472 5345
1473 5349
1474 5353
1475 5357
1476 5361
1477 5364
1478 5368
1479 5372
1480 5376
1481 5380
1482 5384
1483 5388
1484 5392
1485 5396
1486 5400
1487 5404
1488 5408
1489 5411
1490 5415
1491 5419
1492 5423
1493 5427
1494 5431
1495 5434
1496 5438
1497 5442
1498 5446
1499 5450
1500 5454
1501 5458
1502 5462
1503 5465
1504 5469
1505 5472
1506 5475
1507 5479
1508 5482
1509 5486
1510 5490
1511 5494
1512 5498
1513 5502
1514 5506
1515 5510
1516 5514
1517 5518
1518 5522
1519 5526
1520 5530
1521 5534
1522 5538
1523 5542
1524 5546
1525 5550
1526 5554
1527 5558
1528 5562
1529 5566
1530 5570
1531 5574
1532 5578
1533 5582
1534 5586
1535 5590
1536 5594
1537 5598
1538 5602
1539 5606
1540 5610
1541 5614
1542 5618
1543 5622
1544 5626
1545 5630
1546 5634
1547 5638
1548 5642
1549 5646
1550 5650
1551 5654
1552 5658
1553 5661
1554 5665
1555 5669
1556 5673
1557 5677
1558 5681
1559 5685
1560 5689
1561 5693
1562 5697
1563 5701
1564 5705
1565 5709
1566 5713
1567 5717
1568 5721
1569 5725
1570 5729
1571 5732
1572 5736
1573 5740
1574 5744
1575 5747
1576 5751
1577 5755
1578 5759
1579 5763
1580 5767
1581 5771
1582 5775
1583 5779
1584 5783
1585 5787
1586 5791
1587 5795
1588 5799
1589 5803
1590 5807
1591 5811
1592 5815
1593 5819
1594 5823
1595 5827
1596 5831
1597 5835
1598 5839
1599 5843
1600 5847
1601 5851
1602 5855
1603 5859
1604 5863
1605 5867
1606 5871
1607 5875
1608 5879
1609 5883
1610 5887
1611 5891
1612 5895
1613 5899
1614 5903
1615 5907
1616 5911
1617 5915
1618 5919
1619 5923
1620 5927
1621 5931
1622 5935
1623 5939
1624 5943
1625 5947
1626 5951
1627 5955
1628 5959
1629 5963
1630 5967
1631 5971
1632 5975
1633 5979
1634 5983
1635 5987
1636 5991
1637 5995
1638 5999
1639 6003
1640 6007
1641 6011
1642 6015
1643 6019
1644 6023
1645 6026
1646 6029
1647 6033
1648 6037
1649 6041
1650 6044
1651 6047
1652 6048
1653 6050
1654 6054
1655 6056
1656 6060
1657 6064
1658 6068
1659 6071
1660 6074
1661 6078
1662 6081
1663 6085
1664 6088
1665 6092
1666 6096
1667 6100
1668 6104
1669 6108
1670 6112
1671 6116
1672 6119
1673 6123
1674 6127
1675 6131
1676 6135
1677 6139
1678 6143
1679 6147
1680 6151
1681 6155
1682 6159
1683 6163
1684 6167
1685 6171
1686 6175
1687 6179
1688 6183
1689 6187
1690 6191
1691 6195
1692 6199
1693 6203
1694 6207
1695 6211
1696 6215
1697 6219
1698 6223
1699 6227
1700 6231
1701 6235
1702 6239
1703 6243
1704 6247
1705 6251
1706 6255
1707 6259
1708 6263
1709 6267
1710 6271
1711 6275
1712 6279
1713 6283
1714 6287
1715 6291
1716 6295
1717 6299
1718 6303
1719 6307
1720 6311
1721 6315
1722 6319
1723 6323
1724 6327
1725 6331
1726 6335
1727 6339
1728 6343
1729 6347
1730 6351
1731 6355
1732 6359
1733 6363
1734 6367
1735 6371
1736 6375
1737 6379
1738 6383
1739 6387
1740 6391
1741 6395
1742 6399
1743 6403
1744 6407
1745 6411
1746 6415
1747 6419
1748 6423
1749 6427
1750 6431
1751 6435
1752 6439
1753 6443
1754 6447
1755 6451
1756 6455
1757 6459
1758 6463
1759 6467
1760 6471
1761 6475
1762 6479
1763 6483
1764 6487
1765 6491
1766 6495
1767 6499
1768 6503
1769 6507
1770 6511
1771 6515
1772 6519
1773 6523
1774 6527
1775 6530
1776 6535
1777 6539
1778 6543
1779 6547
1780 6551
1781 6555
1782 6559
1783 6563
1784 6566
1785 6570
1786 6574
1787 6579
1788 6583
1789 6587
1790 6591
1791 6595
1792 6599
1793 6602
1794 6606
1795 6610
1796 6614
1797 6619
1798 6623
1799 6627
1800 6631
1801 6635
1802 6638
1803 6642
1804 6646
1805 6650
1806 6654
1807 6658
1808 6663
1809 6667
1810 6671
1811 6674
1812 6678
1813 6682
1814 6686
1815 6690
1816 6694
1817 6698
1818 6703
1819 6706
1820 6710
1821 6714
1822 6718
1823 6722
1824 6726
1825 6730
1826 6734
1827 6738
1828 6742
1829 6746
1830 6750
1831 6754
1832 6758
1833 6762
1834 6766
1835 6770
1836 6774
1837 6778
1838 6782
1839 6786
1840 6790
1841 6794
1842 6798
1843 6802
1844 6806
1845 6810
1846 6814
1847 6818
1848 6822
1849 6826
1850 6830
1851 6834
1852 6838
1853 6842
1854 6846
1855 6850
1856 6854
1857 6858
1858 6862
1859 6866
1860 6870
1861 6874
1862 6878
1863 6882
1864 6886
1865 6890
1866 6894
1867 6898
1868 6902
1869 6906
1870 6910
1871 6914
1872 6918
1873 6922
1874 6926
1875 6930
1876 6934
1877 6938
1878 6942
1879 6946
1880 6950
1881 6954
1882 6958
1883 6962
1884 6966
1885 6970
1886 6974
1887 6978
1888 6982
1889 6986
1890 6990
1891 6994
1892 6998
1893 7002
1894 7006
1895 7010
1896 7014
1897 7018
1898 7022
1899 7026
1900 7030
1901 7034
1902 7038
1903 7042
1904 7046
1905 7050
1906 7054
1907 7058
1908 7062
1909 7066
1910 7070
1911 7074
1912 7078
1913 7082
1914 7086
1915 7090
1916 7094
1917 7098
1918 7102
1919 7106
1920 7110
1921 7114
1922 7118
1923 7122
1924 7126
1925 7130
1926 7134
1927 7138
1928 7142
1929 7146
1930 7150
1931 7154
1932 7158
1933 7162
1934 7166
1935 7170
1936 7174
1937 7178
1938 7182
1939 7186
1940 7190
1941 7194
1942 7197
1943 7200
1944 7204
1945 7208
1946 7212
1947 7216
1948 7220
1949 7224
1950 7228
1951 7231
1952 7235
1953 7237
1954 7240
1955 7243
1956 7246
1957 7249
1958 7252
1959 7253
1974 7254
1976 7255
1982 7256
1984 7257
1985 7258
1987 7259
1988 7260
1989 7261
1990 7262
1991 7264
1992 7265
1994 7266
1999 7267
2000 7270
2001 7272
2003 7275
2004 7277
2005 7279
2006 7280
2007 7281
2008 7283
2009 7285
2010 7288
2011 7292
2012 7295
2013 7299
2014 7303
2015 7306
2016 7309
2017 7313
2018 7317
2019 7321
2020 7325
2021 7329
2022 7332
2023 7334
2024 7337
2025 7340
2026 7343
2027 7347
2028 7351
2029 7354
2030 7357
2031 7361
2032 7365
2033 7368
2034 7372
2035 7376
2036 7380
2037 7384
2038 7387
2039 7391
2040 7395
2041 7399
2042 7403
2043 7407
2044 7411
2045 7415
2046 7419
2047 7423
2048 7427
2049 7431
2050 7435
2051 7439
2052 7443
2053 7447
2054 7450
2055 7454
2056 7458
2057 7462
2058 7466
2059 7470
2060 7474
2061 7478
2062 7482
2063 7486
2064 7490
2065 7494
2066 7498
2067 7502
2068 7506
2069 7509
2070 7513
2071 7517
2072 7521
2073 7525
2074 7528
2075 7532
2076 7536
2077 7540
2078 7544
2079 7548
2080 7552
2081 7556
2082 7560
2083 7564
2084 7568
2085 7572
2086 7576
2087 7580
2088 7584
2089 7588
2090 7592
2091 7596
2092 7600
2093 7604
2094 7608
2095 7612
2096 7616
2097 7620
2098 7624
2099 7628
2100 7632
2101 7636
2102 7640
2103 7644
2104 7648
2105 7652
2106 7656
2107 7660
2108 7664
2109 7668
2110 7672
2111 7676
2112 7680
2113 7684
2114 7688
2115 7692
2116 7696
2117 7700
2118 7704
2119 7708
2120 7712
2121 7716
2122 7720
2123 7724
2124 7728
2125 7732
2126 7736
2127 7740
2128 7744
2129 7748
2130 7752
2131 7756
2132 7760
2133 7764
2134 7768
2135 7772
2136 7776
2137 7779
2138 7783
2139 7787
2140 7791
2141 7795
2142 7799
2143 7803
2144 7807
2145 7811
2146 7815
2147 7819
2148 7823
2149 7827
2150 7831
2151 7835
2152 7839
2153 7843
2154 7847
2155 7851
2156 7855
2157 7859
2158 7863
2159 7867
2160 7871
2161 7875
2162 7879
2163 7883
2164 7887
2165 7891
2166 7895
2167 7899
2168 7903
2169 7907
2170 7911
2171 7915
2172 7919
2173 7923
2174 7927
2175 7931
2176 7935
2177 7939
2178 7943
2179 7947
2180 7951
2181 7955
2182 7959
2183 7963
2184 7967
2185 7970
2186 7974
2187 7978
2188 7982
2189 7986
2190 7990
2191 7994
2192 7998
2193 8002
2194 8006
2195 8010
2196 8014
2197 8018
2198 8022
2199 8026
2200 8030
2201 8034
2202 8038
2203 8042
2204 8046
2205 8050
2206 8054
2207 8058
2208 8062
2209 8066
2210 8070
2211 8074
2212 8078
2213 8082
2214 8085
2215 8088
2216 8092
2217 8096
2218 8100
2219 8104
2220 8108
2221 8112
2222 8116
2223 8120
2224 8124
2225 8128
2226 8132
2227 8136
2228 8140
2229 8144
2230 8148
2231 8152
2232 8156
2233 8160
2234 8164
2235 8168
2236 8172
2237 8176
2238 8180
2239 8184
2240 8188
2241 8192
2242 8195
2243 8199
2244 8203
2245 8207
2246 8211
2247 8215
2248 8219
2249 8223
2250 8227
2251 8231
2252 8235
2253 8239
2254 8243
2255 8247
2256 8251
2257 8255
2258 8259
2259 8263
2260 8267
2261 8271
2262 8275
2263 8279
2264 8283
2265 8287
2266 8291
2267 8295
2268 8299
2269 8303
2270 8307
2271 8311
2272 8315
2273 8319
2274 8323
2275 8327
2276 8331
2277 8335
2278 8339
2279 8343
2280 8347
2281 8351
2282 8355
2283 8359
2284 8363
2285 8367
2286 8371
2287 8375
2288 8379
2289 8383
2290 8387
2291 8391
2292 8395
2293 8399
2294 8403
2295 8407
2296 8411
2297 8415
2298 8419
2299 8423
2300 8427
2301 8431
2302 8435
2303 8439
2304 8443
2305 8447
2306 8451
2307 8455
2308 8459
2309 8463
2310 8467
2311 8471
2312 8475
2313 8479
2314 8483
2315 8487
2316 8491
2317 8495
2318 8499
2319 8503
2320 8507
2321 8511
2322 8515
2323 8519
2324 8523
2325 8527
2326 8531
2327 8535
2328 8539
2329 8543
2330 8547
2331 8551
2332 8555
2333 8559
2334 8563
2335 8567
2336 8571
2337 8575
2338 8579
2339 8583
2340 8587
2341 8591
2342 8595
2343 8599
2344 8603
2345 8607
2346 8611
2347 8615
2348 8619
2349 8623
2350 8627
2351 8631
2352 8635
2353 8639
2354 8643
2355 8647
2356 8651
2357 8655
2358 8659
2359 8663
2360 8667
2361 8671
2362 8674
2363 8676
2364 8679
2365 8682
2366 8684
2367 8688
2368 8692
2369 8696
2370 8699
2371 8703
2372 8707
2373 8710
2374 8714
2375 8718
2376 8721
2377 8724
2378 8728
2379 8732
2380 8736
2381 8740
2382 8744
2383 8748
2384 8752
2385 8756
2386 8760
2387 8764
2388 8768
2389 8772
2390 8776
2391 8780
2392 8784
2393 8788
2394 8792
2395 8796
2396 8800
2397 8804
2398 8808
2399 8812
2400 8816
2401 8820
2402 8824
2403 8828
2404 8832
2405 8836
2406 8840
2407 8844
2408 8848
2409 8852
2410 8854
2411 8857
2412 8859
2413 8863
2414 8867
2415 8871
2416 8875
2417 8879
2418 8883
2419 8887
2420 8891
2421 8895
2422 8899
2423 8903
2424 8907
2425 8911
2426 8915
2427 8919
2428 8923
2429 8927
2430 8931
2431 8935
2432 8939
2433 8943
2434 8947
2435 8951
2436 8955
2437 8959
2438 8963
2439 8967
2440 8971
2441 8975
2442 8979
2443 8983
2444 8987
2445 8991
2446 8995
2447 8999
2448 9003
2449 9007
2450 9011
2451 9015
2452 9019
2453 9023
2454 9027
2455 9031
2456 9035
2457 9039
2458 9043
2459 9046
2460 9049
2461 9053
2462 9057
2463 9061
2464 9064
2465 9068
2466 9072
2467 9075
2468 9079
2469 9083
2470 9087
2471 9091
2472 9095
2473 9099
2474 9103
2475 9107
2476 9111
2477 9115
2478 9119
2479 9122
2480 9126
2481 9128
2482 9130
2483 9134
2484 9137
2485 9141
2486 9145
2487 9148
2488 9152
2489 9156
2490 9160
2491 9164
2492 9168
2493 9172
2494 9176
2495 9180
2496 9184
2497 9188
2498 9192
2499 9196
2500 9200
2501 9204
2502 9208
2503 9212
2504 9216
2505 9220
2506 9224
2507 9228
2508 9232
2509 9236
2510 9240
2511 9244
2512 9248
2513 9252
2514 9256
2515 9260
2516 9264
2517 9268
2518 9272
2519 9276
2520 9280
2521 9284
2522 9286
2523 9287
2524 9289
2525 9292
2526 9294
2527 9298
2528 9302
2529 9306
2530 9310
2531 9314
2532 9318
2533 9322
2534 9326
2535 9330
2536 9334
2537 9338
2538 9342
2539 9346
2540 9350
2541 9354
2542 9358
2543 9362
2544 9366
2545 9370
2546 9374
2547 9378
2548 9382
2549 9386
2550 9390
2551 9394
2552 9397
2553 9401
2554 9405
2555 9409
2556 9413
2557 9417
2558 9421
2559 9425
2560 9429
2561 9433
2562 9437
2563 9441
2564 9445
2565 9449
2566 9453
2567 9457
2568 9461
2569 9465
2570 9469
2571 9473
2572 9477
2573 9481
2574 9485
2575 9489
2576 9493
2577 9497
2578 9501
2579 9505
2580 9509
2581 9513
2582 9517
2583 9521
2584 9525
2585 9529
2586 9533
2587 9537
2588 9541
2589 9545
2590 9549
2591 9553
2592 9557
2593 9561
2594 9565
2595 9567
2596 9569
2597 9572
2598 9573
2599 9574
2600 9577
2601 9581
2602 9585
2603 9587
2604 9590
2605 9594
2606 9598
2607 9601
2608 9604
2609 9608
2610 9612
2611 9616
2612 9620
2613 9624
2614 9628
2615 9632
2616 9636
2617 9640
2618 9644
2619 9648
2620 9652
2621 9656
2622 9660
2623 9664
2624 9668
2625 9672
2626 9676
2627 9680
2628 9684
2629 9688
2630 9692
2631 9696
2632 9700
2633 9704
2634 9708
2635 9712
2636 9716
2637 9720
2638 9724
2639 9728
2640 9732
2641 9736
2642 9740
2643 9744
2644 9748
2645 9752
2646 9756
2647 9760
2648 9764
2649 9768
2650 9772
2651 9776
2652 9780
2653 9784
2654 9788
2655 9792
2656 9795
2657 9798
2658 9802
2659 9806
2660 9810
2661 9814
2662 9818
2663 9822
2664 9826
2665 9830
2666 9834
2667 9838
2668 9842
2669 9846
2670 9850
2671 9854
2672 9858
2673 9862
2674 9866
2675 9870
2676 9874
2677 9878
2678 9882
2679 9886
2680 9890
2681 9894
2682 9898
2683 9902
2684 9906
2685 9910
2686 9914
2687 9918
2688 9922
2689 9926
2690 9930
2691 9934
2692 9938
2693 9942
2694 9946
2695 9950
2696 9954
2697 9958
2698 9962
2699 9966
2700 9970
2701 9974
2702 9978
2703 9982
2704 9986
2705 9990
2706 9994
2707 9998
2708 10002
2709 10006
2710 10010
2711 10014
2712 10018
2713 10022
2714 10026
2715 10030
2716 10034
2717 10038
2718 10042
2719 10046
2720 10050
2721 10054
2722 10058
2723 10062
2724 10066
2725 10070
2726 10074
2727 10078
2728 10082
2729 10086
2730 10090
2731 10094
2732 10098
2733 10102
2734 10106
2735 10110
2736 10114
2737 10118
2738 10122
2739 10126
2740 10130
2741 10134
2742 10138
2743 10142
2744 10146
2745 10150
2746 10154
2747 10158
2748 10162
2749 10166
2750 10170
2751 10174
2752 10178
2753 10182
2754 10186
2755 10190
2756 10194
2757 10198
2758 10202
2759 10206
2760 10210
2761 10214
2762 10218
2763 10222
2764 10226
2765 10230
2766 10234
2767 10238
2768 10242
2769 10246
2770 10250
2771 10254
2772 10258
2773 10262
2774 10266
2775 10270
2776 10274
2777 10278
2778 10282
2779 10286
2780 10290
2781 10294
2782 10298
2783 10302
2784 10306
2785 10310
2786 10314
2787 10318
2788 10322
2789 10326
2790 10330
2791 10334
2792 10338
2793 10342
2794 10346
2795 10350
2796 10354
2797 10358
2798 10362
2799 10366
2800 10370
2801 10374
2802 10378
2803 10382
2804 10386
2805 10390
2806 10394
2807 10398
2808 10402
2809 10406
2810 10410
2811 10414
2812 10418
2813 10421
2814 10425
2815 10429
2816 10433
2817 10435
2818 10439
2819 10443
2820 10447
2821 10451
2822 10455
2823 10459
2824 10463
2825 10467
2826 10471
2827 10475
2828 10479
2829 10483
2830 10487
2831 10491
2832 10495
2833 10499
2834 10503
2835 10507
2836 10511
2837 10515
2838 10519
2839 10523
2840 10527
2841 10531
2842 10535
2843 10539
2844 10543
2845 10547
2846 10551
2847 10555
2848 10559
2849 10563
2850 10567
2851 10571
2852 10575
2853 10579
2854 10583
2855 10587
2856 10591
2857 10595
2858 10599
2859 10603
2860 10605
2861 10608
2862 10612
2863 10614
2864 10616
2865 10619
2866 10622
2867 10626
2868 10630
2869 10634
2870 10638
2871 10642
2872 10646
2873 10650
2874 10654
2875 10658
2876 10662
2877 10666
2878 10670
2879 10674
2880 10678
2881 10682
2882 10686
2883 10690
2884 10694
2885 10698
2886 10702
2887 10706
2888 10710
2889 10714
2890 10718
2891 10722
2892 10726
2893 10730
2894 10734
2895 10738
2896 10742
2897 10746
2898 10750
2899 10754
2900 10758
2901 10762
2902 10766
2903 10770
2904 10774
2905 10778
2906 10782
2907 10786
2908 10790
2909 10794
2910 10798
2911 10802
2912 10806
2913 10810
2914 10814
2915 10818
2916 10822
2917 10826
2918 10830
2919 10834
2920 10838
2921 10842
2922 10846
2923 10850
2924 10854
2925 10858
2926 10862
2927 10866
2928 10870
2929 10874
2930 10878
2931 10882
2932 10885
2933 10889
2934 10893
2935 10897
2936 10901
2937 10904
2938 10908
2939 10912
2940 10916
2941 10920
2942 10924
2943 10928
2944 10932
2945 10936
2946 10940
2947 10944
2948 10948
2949 10952
2950 10956
2951 10960
2952 10964
2953 10967
2954 10971
2955 10974
2956 10978
2957 10981
2958 10985
2959 10989
2960 10993
2961 10997
2962 11001
2963 11005
2964 11009
2965 11013
2966 11017
2967 11021
2968 11025
2969 11029
2970 11033
2971 11037
2972 11041
2973 11045
2974 11049
2975 11053
2976 11057
2977 11061
2978 11065
2979 11069
2980 11073
2981 11077
2982 11081
2983 11085
2984 11089
2985 11093
2986 11096
2987 11100
2988 11104
2989 11108
2990 11112
2991 11116
2992 11120
2993 11124
2994 11128
2995 11132
2996 11136
2997 11140
2998 11144
2999 11148
3000 11152
3001 11156
3002 11160
3003 11164
3004 11166
3005 11170
3006 11174
3007 11178
3008 11182
3009 11186
3010 11190
3011 11194
3012 11198
3013 11202
3014 11205
3015 11208
3016 11210
3017 11213
3018 11215
3019 11218
3020 11221
3021 11224
3022 11227
3023 11229
3024 11232
3025 11235
3026 11239
3027 11241
3028 11244
3029 11247
3030 11251
3031 11253
3032 11256
3033 11260
3034 11263
3035 11267
3036 11271
3037 11275
3038 11279
3039 11283
3040 11287
3041 11291
3042 11295
3043 11299
3044 11303
3045 11307
3046 11311
3047 11315
3048 11319
3049 11323
3050 11327
3051 11331
3052 11334
3053 11338
3054 11342
3055 11346
3056 11349
3057 11353
3058 11357
3059 11361
3060 11365
3061 11369
3062 11373
3063 11377
3064 11381
3065 11385
3066 11389
3067 11393
3068 11397
3069 11401
3070 11405
3071 11409
3072 11413
3073 11417
3074 11421
3075 11425
3076 11429
3077 11433
3078 11437
3079 11441
3080 11445
3081 11449
3082 11453
3083 11457
3084 11461
3085 11465
3086 11469
3087 11473
3088 11477
3089 11481
3090 11485
3091 11489
3092 11493
3093 11497
3094 11501
3095 11505
3096 11509
3098 11512
3099 11514
3100 11516
3101 11517
3111 11518
3113 11519
3114 11520
3115 11521
3116 11524
3117 11526
3118 11529
3119 11531
3120 11535
3121 11539
3122 11543
3123 11547
3124 11550
3125 11554
3126 11558
3127 11562
3128 11566
3129 11570
3130 11574
3131 11578
3132 11582
3133 11586
3134 11590
3135 11594
3136 11598
3137 11602
3138 11606
3139 11610
3140 11613
3141 11617
