0 398
1 402
2 406
3 410
4 414
5 418
6 422
7 426
8 430
9 434
10 438
11 442
12 446
13 450
14 454
15 458
16 462
17 466
18 470
19 474
20 478
21 482
22 486
23 490
24 494
25 498
26 502
27 506
28 510
29 514
30 518
31 522
32 526
33 530
34 534
35 538
36 542
37 546
38 550
39 554
40 558
41 562
42 566
43 570
44 574
45 578
46 582
47 586
48 590
49 594
50 598
51 602
52 606
53 610
54 614
55 618
56 622
57 626
58 630
59 633
60 637
61 641
62 645
63 649
64 653
65 657
66 661
67 665
68 669
69 673
70 677
71 681
72 685
73 689
74 693
75 697
76 701
77 705
78 709
79 713
80 717
81 721
82 725
83 729
84 733
85 737
86 741
87 745
88 749
89 753
90 757
91 761
92 765
93 769
94 773
95 777
96 781
97 785
98 789
99 793
100 797
101 801
102 805
103 809
104 813
105 817
106 821
107 825
108 829
109 833
110 837
111 841
112 845
113 849
114 853
115 857
116 861
117 865
118 869
119 873
120 877
121 881
122 885
123 889
124 893
125 897
126 901
127 905
128 909
129 913
130 917
131 921
132 925
133 929
134 933
135 937
136 941
137 945
138 949
139 953
140 957
141 961
142 965
143 969
144 973
145 977
146 981
147 985
148 989
149 993
150 997
151 1001
152 1005
153 1009
154 1013
155 1017
156 1021
157 1025
158 1029
159 1033
160 1037
161 1041
162 1045
163 1049
164 1053
165 1057
166 1061
167 1065
168 1069
169 1073
170 1077
171 1081
172 1085
173 1089
174 1093
175 1097
176 1101
177 1105
178 1109
179 1113
180 1117
181 1121
182 1125
183 1129
184 1133
185 1137
186 1141
187 1145
188 1149
189 1153
190 1157
191 1161
192 1165
193 1169
194 1173
195 1177
196 1181
197 1185
198 1189
199 1193
200 1197
201 1201
202 1205
203 1209
204 1213
205 1217
206 1221
207 1225
208 1229
209 1233
210 1237
211 1241
212 1245
213 1249
214 1253
215 1257
216 1261
217 1265
218 1269
219 1273
220 1277
221 1281
222 1285
223 1289
224 1293
225 1297
226 1301
227 1305
228 1309
229 1313
230 1317
231 1321
232 1325
233 1329
234 1333
235 1337
236 1341
237 1345
238 1349
239 1353
240 1357
241 1361
242 1365
243 1369
244 1373
245 1377
246 1381
247 1385
248 1389
249 1393
250 1397
251 1401
252 1405
253 1409
254 1413
255 1417
256 1421
257 1425
258 1429
259 1433
260 1437
261 1441
262 1445
263 1449
264 1453
265 1457
266 1461
267 1465
268 1469
269 1473
270 1477
271 1481
272 1485
273 1489
274 1493
275 1497
276 1501
277 1505
278 1509
279 1513
280 1517
281 1521
282 1524
283 1528
284 1532
285 1536
286 1540
287 1544
288 1548
289 1552
290 1556
291 1560
292 1564
293 1568
294 1572
295 1576
296 1579
297 1583
298 1586
299 1590
300 1594
301 1598
302 1602
303 1606
304 1610
305 1614
306 1618
307 1622
308 1626
309 1630
310 1634
311 1638
312 1642
313 1646
314 1650
315 1654
316 1658
317 1662
318 1666
319 1670
320 1674
321 1678
322 1682
323 1686
324 1690
325 1694
326 1698
327 1702
328 1706
329 1710
330 1714
331 1718
332 1722
333 1726
334 1730
335 1734
336 1738
337 1742
338 1746
339 1750
340 1754
341 1758
342 1762
343 1766
344 1770
345 1774
346 1778
347 1782
348 1786
349 1790
350 1794
351 1798
352 1802
353 1806
354 1810
355 1814
356 1818
357 1822
358 1826
359 1830
360 1834
361 1838
362 1842
363 1846
364 1850
365 1854
366 1858
367 1862
368 1866
369 1870
370 1874
371 1878
372 1882
373 1886
374 1890
375 1894
376 1898
377 1902
378 1906
379 1910
380 1914
381 1918
382 1922
383 1926
384 1930
385 1934
386 1938
387 1942
388 1946
389 1950
390 1954
391 1958
392 1962
393 1966
394 1970
395 1974
396 1978
397 1982
398 1986
399 1990
400 1994
401 1998
402 2002
403 2006
404 2010
405 2014
406 2018
407 2022
408 2026
409 2030
410 2034
411 2038
412 2042
413 2046
414 2050
415 2054
416 2058
417 2062
418 2066
419 2070
420 2074
421 2078
422 2082
423 2086
424 2090
425 2094
426 2098
427 2102
428 2106
429 2110
430 2114
431 2118
432 2122
433 2126
434 2130
435 2134
436 2138
437 2142
438 2146
439 2150
440 2154
441 2158
442 2162
443 2166
444 2170
445 2174
446 2178
447 2182
448 2186
449 2190
450 2194
451 2198
452 2202
453 2206
454 2210
455 2214
456 2218
457 2222
458 2226
459 2230
460 2234
461 2238
462 2242
463 2246
464 2250
465 2254
466 2258
467 2262
468 2266
469 2270
470 2273
471 2277
472 2280
473 2284
474 2288
475 2292
476 2296
477 2300
478 2304
479 2308
480 2312
481 2316
482 2320
483 2324
484 2328
485 2332
486 2336
487 2340
488 2344
489 2348
490 2352
491 2356
492 2360
493 2364
494 2368
495 2372
496 2376
497 2380
498 2384
499 2388
500 2392
501 2396
502 2400
503 2404
504 2408
505 2412
506 2416
507 2420
508 2424
509 2428
510 2432
511 2436
512 2440
513 2444
514 2448
515 2452
516 2456
517 2460
518 2464
519 2468
520 2472
521 2476
522 2480
523 2484
524 2488
525 2492
526 2496
527 2500
528 2504
529 2508
530 2512
531 2516
532 2520
533 2524
534 2528
535 2532
536 2536
537 2540
538 2544
539 2548
540 2552
541 2556
542 2560
543 2564
544 2568
545 2572
546 2576
547 2580
548 2584
549 2588
550 2592
551 2596
552 2600
553 2604
554 2608
555 2612
556 2616
557 2620
558 2624
559 2628
560 2632
561 2636
562 2640
563 2644
564 2648
565 2652
566 2656
567 2660
568 2664
569 2668
570 2672
571 2676
572 2680
573 2684
574 2688
575 2692
576 2696
577 2700
578 2704
579 2708
580 2712
581 2716
582 2720
583 2724
584 2728
585 2732
586 2736
587 2740
588 2744
589 2748
590 2752
591 2754
592 2758
593 2762
594 2766
595 2770
596 2774
597 2778
598 2782
599 2786
600 2790
601 2794
602 2798
603 2802
604 2806
605 2810
606 2814
607 2818
608 2822
609 2826
610 2830
611 2834
612 2838
613 2842
614 2846
615 2850
616 2854
617 2858
618 2862
619 2866
620 2870
621 2874
622 2878
623 2882
624 2886
625 2890
626 2894
627 2898
628 2902
629 2906
630 2910
631 2914
632 2918
633 2922
634 2926
635 2930
636 2934
637 2938
638 2942
639 2946
640 2950
641 2954
642 2958
643 2962
644 2966
645 2970
646 2974
647 2978
648 2982
649 2986
650 2990
651 2994
652 2998
653 3002
654 3006
655 3010
656 3014
657 3018
658 3022
659 3026
660 3030
661 3034
662 3038
663 3042
664 3046
665 3050
666 3054
667 3058
668 3062
669 3066
670 3070
671 3074
672 3077
673 3081
674 3086
675 3090
676 3094
677 3098
678 3102
679 3106
680 3110
681 3113
682 3117
683 3121
684 3126
685 3130
686 3134
687 3138
688 3142
689 3146
690 3149
691 3153
692 3157
693 3161
694 3165
695 3170
696 3174
697 3178
698 3182
699 3185
700 3189
701 3193
702 3197
703 3201
704 3205
705 3210
706 3214
707 3218
708 3221
709 3225
710 3229
711 3233
712 3237
713 3241
714 3245
715 3249
716 3253
717 3257
718 3261
719 3265
720 3269
721 3273
722 3277
723 3281
724 3285
725 3289
726 3293
727 3297
728 3301
729 3305
730 3309
731 3313
732 3317
733 3321
734 3325
735 3329
736 3333
737 3337
738 3341
739 3345
740 3349
741 3353
742 3357
743 3361
744 3365
745 3369
746 3373
747 3377
748 3381
749 3385
750 3389
751 3393
752 3397
753 3401
754 3405
755 3409
756 3413
757 3417
758 3421
759 3425
760 3429
761 3433
762 3437
763 3441
764 3445
765 3449
766 3453
767 3457
768 3461
769 3465
770 3469
771 3473
772 3477
773 3481
774 3485
775 3489
776 3493
777 3497
778 3501
779 3505
780 3509
781 3513
782 3517
783 3521
784 3525
785 3529
786 3533
787 3537
788 3541
789 3545
790 3549
791 3553
792 3557
793 3561
794 3565
795 3569
796 3573
797 3577
798 3581
799 3585
800 3589
801 3593
802 3597
803 3601
804 3605
805 3609
806 3613
807 3617
808 3621
809 3625
810 3629
811 3633
812 3637
813 3641
814 3645
815 3649
816 3653
817 3657
818 3661
819 3665
820 3669
821 3673
822 3677
823 3681
824 3685
825 3689
826 3693
827 3697
828 3701
829 3705
830 3709
831 3713
832 3717
833 3721
834 3725
835 3729
836 3733
837 3737
838 3741
839 3745
840 3749
841 3753
842 3757
843 3761
844 3765
845 3769
846 3773
847 3777
848 3781
849 3785
850 3789
851 3793
852 3797
853 3801
854 3805
855 3809
856 3813
857 3817
858 3821
859 3825
860 3829
861 3833
862 3837
863 3841
864 3845
865 3849
866 3853
867 3857
868 3861
869 3865
870 3869
871 3873
872 3877
873 3881
874 3885
875 3889
876 3893
877 3897
878 3901
879 3905
880 3909
881 3913
882 3917
883 3921
884 3925
885 3929
886 3933
887 3937
888 3941
889 3945
890 3949
891 3953
892 3957
893 3961
894 3965
895 3969
896 3973
897 3977
898 3981
899 3985
900 3989
901 3993
902 3997
903 4001
904 4005
905 4009
906 4013
907 4017
908 4021
909 4025
910 4029
911 4033
912 4037
913 4041
914 4045
915 4049
916 4053
917 4057
918 4061
919 4065
920 4069
921 4073
922 4077
923 4081
924 4085
925 4089
926 4093
927 4097
928 4101
929 4105
930 4109
931 4113
932 4117
933 4121
934 4125
935 4129
936 4133
937 4137
938 4141
939 4145
940 4149
941 4153
942 4157
943 4161
944 4165
945 4169
946 4173
947 4177
948 4181
949 4185
950 4189
951 4193
952 4197
953 4201
954 4205
955 4209
956 4213
957 4217
958 4221
959 4225
960 4229
961 4233
962 4237
963 4241
964 4245
965 4249
966 4253
967 4257
968 4261
969 4265
970 4269
971 4273
972 4277
973 4281
974 4285
975 4289
976 4293
977 4297
978 4301
979 4305
980 4309
981 4313
982 4317
983 4321
984 4325
985 4329
986 4333
987 4337
988 4341
989 4345
990 4349
991 4353
992 4357
993 4361
994 4365
995 4369
996 4373
997 4377
998 4381
999 4385
1000 4388
1001 4392
1002 4396
1003 4400
1004 4404
1005 4408
1006 4412
1007 4416
1008 4420
1009 4424
1010 4428
1011 4432
1012 4435
1013 4439
1014 4443
1015 4447
1016 4451
1017 4455
1018 4459
1019 4463
1020 4467
1021 4471
1022 4474
1023 4477
1024 4480
1025 4484
1026 4487
1027 4490
1028 4493
1029 4497
1030 4500
1031 4503
1032 4506
1033 4509
1034 4513
1035 4517
1036 4521
1037 4525
1038 4529
1039 4533
1040 4537
1041 4540
1042 4544
1043 4547
1044 4550
1045 4553
1046 4556
1047 4560
1048 4563
1049 4566
1050 4570
1051 4573
1052 4577
1053 4580
1054 4583
1055 4586
1056 4590
1057 4593
1058 4596
1059 4600
1060 4604
1061 4607
1062 4610
1063 4613
1064 4616
1065 4619
1066 4622
1067 4625
1068 4628
1069 4631
1070 4634
1071 4637
1072 4640
1073 4644
1074 4647
1075 4651
1076 4654
1077 4657
1078 4660
1079 4664
1080 4668
1081 4672
1082 4675
1083 4679
1084 4682
1085 4686
1086 4690
1087 4693
1088 4696
1089 4700
1090 4704
1091 4707
1092 4711
1093 4715
1094 4719
1095 4723
1096 4726
1097 4730
1098 4734
1099 4738
1100 4742
1101 4745
1102 4748
1103 4752
1104 4756
1105 4760
1106 4764
1107 4767
1108 4770
1109 4773
1110 4776
1111 4779
1112 4782
1113 4785
1114 4789
1115 4792
1116 4795
1117 4798
1118 4801
1119 4804
1120 4807
1121 4811
1122 4815
1123 4818
1124 4821
1125 4824
1126 4828
1127 4831
1128 4834
1129 4837
1130 4840
1131 4843
1132 4846
1133 4849
1134 4853
1135 4857
1136 4861
1137 4865
1138 4869
1139 4873
1140 4877
1141 4881
1142 4885
1143 4889
1144 4893
1145 4897
1146 4901
1147 4905
1148 4909
1149 4913
1150 4917
1151 4921
1152 4925
1153 4929
1154 4933
1155 4937
1156 4940
1157 4944
1158 4948
1159 4952
1160 4956
1161 4960
1162 4963
1163 4966
1164 4970
1165 4973
1166 4976
1167 4979
1168 4983
1169 4987
1170 4990
1171 4993
1172 4997
1173 5001
1174 5004
1175 5008
1176 5012
1177 5016
1178 5020
1179 5023
1180 5027
1181 5030
1182 5034
1183 5037
1184 5040
1185 5043
1186 5047
1187 5050
1188 5054
1189 5057
1190 5060
1191 5063
1192 5067
1193 5071
1194 5075
1195 5079
1196 5083
1197 5087
1198 5091
1199 5095
1200 5099
1201 5103
1202 5107
1203 5111
1204 5115
1205 5119
1206 5123
1207 5127
1208 5131
1209 5135
1210 5139
1211 5143
1212 5147
1213 5151
1214 5155
1215 5159
1216 5163
1217 5167
1218 5171
1219 5175
1220 5179
1221 5183
1222 5187
1223 5191
1224 5195
1225 5199
1226 5203
1227 5207
1228 5211
1229 5215
1230 5219
1231 5223
1232 5227
1233 5231
1234 5235
1235 5239
1236 5243
1237 5247
1238 5251
1239 5255
1240 5259
1241 5263
1242 5267
1243 5271
1244 5275
1245 5279
1246 5283
1247 5287
1248 5291
1249 5295
1250 5299
1251 5303
1252 5307
1253 5311
1254 5315
1255 5319
1256 5323
1257 5327
1258 5331
1259 5335
1260 5339
1261 5343
1262 5347
1263 5351
1264 5355
1265 5359
1266 5363
1267 5367
1268 5371
1269 5375
1270 5379
1271 5383
1272 5387
1273 5391
1274 5395
1275 5399
1276 5403
1277 5407
1278 5411
1279 5415
1280 5419
1281 5423
1282 5427
1283 5431
1284 5435
1285 5439
1286 5443
1287 5447
1288 5451
1289 5455
1290 5459
1291 5463
1292 5467
1293 5471
1294 5475
1295 5479
1296 5483
1297 5487
1298 5491
1299 5495
1300 5499
1301 5503
1302 5507
1303 5511
1304 5515
1305 5519
1306 5523
1307 5527
1308 5531
1309 5535
1310 5539
1311 5543
1312 5547
1313 5551
1314 5555
1315 5559
1316 5563
1317 5567
1318 5571
1319 5575
1320 5579
1321 5583
1322 5587
1323 5591
1324 5595
1325 5599
1326 5603
1327 5607
1328 5611
1329 5615
1330 5619
1331 5623
1332 5627
1333 5631
1334 5635
1335 5639
1336 5643
1337 5647
1338 5651
1339 5655
1340 5659
1341 5663
1342 5667
1343 5671
1344 5675
1345 5679
1346 5683
1347 5687
1348 5691
1349 5695
1350 5699
1351 5703
1352 5707
1353 5711
1354 5715
1355 5719
1356 5723
1357 5727
1358 5731
1359 5735
1360 5739
1361 5743
1362 5747
1363 5751
1364 5755
1365 5759
1366 5763
1367 5767
1368 5771
1369 5775
1370 5779
1371 5783
1372 5787
1373 5791
1374 5795
1375 5799
1376 5803
1377 5807
1378 5811
1379 5815
1380 5819
1381 5823
1382 5827
1383 5831
1384 5835
1385 5839
1386 5843
1387 5847
1388 5851
1389 5855
1390 5859
1391 5862
1392 5864
1393 5868
1394 5872
1395 5876
1396 5880
1397 5884
1398 5887
1399 5891
1400 5895
1401 5899
1402 5903
1403 5906
1404 5910
1405 5914
1406 5918
1407 5922
1408 5926
1409 5930
1410 5934
1411 5938
1412 5942
1413 5946
1414 5950
1415 5953
1416 5957
1417 5960
1418 5963
1419 5967
1420 5971
1421 5975
1422 5979
1423 5983
1424 5986
1425 5990
1426 5993
1427 5994
1428 5998
1429 6002
1430 6006
1431 6009
1432 6013
1433 6017
1434 6021
1435 6025
1436 6029
1437 6032
1438 6036
1439 6040
1440 6044
1441 6048
1442 6052
1443 6056
1444 6059
1445 6062
1446 6065
1447 6068
1448 6071
1449 6074
1450 6077
1451 6081
1452 6084
1453 6088
1454 6092
1455 6096
1456 6100
1457 6104
1458 6108
1459 6112
1460 6116
1461 6120
1462 6124
1463 6128
1464 6132
1465 6136
1466 6140
1467 6144
1468 6148
1469 6152
1470 6156
1471 6160
1472 6164
1473 6168
1474 6172
1475 6176
1476 6180
1477 6184
1478 6188
1479 6192
1480 6196
1481 6200
1482 6203
1483 6206
1484 6209
1485 6212
1486 6215
1487 6218
1488 6221
1489 6224
1490 6227
1491 6230
1492 6234
1493 6238
1494 6242
1495 6246
1496 6249
1497 6252
1498 6255
1499 6259
1500 6263
1501 6267
1502 6271
1503 6275
1504 6279
1505 6283
1506 6287
1507 6291
1508 6295
1509 6299
1510 6303
1511 6307
1512 6311
1513 6315
1514 6319
1515 6323
1516 6327
1517 6331
1518 6335
1519 6339
1520 6343
1521 6347
1522 6351
1523 6355
1524 6359
1525 6363
1526 6367
1527 6371
1528 6375
1529 6379
1530 6383
1531 6387
1532 6391
1533 6395
1534 6399
1535 6403
1536 6407
1537 6411
1538 6415
1539 6419
1540 6423
1541 6427
1542 6431
1543 6435
1544 6439
1545 6443
1546 6447
1547 6451
1548 6455
1549 6459
1550 6463
1551 6467
1552 6471
1553 6475
1554 6479
1555 6483
1556 6487
1557 6491
1558 6495
1559 6499
1560 6503
1561 6507
1562 6511
1563 6515
1564 6519
1565 6523
1566 6527
1567 6531
1568 6535
1569 6539
1570 6543
1571 6547
1572 6551
1573 6555
1574 6558
1575 6562
1576 6566
1577 6569
1578 6573
1579 6575
1580 6579
1581 6583
1582 6585
1583 6588
1584 6591
1585 6594
1586 6597
1587 6601
1588 6605
1589 6609
1590 6613
1591 6617
1592 6621
1593 6625
1594 6629
1595 6633
1596 6637
1597 6641
1598 6645
1599 6649
1600 6653
1601 6657
1602 6661
1603 6665
1604 6669
1605 6673
1606 6677
1607 6681
1608 6685
1609 6689
1610 6693
1611 6697
1612 6701
1613 6705
1614 6709
1615 6713
1616 6717
1617 6721
1618 6725
1619 6729
1620 6733
1621 6737
1622 6741
1623 6745
1624 6749
1625 6753
1626 6757
1627 6761
1628 6765
1629 6769
1630 6773
1631 6777
1632 6781
1633 6785
1634 6789
1635 6793
1636 6796
1637 6800
1638 6804
1639 6808
1640 6812
1641 6815
1642 6819
1643 6823
1644 6827
1645 6831
1646 6835
1647 6839
1648 6843
1649 6847
1650 6851
1651 6855
1652 6859
1653 6863
1654 6867
1655 6871
1656 6875
1657 6879
1658 6883
1659 6887
1660 6891
1661 6895
1662 6899
1663 6903
1664 6907
1665 6911
1666 6915
1667 6919
1668 6923
1669 6927
1670 6931
1671 6935
1672 6939
1673 6943
1674 6947
1675 6951
1676 6955
1677 6959
1678 6963
1679 6967
1680 6971
1681 6975
1682 6979
1683 6983
1684 6987
1685 6991
1686 6995
1687 6999
1688 7003
1689 7007
1690 7011
1691 7015
1692 7019
1693 7023
1694 7027
1695 7031
1696 7035
1697 7039
1698 7043
1699 7047
1700 7051
1701 7055
1702 7059
1703 7063
1704 7067
1705 7071
1706 7075
1707 7079
1708 7083
1709 7087
1710 7091
1711 7095
1712 7099
1713 7103
1714 7107
1715 7111
1716 7115
1717 7119
1718 7123
1719 7127
1720 7131
1721 7135
1722 7139
1723 7143
1724 7147
1725 7151
1726 7155
1727 7159
1728 7163
1729 7167
1730 7171
1731 7175
1732 7179
1733 7183
1734 7187
1735 7191
1736 7195
1737 7199
1738 7203
1739 7207
1740 7211
1741 7215
1742 7219
1743 7223
1744 7227
1745 7231
1746 7235
1747 7239
1748 7243
1749 7247
1750 7251
1751 7255
1752 7259
1753 7263
1754 7267
1755 7271
1756 7275
1757 7279
1758 7283
1759 7287
1760 7291
1761 7295
1762 7299
1763 7302
1764 7306
1765 7309
1766 7313
1767 7317
1768 7321
1769 7325
1770 7328
1771 7332
1772 7336
1773 7340
1774 7344
1775 7348
1776 7352
1777 7356
1778 7360
1779 7364
1780 7368
1781 7372
1782 7376
1783 7380
1784 7384
1785 7388
1786 7392
1787 7396
1788 7400
1789 7404
1790 7408
1791 7412
1792 7416
1793 7420
1794 7424
1795 7428
1796 7432
1797 7436
1798 7440
1799 7444
1800 7448
1801 7452
1802 7456
1803 7460
1804 7464
1805 7468
1806 7472
1807 7476
1808 7480
1809 7484
1810 7488
1811 7492
1812 7496
1813 7500
1814 7504
1815 7508
1816 7512
1817 7516
1818 7520
1819 7524
1820 7528
1821 7532
1822 7536
1823 7540
1824 7544
1825 7548
1826 7552
1827 7556
1828 7560
1829 7564
1830 7568
1831 7572
1832 7576
1833 7580
1834 7584
1835 7588
1836 7592
1837 7596
1838 7600
1839 7604
1840 7608
1841 7612
1842 7616
1843 7620
1844 7624
1845 7628
1846 7632
1847 7636
1848 7640
1849 7644
1850 7648
1851 7652
1852 7656
1853 7660
1854 7664
1855 7668
1856 7672
1857 7676
1858 7680
1859 7684
1860 7688
1861 7692
1862 7696
1863 7700
1864 7704
1865 7708
1866 7712
1867 7716
1868 7720
1869 7724
1870 7728
1871 7732
1872 7736
1873 7740
1874 7743
1875 7747
1876 7750
1877 7753
1878 7757
1879 7760
1880 7762
1881 7763
1882 7767
1883 7771
1884 7775
1885 7779
1886 7782
1887 7785
1888 7788
1889 7791
1890 7795
1891 7799
1892 7803
1893 7807
1894 7811
1895 7815
1896 7819
1897 7823
1898 7827
1899 7831
1900 7835
1901 7839
1902 7843
1903 7847
1904 7851
1905 7855
1906 7859
1907 7863
1908 7867
1909 7871
1910 7875
1911 7879
1912 7883
1913 7886
1914 7890
1915 7893
1916 7896
1917 7900
1918 7904
1919 7907
1925 7908
1926 7910
1927 7913
1928 7916
1929 7918
1930 7921
1931 7924
1932 7928
1933 7932
1934 7936
1935 7940
1936 7943
1937 7945
1938 7949
1939 7950
1942 7952
1943 7954
1944 7958
1945 7961
1946 7963
1947 7965
1951 7967
1952 7970
1953 7971
1954 7973
1955 7977
1956 7981
1957 7985
1958 7989
1959 7992
1960 7996
1961 8000
1962 8004
1963 8008
1964 8012
1965 8016
1966 8020
1967 8024
1968 8028
1969 8032
1970 8036
1971 8040
1972 8044
1973 8048
1974 8052
1975 8056
1976 8060
1977 8064
1978 8068
1979 8072
1980 8076
1981 8080
1982 8084
1983 8088
1984 8092
1985 8096
1986 8100
1987 8104
1988 8108
1989 8112
1990 8116
1991 8120
1992 8124
1993 8128
1994 8132
1995 8136
1996 8140
1997 8144
1998 8148
1999 8152
2000 8156
2001 8160
2002 8164
2003 8168
2004 8172
2005 8176
2006 8180
2007 8184
2008 8188
2009 8192
2010 8196
2011 8200
2012 8204
2013 8208
2014 8212
2015 8216
2016 8220
2017 8224
2018 8228
2019 8232
2020 8236
2021 8240
2022 8244
2023 8248
2024 8252
2025 8256
2026 8260
2027 8264
2028 8268
2029 8272
2030 8276
2031 8280
2032 8284
2033 8288
2034 8292
2035 8296
2036 8300
2037 8304
2038 8308
2039 8312
2040 8316
2041 8320
2042 8324
2043 8328
2044 8332
2045 8336
2046 8340
2047 8344
2048 8348
2049 8352
2050 8356
2051 8360
2052 8364
2053 8368
2054 8372
2055 8376
2056 8380
2057 8384
2058 8388
2059 8392
2060 8396
2061 8400
2062 8404
2063 8408
2064 8412
2065 8416
2066 8420
2067 8424
2068 8428
2069 8432
2070 8436
2071 8440
2072 8444
2073 8448
2074 8452
2075 8456
2076 8460
2077 8464
2078 8468
2079 8472
2080 8476
2081 8480
2082 8484
2083 8488
2084 8492
2085 8496
2086 8500
2087 8504
2088 8508
2089 8512
2090 8516
2091 8520
2092 8524
2093 8528
2094 8532
2095 8536
2096 8540
2097 8544
2098 8548
2099 8552
2100 8556
2101 8560
2102 8564
2103 8568
2104 8572
2105 8576
2106 8580
2107 8584
2108 8588
2109 8592
2110 8596
2111 8600
2112 8604
2113 8608
2114 8612
2115 8616
2116 8620
2117 8624
2118 8628
2119 8632
2120 8636
2121 8640
2122 8644
2123 8648
2124 8652
2125 8656
2126 8660
2127 8664
2128 8668
2129 8672
2130 8676
2131 8680
2132 8684
2133 8688
2134 8692
2135 8696
2136 8700
2137 8704
2138 8708
2139 8712
2140 8716
2141 8720
2142 8724
2143 8728
2144 8732
2145 8736
2146 8740
2147 8744
2148 8748
2149 8752
2150 8756
2151 8760
2152 8764
2153 8768
2154 8772
2155 8776
2156 8780
2157 8784
2158 8788
2159 8792
2160 8796
2161 8800
2162 8804
2163 8808
2164 8812
2165 8816
2166 8820
2167 8824
2168 8828
2169 8832
2170 8836
2171 8840
2172 8844
2173 8848
2174 8852
2175 8856
2176 8860
2177 8864
2178 8868
2179 8872
2180 8876
2181 8880
2182 8884
2183 8888
2184 8892
2185 8896
2186 8900
2187 8904
2188 8908
2189 8912
2190 8916
2191 8920
2192 8924
2193 8928
2194 8932
2195 8936
2196 8940
2197 8944
2198 8948
2199 8952
2200 8956
2201 8960
2202 8964
2203 8968
2204 8972
2205 8976
2206 8980
2207 8984
2208 8988
2209 8992
2210 8996
2211 9000
2212 9004
2213 9008
2214 9011
2215 9015
2216 9019
2217 9023
2218 9026
2219 9030
2220 9033
2221 9036
2222 9040
2223 9044
2224 9048
2225 9052
2226 9056
2227 9060
2228 9064
2229 9068
2230 9072
2231 9076
2232 9080
2233 9084
2234 9088
2235 9092
2236 9096
2237 9100
2238 9104
2239 9108
2240 9112
2241 9116
2242 9120
2243 9124
2244 9128
2245 9132
2246 9136
2247 9140
2248 9144
2249 9148
2250 9152
2251 9156
2252 9160
2253 9164
2254 9168
2255 9172
2256 9176
2257 9180
2258 9184
2259 9188
2260 9192
2261 9196
2262 9200
2263 9204
2264 9208
2265 9212
2266 9216
2267 9220
2268 9224
2269 9228
2270 9232
2271 9236
2272 9240
2273 9244
2274 9248
2275 9252
2276 9256
2277 9260
2278 9264
2279 9268
2280 9272
2281 9276
2282 9280
2283 9284
2284 9288
2285 9292
2286 9296
2287 9300
2288 9304
2289 9308
2290 9312
2291 9316
2292 9320
2293 9324
2294 9328
2295 9332
2296 9336
2297 9340
2298 9344
2299 9348
2300 9352
2301 9356
2302 9360
2303 9364
2304 9368
2305 9372
2306 9376
2307 9380
2308 9384
2309 9388
2310 9392
2311 9396
2312 9400
2313 9404
2314 9408
2315 9412
2316 9416
2317 9420
2318 9424
2319 9428
2320 9432
2321 9436
2322 9440
2323 9444
2324 9448
2325 9452
2326 9456
2327 9460
2328 9464
2329 9468
2330 9472
2331 9476
2332 9480
2333 9484
2334 9488
2335 9492
2336 9496
2337 9500
2338 9504
2339 9508
2340 9512
2341 9516
2342 9520
2343 9524
2344 9528
2345 9532
2346 9536
2347 9540
2348 9544
2349 9548
2350 9552
2351 9556
2352 9560
2353 9564
2354 9568
2355 9572
2356 9576
2357 9580
2358 9584
2359 9588
2360 9592
2361 9596
2362 9600
2363 9604
2364 9608
2365 9612
2366 9616
2367 9620
2368 9624
2369 9628
2370 9632
2371 9636
2372 9640
2373 9644
2374 9648
2375 9652
2376 9656
2377 9660
2378 9664
2379 9668
2380 9672
2381 9676
2382 9680
2383 9684
2384 9688
2385 9692
2386 9696
2387 9700
2388 9704
2389 9708
2390 9712
2391 9716
2392 9720
2393 9724
2394 9728
2395 9732
2396 9736
2397 9740
2398 9744
2399 9748
2400 9752
2401 9756
2402 9760
2403 9764
2404 9768
2405 9772
2406 9776
2407 9780
2408 9784
2409 9788
2410 9792
2411 9796
2412 9800
2413 9804
2414 9808
2415 9812
2416 9816
2417 9820
2418 9824
2419 9828
2420 9832
2421 9836
2422 9840
2423 9844
2424 9848
2425 9852
2426 9856
2427 9860
2428 9864
2429 9868
2430 9872
2431 9876
2432 9880
2433 9884
2434 9888
2435 9892
2436 9896
2437 9900
2438 9904
2439 9908
2440 9912
2441 9916
2442 9920
2443 9924
2444 9928
2445 9932
2446 9936
2447 9940
2448 9944
2449 9948
2450 9952
2451 9956
2452 9960
2453 9964
2454 9968
2455 9972
2456 9976
2457 9980
2458 9984
2459 9988
2460 9992
2461 9996
2462 10000
2463 10004
2464 10008
2465 10012
2466 10016
2467 10020
2468 10024
2469 10028
2470 10032
2471 10036
2472 10040
2473 10044
2474 10048
2475 10052
2476 10056
2477 10060
2478 10064
2479 10068
2480 10072
2481 10076
2482 10080
2483 10084
2484 10088
2485 10092
2486 10096
2487 10100
2488 10104
2489 10108
2490 10112
2491 10116
2492 10120
2493 10124
2494 10128
2495 10132
2496 10136
2497 10140
2498 10144
2499 10148
2500 10152
2501 10156
2502 10160
2503 10164
2504 10168
2505 10172
2506 10176
2507 10180
2508 10184
2509 10188
2510 10192
2511 10196
2512 10200
2513 10204
2514 10208
2515 10212
2516 10216
2517 10220
2518 10224
2519 10228
2520 10232
2521 10236
2522 10240
2523 10244
2524 10248
2525 10252
2526 10256
2527 10260
2528 10264
2529 10268
2530 10272
2531 10276
2532 10280
2533 10284
2534 10288
2535 10292
2536 10296
2537 10300
2538 10304
2539 10308
2540 10312
2541 10316
2542 10320
2543 10324
2544 10328
2545 10332
2546 10336
2547 10340
2548 10344
2549 10348
2550 10352
2551 10356
2552 10360
2553 10364
2554 10368
2555 10372
2556 10376
2557 10380
2558 10384
2559 10388
2560 10392
2561 10396
2562 10400
2563 10404
2564 10408
2565 10412
2566 10416
2567 10420
2568 10424
2569 10428
2570 10432
2571 10436
2572 10440
2573 10444
2574 10448
2575 10452
2576 10456
2577 10460
2578 10464
2579 10467
2580 10468
2581 10471
2582 10473
2583 10477
2584 10481
2585 10485
2586 10489
2587 10493
2588 10497
2589 10501
2590 10505
2591 10509
2592 10511
2593 10513
2594 10516
2595 10520
2596 10524
2597 10528
2598 10532
2599 10536
2600 10540
2601 10544
2602 10548
2603 10552
2604 10556
2605 10560
2606 10564
2607 10568
2608 10572
2609 10576
2610 10580
2611 10584
2612 10588
2613 10592
2614 10596
2615 10600
2616 10604
2617 10608
2618 10612
2619 10616
2620 10620
2621 10624
2622 10628
2623 10632
2624 10636
2625 10640
2626 10644
2627 10648
2628 10652
2629 10656
2630 10660
2631 10664
2632 10668
2633 10672
2634 10676
2635 10680
2636 10684
2637 10688
2638 10692
2639 10696
2640 10700
2641 10704
2642 10708
2643 10712
2644 10716
2645 10720
2646 10724
2647 10728
2648 10732
2649 10736
2650 10740
2651 10744
2652 10748
2653 10752
2654 10756
2655 10760
2656 10764
2657 10768
2658 10772
2659 10776
2660 10780
2661 10784
2662 10788
2663 10792
2664 10796
2665 10800
2666 10804
2667 10808
2668 10812
2669 10816
2670 10820
2671 10824
2672 10828
2673 10832
2674 10836
2675 10840
2676 10844
2677 10848
2678 10852
2679 10856
2680 10860
2681 10864
2682 10868
2683 10871
2684 10873
2685 10877
2686 10881
2687 10885
2688 10889
2689 10893
2690 10897
2691 10901
2692 10905
2693 10909
2694 10913
2695 10917
2696 10919
2697 10923
2698 10927
2699 10931
2700 10935
2701 10939
2702 10943
2703 10947
2704 10951
2705 10955
2706 10958
2707 10961
2708 10965
2709 10968
2710 10972
2711 10976
2712 10980
2713 10984
2714 10988
2715 10992
2716 10996
2717 11000
2718 11003
2719 11007
2720 11011
2721 11015
2722 11019
2723 11023
2724 11027
2725 11031
2726 11035
2727 11039
2728 11043
2729 11047
2730 11051
2731 11055
2732 11059
2733 11063
2734 11067
2735 11071
2736 11075
2737 11079
2738 11083
2739 11087
2740 11091
2741 11095
2742 11099
2743 11103
2744 11107
2745 11111
2746 11115
2747 11119
2748 11123
2749 11127
2750 11131
2751 11135
2752 11139
2753 11143
2754 11147
2755 11151
2756 11155
2757 11159
2758 11163
2759 11167
2760 11171
2761 11175
2762 11179
2763 11183
2764 11187
2765 11191
2766 11195
2767 11199
2768 11203
2769 11207
2770 11211
2771 11215
2772 11219
2773 11223
2774 11227
2775 11231
2776 11235
2777 11239
2778 11243
2779 11245
2780 11248
2781 11250
2782 11253
2783 11257
2784 11259
2785 11263
2786 11266
2787 11270
2788 11274
2789 11278
2790 11282
2791 11286
2792 11290
2793 11294
2794 11298
2795 11302
2796 11306
2797 11310
2798 11314
2799 11318
2800 11322
2801 11326
2802 11330
2803 11334
2804 11338
2805 11342
2806 11346
2807 11350
2808 11354
2809 11358
2810 11362
2811 11366
2812 11370
2813 11374
2814 11378
2815 11382
2816 11386
2817 11390
2818 11394
2819 11398
2820 11402
2821 11406
2822 11410
2823 11414
2824 11418
2825 11422
2826 11426
2827 11430
2828 11434
2829 11438
2830 11442
2831 11446
2832 11450
2833 11454
2834 11458
2835 11462
2836 11465
2837 11467
2838 11470
2839 11471
2840 11473
2841 11476
2842 11478
2843 11481
2844 11483
2845 11485
2846 11487
2847 11489
2848 11493
2849 11496
2850 11500
2851 11504
2852 11508
2853 11512
2854 11516
2855 11520
2856 11524
2857 11528
2858 11532
2859 11536
2860 11540
2861 11544
2862 11548
2863 11552
2864 11556
2865 11560
2866 11564
2867 11568
2868 11572
2869 11576
2870 11580
2871 11584
2872 11587
2873 11590
2874 11592
2875 11596
2876 11599
2877 11603
2878 11607
2879 11611
2880 11615
2881 11619
2882 11623
2883 11627
2884 11631
2885 11635
2886 11639
2887 11643
2888 11647
2889 11651
2890 11655
2891 11659
2892 11663
2893 11667
2894 11671
2895 11675
2896 11679
2897 11683
2898 11687
2899 11691
2900 11695
2901 11699
2902 11703
2903 11705
2904 11709
2905 11711
2906 11714
2907 11718
2908 11721
2909 11725
2910 11729
2911 11733
2912 11737
2913 11741
2914 11745
2915 11749
2916 11753
2917 11757
2918 11761
2919 11765
2920 11769
2921 11773
2922 11777
2923 11781
2924 11785
2925 11789
2926 11793
2927 11797
2928 11801
2929 11805
2930 11809
2931 11813
2932 11817
2933 11821
2934 11825
2935 11829
2936 11833
2937 11837
2938 11841
2939 11845
2940 11849
2941 11853
2942 11857
2943 11861
2944 11865
2945 11869
2946 11873
2947 11877
2948 11881
2949 11885
2950 11889
2951 11893
2952 11897
2953 11901
2954 11905
2955 11909
2956 11913
2957 11917
2958 11921
2959 11925
2960 11929
2961 11933
2962 11937
2963 11941
2964 11945
2965 11949
2966 11953
2967 11957
2968 11961
2969 11965
2970 11969
2971 11973
2972 11977
2973 11981
2974 11985
2975 11989
2976 11993
2977 11997
2978 12001
2979 12005
2980 12009
2981 12013
2982 12017
2983 12021
2984 12025
2985 12029
2986 12033
2987 12037
2988 12041
2989 12045
2990 12049
2991 12053
2992 12057
2993 12061
2994 12065
2995 12069
2996 12073
2997 12077
2998 12081
2999 12085
3000 12089
3001 12093
3002 12097
3003 12101
3004 12105
3005 12109
3006 12113
3007 12117
3008 12121
3009 12125
3010 12129
3011 12133
3012 12137
3013 12141
3014 12145
3015 12149
3016 12153
3017 12157
3018 12161
3019 12164
3020 12167
3021 12171
3022 12175
3023 12178
3024 12181
3025 12184
3026 12188
3027 12192
3028 12196
3029 12200
3030 12204
3031 12208
3032 12212
3033 12216
3034 12220
3035 12224
3036 12228
3037 12232
3038 12236
3039 12240
3040 12244
3041 12248
3042 12251
3043 12255
3044 12259
3045 12263
3046 12267
3047 12271
3048 12275
3049 12279
3050 12283
3051 12287
3052 12291
3053 12295
3054 12298
3055 12302
3056 12306
3057 12310
3058 12314
3059 12318
3060 12322
3061 12326
3062 12330
3063 12334
3064 12338
3065 12342
3066 12346
3067 12350
3068 12354
3069 12357
3070 12361
3071 12365
3072 12369
3073 12373
3074 12377
3075 12381
3076 12385
3077 12389
3078 12393
3079 12397
3080 12401
3081 12405
3082 12409
3083 12413
3084 12417
3085 12421
3086 12425
3087 12429
3088 12433
3089 12437
3090 12441
3091 12445
3092 12449
3093 12453
3094 12457
3095 12461
3096 12465
3097 12469
3098 12473
3099 12477
3100 12481
3101 12485
3102 12489
3103 12493
3104 12497
3105 12501
3106 12505
3107 12509
3108 12513
3109 12517
3110 12521
3111 12525
3112 12529
3113 12533
3114 12537
3115 12541
3116 12545
3117 12549
3118 12553
3119 12557
3120 12561
3121 12565
3122 12569
3123 12573
3124 12577
3125 12581
3126 12585
3127 12589
3128 12593
3129 12597
3130 12601
3131 12605
3132 12609
3133 12613
3134 12617
3135 12621
3136 12625
3137 12629
3138 12633
3139 12637
3140 12641
3141 12645
3142 12649
3143 12653
3144 12657
3145 12661
3146 12665
3147 12669
3148 12673
3149 12677
3150 12681
3151 12685
3152 12689
3153 12693
3154 12697
3155 12701
3156 12705
3157 12709
3158 12713
3159 12717
3160 12721
3161 12725
3162 12729
3163 12733
3164 12737
3165 12741
3166 12745
3167 12749
3168 12753
3169 12757
3170 12761
3171 12765
3172 12769
3173 12773
3174 12777
3175 12781
3176 12785
3177 12789
3178 12793
3179 12797
3180 12801
3181 12805
3182 12809
3183 12813
3184 12817
3185 12821
3186 12825
3187 12829
3188 12833
3189 12837
3190 12841
3191 12845
3192 12849
3193 12853
3194 12857
3195 12861
3196 12865
