1040 0
1041 3
1042 7
1043 11
1044 15
1045 19
1046 23
1047 27
1048 31
1049 35
1050 39
1051 43
1052 47
1053 51
1054 55
1055 59
1056 63
1057 67
1058 71
1059 75
1060 79
1061 83
1062 87
1063 91
1064 95
1065 99
1066 103
1067 107
1068 111
1069 115
1070 119
1071 123
1072 127
1073 131
1074 135
1075 139
1076 143
1077 147
1078 151
1079 155
1080 159
1081 163
1082 167
1083 171
1084 175
1085 179
1086 183
1087 187
1088 191
1089 195
1090 199
1091 203
1092 207
1093 211
1094 215
1095 219
1096 223
1097 227
1098 231
1099 235
1100 239
1101 243
1102 247
1103 251
1104 255
1105 259
1106 263
1107 267
1108 271
1109 275
1110 279
1111 283
1112 287
1113 291
1114 295
1115 299
1116 303
1117 307
1118 311
1119 315
1120 319
1121 323
1122 327
1123 331
1124 335
1125 339
1126 343
1127 347
1128 351
1129 355
1130 359
1131 363
1132 367
1133 371
1134 375
1135 379
1136 383
1137 387
1138 391
1139 395
1140 399
1141 403
1142 407
1143 411
1144 415
1145 419
1146 423
1147 427
1148 431
1149 435
1150 439
1151 443
1152 447
1153 451
1154 455
1155 459
1156 463
1157 467
1158 471
1159 475
1160 479
1161 483
1162 487
1163 491
1164 495
1165 499
1166 503
1167 507
1168 511
1169 515
1170 519
1171 523
1172 527
1173 531
1174 535
1175 539
1176 543
1177 547
1178 551
1179 555
1180 559
1181 563
1182 567
1183 571
1184 575
1185 579
1186 583
1187 587
1188 591
1189 595
1190 599
1191 603
1192 607
1193 611
1194 615
1195 619
1196 623
1197 627
1198 631
1199 635
1200 639
1201 643
1202 647
1203 651
1204 655
1205 659
1206 663
1207 667
1208 671
1209 675
1210 679
1211 683
1212 687
1213 691
1214 695
1215 699
1216 703
1217 707
1218 711
1219 715
1220 719
1221 723
1222 727
1223 731
1224 735
1225 739
1226 743
1227 747
1228 751
1229 755
1230 759
1231 763
1232 767
1233 771
1234 775
1235 779
1236 783
1237 787
1238 791
1239 795
1240 799
1241 803
1242 807
1243 811
1244 815
1245 819
1246 823
1247 827
1248 831
1249 835
1250 839
1251 843
1252 847
1253 851
1254 855
1255 859
1256 863
1257 867
1258 871
1259 875
1260 879
1261 883
1262 887
1263 891
1264 895
1265 899
1266 903
1267 907
1268 911
1269 915
1270 919
1271 923
1272 927
1273 931
1274 935
1275 939
1276 943
1277 947
1278 951
1279 955
1280 959
1281 963
1282 967
1283 971
1284 975
1285 979
1286 983
1287 987
1288 991
1289 995
1290 999
1291 1003
1292 1007
1293 1011
1294 1015
1295 1019
1296 1023
1297 1027
1298 1031
1299 1035
1300 1039
1301 1043
1302 1047
1303 1051
1304 1055
1305 1059
1306 1063
1307 1067
1308 1071
1309 1075
1310 1079
1311 1083
1312 1087
1313 1091
1314 1095
1315 1099
1316 1103
1317 1107
1318 1111
1319 1115
1320 1119
1321 1123
1322 1127
1323 1131
1324 1135
1325 1139
1326 1143
1327 1147
1328 1151
1329 1155
1330 1159
1331 1163
1332 1167
1333 1171
1334 1175
1335 1179
1336 1183
1337 1187
1338 1191
1339 1195
1340 1199
1341 1203
1342 1207
1343 1211
1344 1215
1345 1219
1346 1223
1347 1227
1348 1231
1349 1235
1350 1239
1351 1243
1352 1247
1353 1251
1354 1255
1355 1259
1356 1263
1357 1267
1358 1271
1359 1275
1360 1279
1361 1283
1362 1287
1363 1291
1364 1295
1365 1299
1366 1303
1367 1307
1368 1311
1369 1315
1370 1319
1371 1323
1372 1327
1373 1331
1374 1335
1375 1339
1376 1343
1377 1347
1378 1351
1379 1355
1380 1359
1381 1363
1382 1367
1383 1371
1384 1375
1385 1379
1386 1383
1387 1387
1388 1391
1389 1395
1390 1399
1391 1403
1392 1407
1393 1411
1394 1415
1395 1419
1396 1423
1397 1427
1398 1431
1399 1435
1400 1439
1401 1443
1402 1447
1403 1451
1404 1455
1405 1459
1406 1463
1407 1467
1408 1471
1409 1475
1410 1479
1411 1483
1412 1487
1413 1491
1414 1495
1415 1499
1416 1503
1417 1507
1418 1511
1419 1515
1420 1519
1421 1523
1422 1527
1423 1531
1424 1535
1425 1539
1426 1543
1427 1547
1428 1551
1429 1555
1430 1559
1431 1563
1432 1567
1433 1571
1434 1575
1435 1579
1436 1583
1437 1587
1438 1591
1439 1595
1440 1599
1441 1603
1442 1607
1443 1611
1444 1615
1445 1619
1446 1623
1447 1627
1448 1631
1449 1635
1450 1639
1451 1643
1452 1647
1453 1651
1454 1655
1455 1659
1456 1663
1457 1667
1458 1671
1459 1675
1460 1679
1461 1683
1462 1687
1463 1691
1464 1695
1465 1699
1466 1703
1467 1707
1468 1711
1469 1715
1470 1719
1471 1723
1472 1727
1473 1731
1474 1735
1475 1739
1476 1743
1477 1747
1478 1751
1479 1755
1480 1759
1481 1763
1482 1767
1483 1771
1484 1775
1485 1779
1486 1783
1487 1787
1488 1791
1489 1795
1490 1799
1491 1803
1492 1807
1493 1811
1494 1815
1495 1819
1496 1823
1497 1827
1498 1831
1499 1834
1500 1838
1501 1843
1502 1847
1503 1851
1504 1855
1505 1859
1506 1863
1507 1867
1508 1870
1509 1874
1510 1878
1511 1883
1512 1887
1513 1891
1514 1895
1515 1899
1516 1903
1517 1906
1518 1910
1519 1914
1520 1918
1521 1922
1522 1927
1523 1931
1524 1935
1525 1939
1526 1942
1527 1946
1528 1950
1529 1954
1530 1958
1531 1962
1532 1967
1533 1971
1534 1975
1535 1978
1536 1982
1537 1986
1538 1990
1539 1994
1540 1998
1541 2002
1542 2006
1543 2011
1544 2014
1545 2018
1546 2022
1547 2026
1548 2030
1549 2034
1550 2038
1551 2042
1552 2046
1553 2050
1554 2054
1555 2058
1556 2062
1557 2066
1558 2070
1559 2074
1560 2078
1561 2082
1562 2086
1563 2090
1564 2094
1565 2098
1566 2102
1567 2106
1568 2110
1569 2114
1570 2118
1571 2122
1572 2126
1573 2130
1574 2134
1575 2138
1576 2142
1577 2146
1578 2150
1579 2154
1580 2158
1581 2162
1582 2166
1583 2170
1584 2174
1585 2178
1586 2182
1587 2186
1588 2190
1589 2194
1590 2198
1591 2202
1592 2206
1593 2210
1594 2214
1595 2218
1596 2222
1597 2226
1598 2230
1599 2234
1600 2238
1601 2242
1602 2246
1603 2250
1604 2254
1605 2258
1606 2262
1607 2266
1608 2270
1609 2274
1610 2278
1611 2282
1612 2286
1613 2290
1614 2294
1615 2298
1616 2302
1617 2306
1618 2310
1619 2314
1620 2317
1621 2321
1622 2325
1623 2329
1624 2333
1625 2337
1626 2341
1627 2345
1628 2349
1629 2353
1630 2357
1631 2361
1632 2365
1633 2369
1634 2373
1635 2377
1636 2381
1637 2385
1638 2389
1639 2393
1640 2397
1641 2401
1642 2405
1643 2409
1644 2413
1645 2417
1646 2421
1647 2425
1648 2429
1649 2433
1650 2437
1651 2441
1652 2445
1653 2449
1654 2453
1655 2457
1656 2461
1657 2465
1658 2469
1659 2473
1660 2477
1661 2481
1662 2485
1663 2489
1664 2493
1665 2497
1666 2501
1667 2505
1668 2509
1669 2513
1670 2517
1671 2521
1672 2525
1673 2529
1674 2533
1675 2537
1676 2541
1677 2545
1678 2549
1679 2553
1680 2557
1681 2561
1682 2565
1683 2569
1684 2573
1685 2577
1686 2581
1687 2585
1688 2589
1689 2593
1690 2597
1691 2601
1692 2605
1693 2609
1694 2613
1695 2617
1696 2621
1697 2625
1698 2629
1699 2633
1700 2637
1701 2641
1702 2645
1703 2649
1704 2653
1705 2657
1706 2661
1707 2665
1708 2669
1709 2673
1710 2677
1711 2681
1712 2685
1713 2689
1714 2693
1715 2697
1716 2701
1717 2705
1718 2709
1719 2713
1720 2717
1721 2721
1722 2725
1723 2729
1724 2733
1725 2737
1726 2741
1727 2745
1728 2749
1729 2753
1730 2757
1731 2761
1732 2765
1733 2769
1734 2773
1735 2777
1736 2781
1737 2785
1738 2789
1739 2793
1740 2797
1741 2801
1742 2805
1743 2809
1744 2813
1745 2817
1746 2821
1747 2825
1748 2829
1749 2833
1750 2837
1751 2841
1752 2845
1753 2849
1754 2853
1755 2857
1756 2861
1757 2865
1758 2869
1759 2873
1760 2877
1761 2881
1762 2885
1763 2889
1764 2893
1765 2897
1766 2901
1767 2905
1768 2909
1769 2913
1770 2917
1771 2921
1772 2925
1773 2929
1774 2933
1775 2937
1776 2941
1777 2945
1778 2949
1779 2953
1780 2957
1781 2961
1782 2965
1783 2969
1784 2973
1785 2977
1786 2981
1787 2985
1788 2989
1789 2993
1790 2997
1791 3001
1792 3005
1793 3009
1794 3013
1795 3017
1796 3021
1797 3025
1798 3029
1799 3033
1800 3037
1801 3041
1802 3045
1803 3049
1804 3053
1805 3057
1806 3061
1807 3065
1808 3069
1809 3073
1810 3077
1811 3081
1812 3085
1813 3089
1814 3093
1815 3096
1816 3100
1817 3104
1818 3108
1819 3112
1820 3116
1821 3119
1822 3123
1823 3127
1824 3131
1825 3135
1826 3139
1827 3143
1828 3147
1829 3151
1830 3155
1831 3159
1832 3163
1833 3167
1834 3171
1835 3175
1836 3179
1837 3183
1838 3187
1839 3191
1840 3195
1841 3199
1842 3203
1843 3207
1844 3211
1845 3215
1846 3219
1847 3223
1848 3227
1849 3231
1850 3235
1851 3239
1852 3243
1853 3247
1854 3251
1855 3255
1856 3259
1857 3263
1858 3267
1859 3271
1860 3275
1861 3279
1862 3283
1863 3287
1864 3291
1865 3295
1866 3299
1867 3303
1868 3307
1869 3311
1870 3315
1871 3319
1872 3323
1873 3327
1874 3331
1875 3335
1876 3339
1877 3343
1878 3347
1879 3351
1880 3355
1881 3359
1882 3363
1883 3367
1884 3371
1885 3375
1886 3379
1887 3383
1888 3387
1889 3391
1890 3395
1891 3399
1892 3403
1893 3407
1894 3411
1895 3415
1896 3419
1897 3423
1898 3427
1899 3431
1900 3435
1901 3439
1902 3443
1903 3447
1904 3451
1905 3455
1906 3459
1907 3463
1908 3467
1909 3471
1910 3475
1911 3479
1912 3483
1913 3487
1914 3491
1915 3495
1916 3499
1917 3503
1918 3507
1919 3511
1920 3515
1921 3519
1922 3523
1923 3527
1924 3531
1925 3535
1926 3539
1927 3543
1928 3547
1929 3551
1930 3555
1931 3559
1932 3563
1933 3567
1934 3571
1935 3575
1936 3579
1937 3583
1938 3587
1939 3591
1940 3595
1941 3599
1942 3603
1943 3607
1944 3611
1945 3615
1946 3619
1947 3623
1948 3627
1949 3631
1950 3635
1951 3639
1952 3643
1953 3647
1954 3651
1955 3655
1956 3659
1957 3663
1958 3667
1959 3671
1960 3675
1961 3679
1962 3683
1963 3687
1964 3691
1965 3695
1966 3699
1967 3703
1968 3707
1969 3711
1970 3714
1971 3718
1972 3722
1973 3726
1974 3730
1975 3734
1976 3738
1977 3742
1978 3746
1979 3750
1980 3754
1981 3758
1982 3762
1983 3766
1984 3770
1985 3774
1986 3778
1987 3782
1988 3786
1989 3790
1990 3794
1991 3798
1992 3802
1993 3806
1994 3810
1995 3814
1996 3818
1997 3822
1998 3826
1999 3830
2000 3834
2001 3838
2002 3842
2003 3846
2004 3850
2005 3854
2006 3857
2007 3861
2008 3865
2009 3869
2010 3873
2011 3877
2012 3881
2013 3885
2014 3889
2015 3893
2016 3897
2017 3901
2018 3905
2019 3909
2020 3913
2021 3917
2022 3921
2023 3925
2024 3929
2025 3933
2026 3937
2027 3941
2028 3945
2029 3949
2030 3953
2031 3957
2032 3961
2033 3965
2034 3969
2035 3973
2036 3977
2037 3981
2038 3985
2039 3989
2040 3993
2041 3996
2042 4000
2043 4004
2044 4008
2045 4012
2046 4016
2047 4020
2048 4024
2049 4028
2050 4032
2051 4036
2052 4040
2053 4044
2054 4048
2055 4052
2056 4056
2057 4060
2058 4064
2059 4068
2060 4072
2061 4076
2062 4080
2063 4084
2064 4088
2065 4092
2066 4096
2067 4100
2068 4103
2069 4107
2070 4111
2071 4115
2072 4119
2073 4123
2074 4127
2075 4131
2076 4135
2077 4139
2078 4143
2079 4147
2080 4151
2081 4155
2082 4158
2083 4162
2084 4165
2085 4169
2086 4173
2087 4177
2088 4181
2089 4185
2090 4189
2091 4193
2092 4197
2093 4201
2094 4205
2095 4209
2096 4213
2097 4217
2098 4221
2099 4225
2100 4229
2101 4233
2102 4237
2103 4241
2104 4245
2105 4249
2106 4253
2107 4257
2108 4261
2109 4265
2110 4269
2111 4273
2112 4277
2113 4281
2114 4285
2115 4289
2116 4293
2117 4297
2118 4301
2119 4305
2120 4309
2121 4313
2122 4317
2123 4321
2124 4325
2125 4329
2126 4333
2127 4337
2128 4341
2129 4345
2130 4349
2131 4353
2132 4357
2133 4361
2134 4364
2135 4368
2136 4372
2137 4376
2138 4380
2139 4384
2140 4388
2141 4392
2142 4396
2143 4400
2144 4404
2145 4408
2146 4412
2147 4416
2148 4420
2149 4424
2150 4428
2151 4432
2152 4436
2153 4440
2154 4444
2155 4448
2156 4452
2157 4456
2158 4460
2159 4464
2160 4468
2161 4472
2162 4476
2163 4480
2164 4484
2165 4488
2166 4492
2167 4496
2168 4500
2169 4504
2170 4508
2171 4512
2172 4516
2173 4520
2174 4524
2175 4528
2176 4532
2177 4536
2178 4540
2179 4544
2180 4548
2181 4552
2182 4556
2183 4560
2184 4564
2185 4568
2186 4572
2187 4576
2188 4580
2189 4584
2190 4588
2191 4592
2192 4596
2193 4600
2194 4604
2195 4608
2196 4612
2197 4616
2198 4620
2199 4624
2200 4628
2201 4632
2202 4636
2203 4640
2204 4644
2205 4648
2206 4652
2207 4656
2208 4660
2209 4664
2210 4668
2211 4672
2212 4676
2213 4680
2214 4684
2215 4688
2216 4692
2217 4696
2218 4700
2219 4704
2220 4708
2221 4712
2222 4716
2223 4720
2224 4724
2225 4728
2226 4732
2227 4736
2228 4740
2229 4744
2230 4748
2231 4752
2232 4756
2233 4760
2234 4762
2235 4766
2236 4770
2237 4774
2238 4778
2239 4782
2240 4786
2241 4790
2242 4794
2243 4798
2244 4802
2245 4806
2246 4810
2247 4814
2248 4818
2249 4822
2250 4826
2251 4829
2252 4833
2253 4837
2254 4841
2255 4845
2256 4849
2257 4853
2258 4857
2259 4861
2260 4865
2261 4869
2262 4872
2263 4876
2264 4880
2265 4884
2266 4888
2267 4892
2268 4896
2269 4900
2270 4904
2271 4907
2272 4910
2273 4914
2274 4918
2275 4922
2276 4926
2277 4930
2278 4934
2279 4938
2280 4942
2281 4946
2282 4950
2283 4954
2284 4958
2285 4962
2286 4966
2287 4970
2288 4974
2289 4978
2290 4982
2291 4986
2292 4990
2293 4994
2294 4998
2295 5002
2296 5006
2297 5010
2298 5014
2299 5018
2300 5022
2301 5026
2302 5030
2303 5034
2304 5038
2305 5042
2306 5046
2307 5050
2308 5054
2309 5058
2310 5062
2311 5066
2312 5070
2313 5074
2314 5078
2315 5082
2316 5086
2317 5090
2318 5094
2319 5098
2320 5102
2321 5106
2322 5110
2323 5114
2324 5118
2325 5122
2326 5126
2327 5130
2328 5134
2329 5138
2330 5142
2331 5146
2332 5150
2333 5154
2334 5158
2335 5162
2336 5166
2337 5170
2338 5174
2339 5178
2340 5182
2341 5186
2342 5190
2343 5194
2344 5197
2345 5200
2346 5204
2347 5207
2348 5210
2349 5213
2350 5217
2351 5221
2352 5225
2353 5229
2354 5233
2355 5237
2356 5241
2357 5245
2358 5249
2359 5253
2360 5257
2361 5261
2362 5265
2363 5269
2364 5273
2365 5276
2366 5280
2367 5284
2368 5288
2369 5292
2370 5296
2371 5300
2372 5304
2373 5308
2374 5312
2375 5316
2376 5320
2377 5324
2378 5328
2379 5332
2380 5336
2381 5340
2382 5344
2383 5348
2384 5352
2385 5356
2386 5360
2387 5364
2388 5368
2389 5372
2390 5376
2391 5380
2392 5384
2393 5388
2394 5392
2395 5396
2396 5400
2397 5404
2398 5408
2399 5412
2400 5416
2401 5420
2402 5424
2403 5428
2404 5432
2405 5436
2406 5440
2407 5444
2408 5448
2409 5452
2410 5456
2411 5460
2412 5464
2413 5468
2414 5472
2415 5476
2416 5480
2417 5484
2418 5488
2419 5492
2420 5496
2421 5500
2422 5504
2423 5508
2424 5512
2425 5516
2426 5520
2427 5524
2428 5528
2429 5532
2430 5536
2431 5540
2432 5544
2433 5548
2434 5552
2435 5556
2436 5560
2437 5563
2438 5567
2439 5571
2440 5575
2441 5579
2442 5582
2443 5586
2444 5590
2445 5594
2446 5598
2447 5602
2448 5606
2449 5610
2450 5614
2451 5618
2452 5622
2453 5626
2454 5630
2455 5634
2456 5638
2457 5642
2458 5646
2459 5650
2460 5654
2461 5658
2462 5662
2463 5666
2464 5670
2465 5674
2466 5678
2467 5682
2468 5686
2469 5689
2470 5693
2471 5697
2472 5701
2473 5705
2474 5709
2475 5713
2476 5717
2477 5721
2478 5725
2479 5729
2480 5733
2481 5737
2482 5741
2483 5745
2484 5749
2485 5753
2486 5757
2487 5761
2488 5765
2489 5769
2490 5773
2491 5777
2492 5781
2493 5785
2494 5789
2495 5793
2496 5797
2497 5800
2498 5804
2499 5808
2500 5812
2501 5816
2502 5820
2503 5824
2504 5828
2505 5832
2506 5836
2507 5840
2508 5844
2509 5848
2510 5852
2511 5856
2512 5860
2513 5864
2514 5868
2515 5872
2516 5876
2517 5880
2518 5884
2519 5888
2520 5892
2521 5896
2522 5900
2523 5904
2524 5908
2525 5912
2526 5916
2527 5920
2528 5924
2529 5928
2530 5932
2531 5936
2532 5940
2533 5944
2534 5948
2535 5952
2536 5956
2537 5960
2538 5964
2539 5968
2540 5972
2541 5976
2542 5980
2543 5984
2544 5988
2545 5992
2546 5996
2547 6000
2548 6004
2549 6008
2550 6012
2551 6016
2552 6020
2553 6024
2554 6028
2555 6032
2556 6036
2557 6040
2558 6044
2559 6048
2560 6052
2561 6056
2562 6060
2563 6064
2564 6068
2565 6072
2566 6076
2567 6080
2568 6084
2569 6088
2570 6092
2571 6096
2572 6100
2573 6104
2574 6108
2575 6112
2576 6116
2577 6120
2578 6124
2579 6128
2580 6132
2581 6136
2582 6140
2583 6144
2584 6148
2585 6152
2586 6156
2587 6160
2588 6164
2589 6168
2590 6172
2591 6176
2592 6180
2593 6184
2594 6188
2595 6192
2596 6196
2597 6200
2598 6204
2599 6208
2600 6212
2601 6216
2602 6220
2603 6224
2604 6228
2605 6232
2606 6236
2607 6240
2608 6244
2609 6248
2610 6252
2611 6256
2612 6260
2613 6264
2614 6268
2615 6272
2616 6276
2617 6280
2618 6284
2619 6288
2620 6292
2621 6296
2622 6300
2623 6304
2624 6308
2625 6312
2626 6316
2627 6320
2628 6324
2629 6328
2630 6332
2631 6336
2632 6340
2633 6344
2634 6348
2635 6352
2636 6356
2637 6360
2638 6364
2639 6368
2640 6372
2641 6376
2642 6380
2643 6384
2644 6388
2645 6392
2646 6396
2647 6400
2648 6404
2649 6408
2650 6412
2651 6416
2652 6420
2653 6424
2654 6428
2655 6432
2656 6436
2657 6440
2658 6444
2659 6448
2660 6452
2661 6456
2662 6460
2663 6464
2664 6468
2665 6472
2666 6476
2667 6480
2668 6483
2669 6487
2670 6491
2671 6495
2672 6499
2673 6503
2674 6507
2675 6511
2676 6515
2677 6519
2678 6523
2679 6527
2680 6531
2681 6535
2682 6539
2683 6543
2684 6547
2685 6551
2686 6555
2687 6559
2688 6563
2689 6567
2690 6571
2691 6574
2692 6578
2693 6582
2694 6586
2695 6590
2696 6594
2697 6597
2698 6601
2699 6604
2700 6608
2701 6612
2702 6616
2703 6620
2704 6624
2705 6628
2706 6632
2707 6636
2708 6640
2709 6644
2710 6648
2711 6652
2712 6656
2713 6660
2714 6664
2715 6668
2716 6671
2717 6675
2718 6679
2719 6683
2720 6687
2721 6691
2722 6695
2723 6699
2724 6703
2725 6707
2726 6711
2727 6715
2728 6719
2729 6723
2730 6727
2731 6731
2732 6735
2733 6739
2734 6743
2735 6747
2736 6751
2737 6755
2738 6759
2739 6763
2740 6767
2741 6771
2742 6775
2743 6779
2744 6783
2745 6786
2746 6790
2747 6794
2748 6798
2749 6802
2750 6806
2751 6810
2752 6814
2753 6818
2754 6822
2755 6826
2756 6830
2757 6834
2758 6838
2759 6842
2760 6846
2761 6850
2762 6854
2763 6858
2764 6862
2765 6866
2766 6870
2767 6874
2768 6878
2769 6882
2770 6886
2771 6890
2772 6894
2773 6898
2774 6902
2775 6906
2776 6910
2777 6914
2778 6918
2779 6922
2780 6926
2781 6930
2782 6934
2783 6938
2784 6942
2785 6946
2786 6950
2787 6954
2788 6958
2789 6962
2790 6966
2791 6970
2792 6974
2793 6978
2794 6982
2795 6986
2796 6990
2797 6994
2798 6998
2799 7001
2800 7004
2801 7007
2802 7011
2803 7015
2804 7018
2805 7022
2806 7026
2807 7030
2808 7033
2809 7037
2810 7041
2811 7044
2812 7048
2813 7052
2814 7056
2815 7060
2816 7064
2817 7068
2818 7072
2819 7076
2820 7079
2821 7083
2822 7086
2823 7090
2824 7094
2825 7098
2826 7102
2827 7106
2828 7109
2829 7113
2830 7117
2831 7120
2832 7124
2833 7128
2834 7132
2835 7136
2836 7140
2837 7144
2838 7148
2839 7152
2840 7156
2841 7160
2842 7164
2843 7168
2844 7172
2845 7176
2846 7179
2847 7183
2848 7186
2849 7189
2850 7193
2851 7197
2852 7201
2853 7205
2854 7209
2855 7212
2856 7216
2857 7220
2858 7224
2859 7228
2860 7232
2861 7236
2862 7240
2863 7244
2864 7248
2865 7252
2866 7256
2867 7260
2868 7264
2869 7268
2870 7272
2871 7276
2872 7280
2873 7284
2874 7288
2875 7292
2876 7296
2877 7300
2878 7304
2879 7308
2880 7312
2881 7316
2882 7320
2883 7324
2884 7328
2885 7332
2886 7336
2887 7340
2888 7344
2889 7348
2890 7352
2891 7356
2892 7360
2893 7364
2894 7368
2895 7372
2896 7376
2897 7380
2898 7384
2899 7388
2900 7392
2901 7396
2902 7400
2903 7404
2904 7408
2905 7412
2906 7416
2907 7420
2908 7424
2909 7428
2910 7432
2911 7436
2912 7440
2913 7444
2914 7448
2915 7452
2916 7456
2917 7460
2918 7464
2919 7468
2920 7472
2921 7476
2922 7480
2923 7484
2924 7487
2925 7491
2926 7495
2927 7499
2928 7502
2929 7505
2930 7509
2931 7513
2932 7517
2933 7521
2934 7525
2935 7529
2936 7532
2937 7536
2938 7540
2939 7544
2940 7548
2941 7552
2942 7556
2943 7560
2944 7564
2945 7568
2946 7572
2947 7576
2948 7580
2949 7584
2950 7588
2951 7592
2952 7596
2953 7600
2954 7604
2955 7608
2956 7612
2957 7616
2958 7619
2959 7623
2960 7626
2961 7629
2962 7633
2963 7637
2964 7641
2965 7645
2966 7649
2967 7653
2968 7657
2969 7661
2970 7665
2971 7669
2972 7673
2973 7677
2974 7681
2975 7685
2976 7689
2977 7693
2978 7697
2979 7701
2980 7705
2981 7709
2982 7713
2983 7717
2984 7721
2985 7725
2986 7729
2987 7733
2988 7737
2989 7740
2990 7743
2991 7747
2992 7751
2993 7755
2994 7759
2995 7763
2996 7767
2997 7771
2998 7775
2999 7779
3000 7783
3001 7787
3002 7791
3003 7795
3004 7799
3005 7803
3006 7807
3007 7811
3008 7815
3009 7819
3010 7823
3011 7827
3012 7830
3013 7834
3014 7838
3015 7842
3016 7846
3017 7849
3018 7853
3019 7857
3020 7860
3021 7864
3022 7868
3023 7872
3024 7875
3025 7878
3026 7881
3027 7884
3028 7887
3029 7890
3030 7894
3031 7897
3032 7901
3033 7905
3034 7909
3035 7912
3036 7916
3037 7920
3038 7924
3039 7928
3040 7932
3041 7936
3042 7939
3043 7943
3044 7947
3045 7951
3046 7955
3047 7959
3048 7963
3049 7967
3050 7971
3051 7975
3052 7979
3053 7983
3054 7987
3055 7991
3056 7995
3057 7999
3058 8003
3059 8007
3060 8011
3061 8015
3062 8019
3063 8023
3064 8027
3065 8031
3066 8035
3067 8039
3068 8043
3069 8046
3070 8050
3071 8054
3072 8058
3073 8062
3074 8066
3075 8070
3076 8074
3077 8078
3078 8081
3079 8085
3080 8089
3081 8093
3082 8097
3083 8101
3084 8105
3085 8109
3086 8112
3087 8116
3088 8119
3089 8123
3090 8127
3091 8131
3092 8135
3093 8139
3094 8143
3095 8147
3096 8151
3097 8154
3098 8158
3099 8162
3100 8166
3101 8170
3102 8174
3103 8177
3104 8180
3105 8184
3106 8188
3107 8192
3108 8196
3109 8200
3110 8204
3111 8208
3112 8211
3113 8215
3114 8219
3115 8223
3116 8226
3117 8230
3118 8234
3119 8238
3120 8242
3121 8246
3122 8250
3123 8254
3124 8258
3125 8262
3126 8265
3127 8269
3128 8273
3129 8277
3130 8281
3131 8284
3132 8288
3133 8292
3134 8296
3135 8300
3136 8304
3137 8308
3138 8311
3139 8315
3140 8319
3141 8323
3142 8327
3143 8331
3144 8335
3145 8339
3146 8343
3147 8347
3148 8351
3149 8355
3150 8359
3151 8363
3152 8367
3153 8371
3154 8375
3155 8379
3156 8383
3157 8387
3158 8391
3159 8395
3160 8399
3161 8403
3162 8407
3163 8411
3164 8415
3165 8419
3166 8423
3167 8427
3168 8431
3169 8435
3170 8439
3171 8443
3172 8447
3173 8451
3174 8455
3175 8459
3176 8463
3177 8467
3178 8471
3179 8475
3180 8479
3181 8483
3182 8487
3183 8491
3184 8495
3185 8499
3186 8503
3187 8507
3188 8511
3189 8515
3190 8519
3191 8523
3192 8527
3193 8531
3194 8535
3195 8539
3196 8543
3197 8547
3198 8551
3199 8555
3200 8559
3201 8563
3202 8567
3203 8571
3204 8575
3205 8579
3206 8582
3207 8586
3208 8590
3209 8594
3210 8598
3211 8602
3212 8606
3213 8610
3214 8614
3215 8618
3216 8622
3217 8626
3218 8630
3219 8633
3220 8637
3221 8641
3222 8645
3223 8649
3224 8653
3225 8657
3226 8661
3227 8665
3228 8669
3229 8673
3230 8677
3231 8681
3232 8685
3233 8689
3234 8693
3235 8696
3236 8700
3237 8704
3238 8708
3239 8712
3240 8716
3241 8720
3242 8723
3243 8727
3244 8731
3245 8735
3246 8739
3247 8743
3248 8747
3249 8751
3250 8755
3251 8759
3252 8763
3253 8767
3254 8771
3255 8775
3256 8779
3257 8783
3258 8787
3259 8790
3260 8794
3261 8798
3262 8802
3263 8806
3264 8810
3265 8814
3266 8818
3267 8822
3268 8826
3269 8830
3270 8834
3271 8838
3272 8842
3273 8846
3274 8850
3275 8854
3276 8858
3277 8862
3278 8866
3279 8870
3280 8874
3281 8878
3282 8882
3283 8886
3284 8890
3285 8894
3286 8898
3287 8902
3288 8906
3289 8910
3290 8914
3291 8918
3292 8922
3293 8926
3294 8930
3295 8934
3296 8938
3297 8942
3298 8945
3299 8949
3300 8953
3301 8956
3302 8960
3303 8964
3304 8968
3305 8972
3306 8975
3307 8979
3308 8983
3309 8987
3310 8991
3311 8995
3312 8999
3313 9003
3314 9007
3315 9011
3316 9015
3317 9019
3318 9023
3319 9027
3320 9031
3321 9035
3322 9039
3323 9043
3324 9047
3325 9051
3326 9055
3327 9059
3328 9063
3329 9067
3330 9071
3331 9075
3332 9079
3333 9083
3334 9087
3335 9091
3336 9095
3337 9099
3338 9103
3339 9107
3340 9111
3341 9115
3342 9119
3343 9123
3344 9127
3345 9131
3346 9135
3347 9139
3348 9143
3349 9147
3350 9151
3351 9155
3352 9159
3353 9163
3354 9167
3355 9171
3356 9175
3357 9179
3358 9183
3359 9187
3360 9191
3361 9195
3362 9199
3363 9203
3364 9207
3365 9211
3366 9215
3367 9219
3368 9223
3369 9227
3370 9231
3371 9235
3372 9239
3373 9243
3374 9247
3375 9251
3376 9255
3377 9259
3378 9263
3379 9267
3380 9271
3381 9275
3382 9279
3383 9283
3384 9287
3385 9291
3386 9295
3387 9299
3388 9303
3389 9307
3390 9311
3391 9315
3392 9319
3393 9323
3394 9327
3395 9331
3396 9335
3397 9339
3398 9343
3399 9347
3400 9351
3401 9355
3402 9359
3403 9363
3404 9367
3405 9371
3406 9375
3407 9379
3408 9383
3409 9387
3410 9391
3411 9395
3412 9399
3413 9403
3414 9407
3415 9411
3416 9415
3417 9419
3418 9423
3419 9427
3420 9431
3421 9435
3422 9439
3423 9443
3424 9447
3425 9451
3426 9455
3427 9459
3428 9463
3429 9467
3430 9471
3431 9475
3432 9479
3433 9483
3434 9487
3435 9491
3436 9495
3437 9499
3438 9503
3439 9507
3440 9510
3441 9514
3442 9518
3443 9522
3444 9526
3445 9530
3446 9534
3447 9538
3448 9542
3449 9546
3450 9550
3451 9553
3452 9557
3453 9561
3454 9565
3455 9569
3456 9573
3457 9577
3458 9581
3459 9585
3460 9589
3461 9593
3462 9597
3463 9601
3464 9605
3465 9609
3466 9613
3467 9617
3468 9621
3469 9625
3470 9629
3471 9633
3472 9637
3473 9641
3474 9645
3475 9649
3476 9653
3477 9657
3478 9661
3479 9665
3480 9669
3481 9673
3482 9677
3483 9681
3484 9685
3485 9689
3486 9693
3487 9697
3488 9700
3489 9704
3490 9708
3491 9712
3492 9715
3493 9718
3494 9721
3495 9725
3496 9728
3497 9731
3498 9735
3499 9739
3500 9743
3501 9746
3502 9749
3503 9753
3504 9756
3505 9760
3506 9764
3507 9766
3508 9770
3509 9774
3510 9777
3511 9780
3512 9784
3513 9787
3514 9790
3515 9793
3516 9796
3517 9799
3518 9802
3519 9805
3520 9808
3521 9812
3522 9815
3523 9818
3524 9821
3525 9824
3526 9828
3527 9832
3528 9835
3529 9838
3530 9841
3531 9845
3532 9849
3533 9853
3534 9857
3535 9861
3536 9865
3537 9869
3538 9873
3539 9877
3540 9881
3541 9885
3542 9889
3543 9893
3544 9897
3545 9901
3546 9904
3547 9907
3548 9911
3549 9915
3550 9918
3551 9921
3552 9924
3553 9928
3554 9932
3555 9936
3556 9940
3557 9944
3558 9948
3559 9952
3560 9956
3561 9960
3562 9964
3563 9968
3564 9971
3565 9975
3566 9979
3567 9983
3568 9987
3569 9991
3570 9995
3571 9999
3572 10003
3573 10007
3574 10010
3575 10014
3576 10018
3577 10022
3578 10026
3579 10030
3580 10034
3581 10038
3582 10042
3583 10046
3584 10050
3585 10054
3586 10058
3587 10062
3588 10066
3589 10070
3590 10074
3591 10078
3592 10082
3593 10086
3594 10090
3595 10094
3596 10098
3597 10102
3598 10106
3599 10110
3600 10114
3601 10118
3602 10122
3603 10126
3604 10130
3605 10134
3606 10138
3607 10142
3608 10146
3609 10150
3610 10154
3611 10158
3612 10162
3613 10166
3614 10170
3615 10174
3616 10176
3617 10180
3618 10184
3619 10188
3620 10192
3621 10196
3622 10200
3623 10203
3624 10207
3625 10211
3626 10215
3627 10219
3628 10223
3629 10227
3630 10231
3631 10235
3632 10239
3633 10243
3634 10246
3635 10250
3636 10254
3637 10258
3638 10262
3639 10266
3640 10270
3641 10274
3642 10278
3643 10282
3644 10286
3645 10290
3646 10294
3647 10298
3648 10301
3649 10304
3650 10308
3651 10312
3652 10316
3653 10320
3654 10324
3655 10328
3656 10332
3657 10336
3658 10340
3659 10344
3660 10348
3661 10352
3662 10356
3663 10360
3664 10364
3665 10368
3666 10372
3667 10376
3668 10380
3669 10384
3670 10388
3671 10392
3672 10396
3673 10400
3674 10404
3675 10408
3676 10412
3677 10416
3678 10420
3679 10424
3680 10428
3681 10432
3682 10436
3683 10440
3684 10444
3685 10448
3686 10452
3687 10456
3688 10460
3689 10464
3690 10468
3691 10472
3692 10476
3693 10480
3694 10484
3695 10488
3696 10492
3697 10496
3698 10500
3699 10504
3700 10508
3701 10512
3702 10516
3703 10520
3704 10524
3705 10528
3706 10532
3707 10536
3708 10540
3709 10544
3710 10548
3711 10552
3712 10556
3713 10560
3714 10564
3715 10568
3716 10572
3717 10576
3718 10580
3719 10584
3720 10588
3721 10592
3722 10596
3723 10600
3724 10604
3725 10608
3726 10612
3727 10616
3728 10620
3729 10624
3730 10628
3731 10632
3732 10636
3733 10640
3734 10644
3735 10648
3736 10652
3737 10656
3738 10660
3739 10664
3740 10668
3741 10672
3742 10676
3743 10680
3744 10684
3745 10688
3746 10692
3747 10696
3748 10700
3749 10704
3750 10708
3751 10712
3752 10716
3753 10720
3754 10724
3755 10728
3756 10732
3757 10736
3758 10740
3759 10744
3760 10748
3761 10752
3762 10756
3763 10760
3764 10764
3765 10768
3766 10772
3767 10776
3768 10780
3769 10784
3770 10788
3771 10792
3772 10796
3773 10800
3774 10804
3775 10808
3776 10812
3777 10816
3778 10820
3779 10824
3780 10828
3781 10832
3782 10836
3783 10840
3784 10844
3785 10848
3786 10852
3787 10856
3788 10860
3789 10864
3790 10868
3791 10872
3792 10876
3793 10880
3794 10884
3795 10888
3796 10892
3797 10896
3798 10900
3799 10904
3800 10908
3801 10912
3802 10916
3803 10920
3804 10924
3805 10927
3806 10931
3807 10935
3808 10939
3809 10943
3810 10947
3811 10951
3812 10955
3813 10959
3814 10962
3815 10966
3816 10970
3817 10974
3818 10978
3819 10982
3820 10986
3821 10990
3822 10994
3823 10998
3824 11002
3825 11006
3826 11010
3827 11014
3828 11018
3829 11022
3830 11026
3831 11030
3832 11034
3833 11038
3834 11042
3835 11046
3836 11050
3837 11054
3838 11058
3839 11062
3840 11066
3841 11069
3842 11073
3843 11077
3844 11081
3845 11085
3846 11089
3847 11093
3848 11097
3849 11100
3850 11104
3851 11108
3852 11112
3853 11116
3854 11120
3855 11124
3856 11128
3857 11132
3858 11136
3859 11140
3860 11144
3861 11148
3862 11152
3863 11156
3864 11160
3865 11164
3866 11168
3867 11172
3868 11176
3869 11180
3870 11184
3871 11188
3872 11192
3873 11196
3874 11200
3875 11204
3876 11208
3877 11212
3878 11216
3879 11220
3880 11224
3881 11228
3882 11232
3883 11236
3884 11240
3885 11244
3886 11248
3887 11252
3888 11256
3889 11260
3890 11264
3891 11268
3892 11272
3893 11276
3894 11280
3895 11284
3896 11288
3897 11292
3898 11296
3899 11300
3900 11303
3901 11306
3902 11309
3903 11313
3904 11317
3905 11321
3906 11325
3907 11328
3908 11332
3909 11335
3910 11338
3911 11341
3912 11344
3913 11348
3914 11352
3915 11355
3916 11359
3917 11363
3918 11367
3919 11371
3920 11375
3921 11379
3922 11383
3923 11387
3924 11391
3925 11395
3926 11399
3927 11403
3928 11407
3929 11411
3930 11415
3931 11419
3932 11423
3933 11427
3934 11431
3935 11435
3936 11439
3937 11443
3938 11447
3939 11451
3940 11455
3941 11459
3942 11463
3943 11467
3944 11471
3945 11475
3946 11479
3947 11483
3948 11487
3949 11491
3950 11495
3951 11499
3952 11503
3953 11507
3954 11511
3955 11515
3956 11519
3957 11523
3958 11527
3959 11531
3960 11535
3961 11539
3962 11543
3963 11547
3964 11551
3965 11555
3966 11559
3967 11563
3968 11567
3969 11571
3970 11575
3971 11579
3972 11583
3973 11587
3974 11591
3975 11595
3976 11599
3977 11603
3978 11607
3979 11611
3980 11615
3981 11619
3982 11623
3983 11627
3984 11631
3985 11635
3986 11639
3987 11643
3988 11647
3989 11651
3990 11655
3991 11659
3992 11663
3993 11667
3994 11671
3995 11675
3996 11679
3997 11683
3998 11685
3999 11689
4000 11692
4001 11694
4002 11697
4003 11701
4004 11704
4005 11708
4006 11712
4007 11716
4008 11720
4009 11723
4010 11727
4011 11730
4012 11734
4013 11738
4014 11742
4015 11746
4016 11750
4017 11754
4018 11758
4019 11762
4020 11766
4021 11770
4022 11774
4023 11778
4024 11782
4025 11786
4026 11790
4027 11794
4028 11798
4029 11802
4030 11806
4031 11810
4032 11814
4033 11818
4034 11822
4035 11826
4036 11830
4037 11834
4038 11838
4039 11842
4040 11846
4041 11850
4042 11854
4043 11858
4044 11862
4045 11866
4046 11870
4047 11874
4048 11878
4049 11882
4050 11886
4051 11890
4052 11894
4053 11898
4054 11902
4055 11906
4056 11910
4057 11914
4058 11918
4059 11922
4060 11926
4061 11930
4062 11934
4063 11938
4064 11942
4065 11946
4066 11950
4067 11954
4068 11958
4069 11962
4070 11966
4071 11970
4072 11974
4073 11978
4074 11982
4075 11986
4076 11990
4077 11994
4078 11998
4079 12002
4080 12006
4081 12010
4082 12014
4083 12018
4084 12022
4085 12026
4086 12030
4087 12034
4088 12038
4089 12042
4090 12046
4091 12050
4092 12054
4093 12058
4094 12062
4095 12066
4096 12070
4097 12074
4098 12078
4099 12082
4100 12086
4101 12090
4102 12094
4103 12098
4104 12102
4105 12106
4106 12110
4107 12114
4108 12118
4109 12122
4110 12126
4111 12130
4112 12134
4113 12138
4114 12142
4115 12146
4116 12150
4117 12154
4118 12158
4119 12162
4120 12166
4121 12170
4122 12174
4123 12178
4124 12182
4125 12186
4126 12190
4127 12194
4128 12198
4129 12202
4130 12206
4131 12210
4132 12214
4133 12218
4134 12222
4135 12226
4136 12230
4137 12234
4138 12238
4139 12242
4140 12246
4141 12250
4142 12254
4143 12258
4144 12262
4145 12266
4146 12270
4147 12274
4148 12278
4149 12282
4150 12286
4151 12290
4152 12294
4153 12298
4154 12302
4155 12306
4156 12310
4157 12314
4158 12318
4159 12322
4160 12326
4161 12330
4162 12334
4163 12338
4164 12342
4165 12346
4166 12350
4167 12354
4168 12358
4169 12362
4170 12366
4171 12370
4172 12374
4173 12378
4174 12382
4175 12386
4176 12390
4177 12394
4178 12398
4179 12402
4180 12406
4181 12410
4182 12414
4183 12418
4184 12422
4185 12426
4186 12430
4187 12434
4188 12438
4189 12442
4190 12446
4191 12450
4192 12454
4193 12458
4194 12462
4195 12466
4196 12470
4197 12474
4198 12478
4199 12482
4200 12486
4201 12489
4202 12493
4203 12497
4204 12501
4205 12505
4206 12509
4207 12513
4208 12517
4209 12521
4210 12525
4211 12529
4212 12533
4213 12537
4214 12541
4215 12545
4216 12549
4217 12553
4218 12557
4219 12561
4220 12565
4221 12569
4222 12573
4223 12577
4224 12581
4225 12585
4226 12589
4227 12593
4228 12597
4229 12601
4230 12605
4231 12609
4232 12613
4233 12617
4234 12621
4235 12625
4236 12629
4237 12633
4238 12637
4239 12641
4240 12644
4241 12648
4242 12652
4243 12656
4244 12660
4245 12664
4246 12668
4247 12672
4248 12676
4249 12680
4250 12684
4251 12688
4252 12692
4253 12696
4254 12700
4255 12704
4256 12708
4257 12712
4258 12715
4259 12719
4260 12723
4261 12727
4262 12731
4263 12735
4264 12739
4265 12743
4266 12747
4267 12751
4268 12755
4269 12759
4270 12763
4271 12767
4272 12771
4273 12775
4274 12779
4275 12783
4276 12787
4277 12791
4278 12795
4279 12799
4280 12803
4281 12807
4282 12811
4283 12815
4284 12819
4285 12823
4286 12827
4287 12831
4288 12835
4289 12839
4290 12843
4291 12846
4292 12850
4293 12854
4294 12858
4295 12862
4296 12866
4297 12870
4298 12874
4299 12878
4300 12882
4301 12886
4302 12890
4303 12894
4304 12898
4305 12902
4306 12906
4307 12910
4308 12914
4309 12918
4310 12922
4311 12926
4312 12930
4313 12934
4314 12938
4315 12942
4316 12946
4317 12950
4318 12954
4319 12958
4320 12962
4321 12966
4322 12970
4323 12974
4324 12978
4325 12982
4326 12986
4327 12990
4328 12994
4329 12998
4330 13002
4331 13006
4332 13010
4333 13014
4334 13018
4335 13022
4336 13026
4337 13030
4338 13034
4339 13038
4340 13042
4341 13046
4342 13050
4343 13054
4344 13058
4345 13062
4346 13066
4347 13070
4348 13074
4349 13078
4350 13082
4351 13085
4352 13089
4353 13092
4354 13096
4355 13100
4356 13104
4357 13108
4358 13112
4359 13116
4360 13120
4361 13124
4362 13128
4363 13131
4364 13135
4365 13139
4366 13143
4367 13147
4368 13151
4369 13155
4370 13159
4371 13162
4372 13166
4373 13170
4374 13174
4375 13178
4376 13182
4377 13186
4378 13190
4379 13194
4380 13198
4381 13202
4382 13206
4383 13210
4384 13214
4385 13217
4386 13221
4387 13225
4388 13229
4389 13233
4390 13237
4391 13241
4392 13245
4393 13249
4394 13253
4395 13257
4396 13261
4397 13265
4398 13269
4399 13273
4400 13277
4401 13281
4402 13285
4403 13289
4404 13293
4405 13297
4406 13301
4407 13305
4408 13309
4409 13313
4410 13317
4411 13321
4412 13324
4413 13328
4414 13332
4415 13336
4416 13340
4417 13344
4418 13347
4419 13351
4420 13355
4421 13359
4422 13363
4423 13367
4424 13371
4425 13375
4426 13379
4427 13383
4428 13387
4429 13391
4430 13395
4431 13399
4432 13403
4433 13407
4434 13411
4435 13415
4436 13419
4437 13423
4438 13427
4439 13431
4440 13435
4441 13439
4442 13443
4443 13447
4444 13451
4445 13455
4446 13459
4447 13463
4448 13467
4449 13471
4450 13475
4451 13479
4452 13483
4453 13487
4454 13491
4455 13495
4456 13499
4457 13503
4458 13507
4459 13511
4460 13515
4461 13519
4462 13523
4463 13527
4464 13531
4465 13535
4466 13539
4467 13543
4468 13547
4469 13551
4470 13555
4471 13559
4472 13563
4473 13567
4474 13571
4475 13575
4476 13579
4477 13583
4478 13587
4479 13591
4480 13595
4481 13598
4482 13602
4483 13605
4484 13609
4485 13612
4486 13615
4487 13618
4488 13622
4489 13626
4490 13630
4491 13634
4492 13638
4493 13642
4494 13646
4495 13650
4496 13654
4497 13658
4498 13661
4499 13665
4500 13669
4501 13673
4502 13677
4503 13681
4504 13685
4505 13689
4506 13693
4507 13697
4508 13701
4509 13705
4510 13709
4511 13713
4512 13717
4513 13721
4514 13725
4515 13729
4516 13733
4517 13737
4518 13741
4519 13744
4520 13748
4521 13752
4522 13756
4523 13760
4524 13764
4525 13768
4526 13772
4527 13776
4528 13780
4529 13784
4530 13788
4531 13792
4532 13796
4533 13800
4534 13804
4535 13808
4536 13812
4537 13816
4538 13820
4539 13824
4540 13828
4541 13832
4542 13836
4543 13840
4544 13844
4545 13848
4546 13852
4547 13856
4548 13860
4549 13864
4550 13868
4551 13872
4552 13876
4553 13880
4554 13884
4555 13888
4556 13892
4557 13896
4558 13900
4559 13904
4560 13907
4561 13912
4562 13916
4563 13920
4564 13924
4565 13928
4566 13932
4567 13936
4568 13940
4569 13943
4570 13947
4571 13951
4572 13956
4573 13960
4574 13964
4575 13968
4576 13972
4577 13976
4578 13979
4579 13983
4580 13987
4581 13991
4582 13996
4583 14000
4584 14004
4585 14008
4586 14012
4587 14015
4588 14019
4589 14023
4590 14027
4591 14031
4592 14035
4593 14040
4594 14044
4595 14047
4596 14051
4597 14055
4598 14059
4599 14063
4600 14067
4601 14071
4602 14075
4603 14080
4604 14083
4605 14087
4606 14091
4607 14095
4608 14099
4609 14103
4610 14107
4611 14111
4612 14115
4613 14119
4614 14123
4615 14127
4616 14131
4617 14135
4618 14139
4619 14143
4620 14147
4621 14151
4622 14155
4623 14159
4624 14163
4625 14167
4626 14171
4627 14175
4628 14179
4629 14183
4630 14187
4631 14191
4632 14195
4633 14199
4634 14203
4635 14207
4636 14211
4637 14215
4638 14219
4639 14223
4640 14227
4641 14231
4642 14235
4643 14239
4644 14243
4645 14247
4646 14251
4647 14255
4648 14259
4649 14263
4650 14267
4651 14271
4652 14275
4653 14279
4654 14283
4655 14287
4656 14291
4657 14295
4658 14299
4659 14303
4660 14307
4661 14311
4662 14315
4663 14319
4664 14323
4665 14327
4666 14331
4667 14335
4668 14339
4669 14343
4670 14347
4671 14351
4672 14355
4673 14359
4674 14363
4675 14367
4676 14371
4677 14375
4678 14379
4679 14383
4680 14387
4681 14391
4682 14395
4683 14399
4684 14403
4685 14407
4686 14411
4687 14415
4688 14419
4689 14423
4690 14427
4691 14431
4692 14435
4693 14439
4694 14443
4695 14447
4696 14451
4697 14455
4698 14459
4699 14463
4700 14467
4701 14471
4702 14475
4703 14479
4704 14483
4705 14487
4706 14491
4707 14495
4708 14499
4709 14503
4710 14507
4711 14511
4712 14515
4713 14519
4714 14523
4715 14527
4716 14531
4717 14535
4718 14539
4719 14543
4720 14547
4721 14551
4722 14555
4723 14559
4724 14563
4725 14567
4726 14571
4727 14575
4728 14579
4729 14583
4730 14587
4731 14591
4732 14595
4733 14599
4734 14603
4735 14607
4736 14611
4737 14615
4738 14619
4739 14623
4740 14627
4741 14631
4742 14635
4743 14639
4744 14643
4745 14647
4746 14651
4747 14655
4748 14659
4749 14663
4750 14667
4751 14671
4752 14675
4753 14679
4754 14683
4755 14687
4756 14691
4757 14695
4758 14699
4759 14703
4760 14707
4761 14711
4762 14715
4763 14719
4764 14723
4765 14727
4766 14731
4767 14735
4768 14739
4769 14743
4770 14747
4771 14751
4772 14755
4773 14759
4774 14763
4775 14767
4776 14771
4777 14775
4778 14779
4779 14783
4780 14787
4781 14791
4782 14795
4783 14799
4784 14803
4785 14807
4786 14811
4787 14815
4788 14819
