0 219
1 223
2 227
3 231
4 235
5 239
6 243
7 247
8 251
9 255
10 259
11 263
12 267
13 271
14 275
15 279
16 283
17 287
18 291
19 295
20 299
21 303
22 307
23 311
24 315
25 319
26 323
27 327
28 331
29 335
30 339
31 343
32 347
33 351
34 355
35 359
36 363
37 367
38 371
39 375
40 379
41 383
42 387
43 391
44 395
45 399
46 403
47 407
48 411
49 415
50 419
51 423
52 427
53 431
54 435
55 439
56 443
57 447
58 451
59 455
60 459
61 463
62 467
63 471
64 475
65 479
66 483
67 487
68 491
69 495
70 499
71 503
72 507
73 511
74 515
75 519
76 523
77 527
78 531
79 535
80 539
81 543
82 547
83 551
84 555
85 559
86 563
87 567
88 571
89 575
90 579
91 583
92 587
93 591
94 595
95 599
96 603
97 607
98 611
99 615
100 619
101 623
102 627
103 631
104 635
105 639
106 643
107 647
108 651
109 655
110 659
111 663
112 667
113 671
114 675
115 679
116 683
117 687
118 691
119 695
120 699
121 703
122 707
123 711
124 715
125 719
126 723
127 727
128 731
129 735
130 739
131 743
132 747
133 751
134 755
135 759
136 763
137 767
138 771
139 775
140 779
141 783
142 787
143 791
144 795
145 799
146 803
147 807
148 811
149 815
150 819
151 823
152 827
153 831
154 835
155 839
156 843
157 847
158 851
159 855
160 859
161 863
162 867
163 871
164 875
165 879
166 883
167 887
168 891
169 895
170 899
171 903
172 907
173 911
174 915
175 919
176 923
177 927
178 931
179 935
180 939
181 943
182 947
183 951
184 955
185 959
186 963
187 967
188 971
189 975
190 979
191 983
192 987
193 991
194 995
195 999
196 1003
197 1007
198 1011
199 1015
200 1019
201 1023
202 1027
203 1031
204 1035
205 1039
206 1043
207 1047
208 1051
209 1055
210 1058
211 1061
212 1065
213 1068
214 1071
215 1075
216 1079
217 1083
218 1087
219 1091
220 1095
221 1099
222 1103
223 1107
224 1111
225 1114
226 1118
227 1122
228 1126
229 1130
230 1134
231 1138
232 1142
233 1146
234 1150
235 1154
236 1158
237 1162
238 1166
239 1170
240 1174
241 1178
242 1182
243 1186
244 1190
245 1194
246 1198
247 1202
248 1206
249 1210
250 1214
251 1218
252 1222
253 1226
254 1230
255 1234
256 1238
257 1242
258 1246
259 1250
260 1254
261 1258
262 1262
263 1266
264 1270
265 1274
266 1278
267 1282
268 1286
269 1290
270 1294
271 1298
272 1302
273 1306
274 1310
275 1314
276 1318
277 1322
278 1326
279 1330
280 1334
281 1338
282 1342
283 1346
284 1350
285 1354
286 1358
287 1362
288 1366
289 1370
290 1374
291 1378
292 1382
293 1386
294 1390
295 1394
296 1398
297 1402
298 1406
299 1410
300 1414
301 1418
302 1422
303 1426
304 1430
305 1434
306 1438
307 1442
308 1446
309 1450
310 1453
311 1455
312 1458
313 1462
314 1465
315 1469
316 1472
317 1476
318 1480
319 1484
320 1488
321 1492
322 1496
323 1500
324 1504
325 1508
326 1512
327 1516
328 1520
329 1524
330 1528
331 1532
332 1536
333 1540
334 1544
335 1548
336 1552
337 1556
338 1560
339 1564
340 1568
341 1572
342 1576
343 1580
344 1584
345 1588
346 1592
347 1596
348 1600
349 1604
350 1608
351 1612
352 1616
353 1620
354 1624
355 1628
356 1632
357 1636
358 1640
359 1644
360 1648
361 1652
362 1656
363 1660
364 1664
365 1668
366 1672
367 1676
368 1680
369 1684
370 1688
371 1692
372 1696
373 1700
374 1704
375 1708
376 1712
377 1716
378 1720
379 1724
380 1728
381 1732
382 1736
383 1740
384 1744
385 1748
386 1752
387 1756
388 1760
389 1764
390 1768
391 1772
392 1776
393 1780
394 1784
395 1788
396 1792
397 1796
398 1799
399 1803
400 1807
401 1811
402 1815
403 1819
404 1823
405 1827
406 1831
407 1835
408 1839
409 1843
410 1847
411 1851
412 1855
413 1859
414 1863
415 1867
416 1871
417 1875
418 1879
419 1883
420 1887
421 1891
422 1895
423 1899
424 1903
425 1907
426 1911
427 1915
428 1919
429 1923
430 1927
431 1930
432 1935
433 1939
434 1943
435 1947
436 1951
437 1955
438 1959
439 1962
440 1966
441 1970
442 1974
443 1979
444 1983
445 1987
446 1991
447 1995
448 1998
449 2002
450 2006
451 2010
452 2014
453 2019
454 2023
455 2027
456 2030
457 2034
458 2038
459 2042
460 2046
461 2050
462 2054
463 2058
464 2062
465 2066
466 2070
467 2074
468 2078
469 2082
470 2086
471 2090
472 2094
473 2098
474 2102
475 2106
476 2110
477 2114
478 2118
479 2122
480 2126
481 2130
482 2134
483 2138
484 2142
485 2146
486 2150
487 2154
488 2158
489 2162
490 2166
491 2170
492 2174
493 2178
494 2182
495 2186
496 2190
497 2194
498 2198
499 2202
500 2206
501 2210
502 2214
503 2218
504 2222
505 2226
506 2230
507 2234
508 2238
509 2242
510 2246
511 2250
512 2254
513 2258
514 2262
515 2266
516 2270
517 2274
518 2278
519 2282
520 2286
521 2290
522 2294
523 2298
524 2302
525 2306
526 2310
527 2314
528 2318
529 2322
530 2326
531 2330
532 2334
533 2338
534 2342
535 2346
536 2350
537 2354
538 2358
539 2362
540 2366
541 2370
542 2374
543 2378
544 2382
545 2386
546 2390
547 2394
548 2398
549 2402
550 2406
551 2409
552 2413
553 2417
554 2421
555 2425
556 2429
557 2433
558 2437
559 2441
560 2445
561 2449
562 2453
563 2457
564 2461
565 2465
566 2469
567 2473
568 2477
569 2481
570 2485
571 2489
572 2493
573 2497
574 2501
575 2505
576 2509
577 2513
578 2517
579 2521
580 2525
581 2529
582 2533
583 2537
584 2541
585 2545
586 2549
587 2553
588 2557
589 2561
590 2565
591 2569
592 2573
593 2577
594 2581
595 2585
596 2589
597 2593
598 2597
599 2601
600 2605
601 2609
602 2613
603 2617
604 2621
605 2625
606 2629
607 2633
608 2637
609 2641
610 2645
611 2649
612 2653
613 2657
614 2661
615 2665
616 2669
617 2673
618 2677
619 2681
620 2685
621 2689
622 2693
623 2697
624 2701
625 2705
626 2709
627 2713
628 2717
629 2721
630 2725
631 2729
632 2733
633 2737
634 2741
635 2745
636 2749
637 2753
638 2757
639 2761
640 2765
641 2769
642 2773
643 2777
644 2781
645 2785
646 2789
647 2793
648 2797
649 2801
650 2805
651 2809
652 2813
653 2817
654 2821
655 2825
656 2829
657 2833
658 2837
659 2841
660 2845
661 2849
662 2853
663 2857
664 2861
665 2865
666 2869
667 2873
668 2877
669 2881
670 2885
671 2889
672 2893
673 2897
674 2901
675 2905
676 2909
677 2913
678 2917
679 2921
680 2925
681 2929
682 2933
683 2937
684 2941
685 2945
686 2949
687 2953
688 2957
689 2961
690 2965
691 2969
692 2973
693 2977
694 2981
695 2985
696 2989
697 2993
698 2997
699 3001
700 3005
701 3009
702 3013
703 3017
704 3021
705 3025
706 3029
707 3033
708 3037
709 3041
710 3045
711 3049
712 3053
713 3057
714 3061
715 3065
716 3069
717 3073
718 3077
719 3081
720 3085
721 3089
722 3093
723 3097
724 3101
725 3105
726 3109
727 3113
728 3117
729 3121
730 3125
731 3129
732 3133
733 3137
734 3141
735 3145
736 3149
737 3153
738 3157
739 3161
740 3165
741 3169
742 3173
743 3177
744 3181
745 3185
746 3189
747 3193
748 3197
749 3201
750 3205
751 3209
752 3213
753 3217
754 3221
755 3225
756 3229
757 3233
758 3237
759 3241
760 3245
761 3249
762 3253
763 3257
764 3261
765 3265
766 3269
767 3273
768 3277
769 3281
770 3285
771 3289
772 3293
773 3297
774 3301
775 3305
776 3309
777 3313
778 3317
779 3321
780 3325
781 3329
782 3333
783 3337
784 3341
785 3345
786 3349
787 3353
788 3357
789 3361
790 3365
791 3369
792 3373
793 3377
794 3380
795 3383
796 3387
797 3391
798 3395
799 3399
800 3403
801 3407
802 3411
803 3415
804 3419
805 3423
806 3427
807 3431
808 3435
809 3439
810 3443
811 3447
812 3451
813 3455
814 3459
815 3463
816 3467
817 3471
818 3475
819 3479
820 3483
821 3487
822 3491
823 3495
824 3499
825 3503
826 3507
827 3511
828 3515
829 3519
830 3523
831 3527
832 3530
833 3534
834 3538
835 3542
836 3546
837 3550
838 3554
839 3558
840 3562
841 3566
842 3570
843 3574
844 3578
845 3582
846 3586
847 3590
848 3594
849 3598
850 3602
851 3606
852 3610
853 3614
854 3618
855 3622
856 3626
857 3630
858 3634
859 3638
860 3642
861 3646
862 3650
863 3654
864 3658
865 3662
866 3666
867 3669
868 3673
869 3677
870 3681
871 3685
872 3689
873 3693
874 3697
875 3701
876 3705
877 3709
878 3713
879 3717
880 3721
881 3725
882 3729
883 3733
884 3737
885 3741
886 3745
887 3749
888 3753
889 3757
890 3761
891 3765
892 3769
893 3773
894 3777
895 3781
896 3785
897 3789
898 3793
899 3797
900 3801
901 3805
902 3809
903 3813
904 3817
905 3821
906 3825
907 3829
908 3833
909 3837
910 3841
911 3845
912 3849
913 3853
914 3857
915 3861
916 3865
917 3869
918 3873
919 3877
920 3881
921 3885
922 3889
923 3893
924 3897
925 3901
926 3905
927 3909
928 3913
929 3917
930 3921
931 3925
932 3929
933 3933
934 3937
935 3941
936 3945
937 3949
938 3953
939 3957
940 3961
941 3965
942 3969
943 3973
944 3976
945 3980
946 3984
947 3987
948 3991
949 3995
950 3999
951 4003
952 4007
953 4011
954 4015
955 4019
956 4023
957 4027
958 4031
959 4035
960 4039
961 4043
962 4047
963 4051
964 4055
965 4059
966 4063
967 4067
968 4071
969 4075
970 4079
971 4083
972 4087
973 4090
974 4093
975 4097
976 4101
977 4105
978 4109
979 4112
980 4116
981 4119
982 4123
983 4127
984 4131
985 4135
986 4139
987 4143
988 4147
989 4151
990 4155
991 4159
992 4163
993 4167
994 4171
995 4175
996 4179
997 4183
998 4187
999 4191
1000 4195
1001 4199
1002 4203
1003 4207
1004 4211
1005 4215
1006 4219
1007 4223
1008 4227
1009 4231
1010 4235
1011 4239
1012 4243
1013 4247
1014 4251
1015 4255
1016 4259
1017 4263
1018 4267
1019 4271
1020 4275
1021 4279
1022 4283
1023 4287
1024 4291
1025 4295
1026 4299
1027 4303
1028 4307
1029 4311
1030 4315
1031 4319
1032 4323
1033 4327
1034 4331
1035 4335
1036 4339
1037 4343
1038 4347
1039 4351
1040 4354
1041 4357
1042 4361
1043 4365
1044 4368
1045 4371
1046 4375
1047 4378
1048 4381
1049 4385
1050 4389
1051 4393
1052 4397
1053 4401
1054 4405
1055 4409
1056 4413
1057 4417
1058 4421
1059 4425
1060 4429
1061 4433
1062 4437
1063 4441
1064 4445
1065 4449
1066 4453
1067 4457
1068 4461
1069 4465
1070 4469
1071 4473
1072 4477
1073 4481
1074 4485
1075 4489
1076 4493
1077 4497
1078 4501
1079 4505
1080 4509
1081 4513
1082 4517
1083 4521
1084 4525
1085 4529
1086 4531
1087 4535
1088 4539
1089 4543
1090 4547
1091 4551
1092 4555
1093 4559
1094 4563
1095 4567
1096 4570
1097 4573
1098 4577
1099 4581
1100 4585
1101 4589
1102 4593
1103 4597
1104 4601
1105 4605
1106 4609
1107 4613
1108 4617
1109 4621
1110 4625
1111 4629
1112 4633
1113 4637
1114 4641
1115 4645
1116 4649
1117 4653
1118 4657
1119 4661
1120 4665
1121 4669
1122 4673
1123 4677
1124 4681
1125 4685
1126 4689
1127 4693
1128 4697
1129 4701
1130 4705
1131 4709
1132 4713
1133 4717
1134 4721
1135 4725
1136 4729
1137 4733
1138 4737
1139 4741
1140 4745
1141 4749
1142 4753
1143 4757
1144 4761
1145 4765
1146 4769
1147 4773
1148 4777
1149 4781
1150 4785
1151 4789
1152 4793
1153 4797
1154 4801
1155 4805
1156 4809
1157 4812
1158 4816
1159 4820
1160 4824
1161 4828
1162 4832
1163 4836
1164 4840
1165 4844
1166 4848
1167 4852
1168 4856
1169 4860
1170 4864
1171 4868
1172 4872
1173 4876
1174 4880
1175 4884
1176 4887
1177 4891
1178 4895
1179 4899
1180 4903
1181 4907
1182 4911
1183 4915
1184 4919
1185 4923
1186 4927
1187 4931
1188 4935
1189 4939
1190 4943
1191 4947
1192 4951
1193 4955
1194 4959
1195 4963
1196 4967
1197 4971
1198 4975
1199 4979
1200 4983
1201 4987
1202 4991
1203 4995
1204 4999
1205 5003
1206 5007
1207 5011
1208 5015
1209 5019
1210 5023
1211 5027
1212 5031
1213 5035
1214 5039
1215 5043
1216 5047
1217 5051
1218 5055
1219 5059
1220 5063
1221 5067
1222 5071
1223 5075
1224 5079
1225 5083
1226 5087
1227 5091
1228 5095
1229 5099
1230 5103
1231 5107
1232 5111
1233 5115
1234 5119
1235 5123
1236 5127
1237 5131
1238 5135
1239 5139
1240 5143
1241 5147
1242 5151
1243 5155
1244 5159
1245 5163
1246 5167
1247 5171
1248 5175
1249 5179
1250 5183
1251 5187
1252 5191
1253 5195
1254 5199
1255 5203
1256 5207
1257 5211
1258 5215
1259 5219
1260 5223
1261 5227
1262 5231
1263 5235
1264 5239
1265 5243
1266 5247
1267 5251
1268 5254
1269 5258
1270 5261
1271 5265
1272 5269
1273 5272
1274 5275
1275 5279
1276 5282
1277 5285
1278 5288
1279 5292
1280 5296
1281 5300
1282 5304
1283 5308
1284 5312
1285 5316
1286 5320
1287 5324
1288 5328
1289 5332
1290 5336
1291 5340
1292 5344
1293 5348
1294 5352
1295 5356
1296 5360
1297 5364
1298 5368
1299 5372
1300 5376
1301 5380
1302 5384
1303 5388
1304 5392
1305 5396
1306 5400
1307 5404
1308 5408
1309 5412
1310 5416
1311 5420
1312 5424
1313 5428
1314 5432
1315 5436
1316 5440
1317 5444
1318 5448
1319 5452
1320 5456
1321 5460
1322 5464
1323 5468
1324 5472
1325 5476
1326 5480
1327 5484
1328 5488
1329 5492
1330 5496
1331 5500
1332 5504
1333 5508
1334 5512
1335 5516
1336 5520
1337 5524
1338 5528
1339 5532
1340 5536
1341 5540
1342 5544
1343 5548
1344 5552
1345 5556
1346 5560
1347 5564
1348 5568
1349 5572
1350 5576
1351 5580
1352 5583
1353 5587
1354 5591
1355 5595
1356 5599
1357 5603
1358 5607
1359 5611
1360 5615
1361 5619
1362 5623
1363 5627
1364 5631
1365 5635
1366 5639
1367 5643
1368 5647
1369 5651
1370 5655
1371 5659
1372 5663
1373 5667
1374 5671
1375 5675
1376 5679
1377 5683
1378 5687
1379 5691
1380 5695
1381 5699
1382 5703
1383 5707
1384 5711
1385 5715
1386 5719
1387 5723
1388 5727
1389 5731
1390 5735
1391 5739
1392 5743
1393 5747
1394 5750
1395 5754
1396 5758
1397 5762
1398 5766
1399 5770
1400 5774
1401 5778
1402 5782
1403 5786
1404 5790
1405 5794
1406 5798
1407 5802
1408 5806
1409 5810
1410 5814
1411 5818
1412 5822
1413 5826
1414 5830
1415 5834
1416 5838
1417 5842
1418 5846
1419 5850
1420 5854
1421 5858
1422 5862
1423 5866
1424 5870
1425 5874
1426 5878
1427 5882
1428 5886
1429 5890
1430 5894
1431 5898
1432 5902
1433 5906
1434 5910
1435 5914
1436 5918
1437 5922
1438 5926
1439 5930
1440 5934
1441 5938
1442 5942
1443 5946
1444 5950
1445 5954
1446 5958
1447 5962
1448 5966
1449 5970
1450 5974
1451 5978
1452 5982
1453 5986
1454 5990
1455 5994
1456 5998
1457 6002
1458 6006
1459 6010
1460 6014
1461 6018
1462 6022
1463 6026
1464 6030
1465 6034
1466 6038
1467 6042
1468 6046
1469 6050
1470 6054
1471 6058
1472 6062
1473 6066
1474 6070
1475 6074
1476 6078
1477 6082
1478 6086
1479 6090
1480 6094
1481 6098
1482 6102
1483 6106
1484 6110
1485 6114
1486 6118
1487 6122
1488 6126
1489 6130
1490 6134
1491 6138
1492 6142
1493 6146
1494 6150
1495 6154
1496 6158
1497 6162
1498 6166
1499 6170
1500 6174
1501 6178
1502 6182
1503 6186
1504 6190
1505 6194
1506 6198
1507 6202
1508 6206
1509 6210
1510 6214
1511 6218
1512 6222
1513 6226
1514 6230
1515 6234
1516 6238
1517 6242
1518 6246
1519 6250
1520 6254
1521 6258
1522 6262
1523 6266
1524 6270
1525 6274
1526 6278
1527 6282
1528 6286
1529 6290
1530 6294
1531 6298
1532 6302
1533 6306
1534 6310
1535 6314
1536 6318
1537 6322
1538 6326
1539 6330
1540 6334
1541 6338
1542 6342
1543 6346
1544 6350
1545 6354
1546 6358
1547 6362
1548 6366
1549 6370
1550 6374
1551 6378
1552 6382
1553 6386
1554 6390
1555 6394
1556 6398
1557 6402
1558 6406
1559 6410
1560 6414
1561 6418
1562 6422
1563 6426
1564 6430
1565 6434
1566 6438
1567 6442
1568 6446
1569 6450
1570 6454
1571 6458
1572 6462
1573 6466
1574 6470
1575 6474
1576 6478
1577 6482
1578 6486
1579 6490
1580 6494
1581 6498
1582 6502
1583 6506
1584 6510
1585 6514
1586 6518
1587 6522
1588 6526
1589 6530
1590 6534
1591 6538
1592 6542
1593 6546
1594 6550
1595 6554
1596 6558
1597 6562
1598 6566
1599 6570
1600 6574
1601 6578
1602 6582
1603 6586
1604 6590
1605 6594
1606 6598
1607 6602
1608 6606
1609 6610
1610 6614
1611 6618
1612 6622
1613 6626
1614 6630
1615 6634
1616 6638
1617 6642
1618 6646
1619 6650
1620 6654
1621 6658
1622 6662
1623 6666
1624 6670
1625 6674
1626 6678
1627 6682
1628 6686
1629 6690
1630 6694
1631 6697
1632 6701
1633 6705
1634 6709
1635 6713
1636 6717
1637 6721
1638 6725
1639 6729
1640 6733
1641 6737
1642 6741
1643 6745
1644 6749
1645 6753
1646 6757
1647 6761
1648 6765
1649 6769
1650 6773
1651 6777
1652 6781
1653 6785
1654 6789
1655 6793
1656 6797
1657 6801
1658 6805
1659 6809
1660 6813
1661 6817
1662 6821
1663 6825
1664 6829
1665 6833
1666 6837
1667 6841
1668 6845
1669 6849
1670 6853
1671 6857
1672 6861
1673 6865
1674 6869
1675 6873
1676 6877
1677 6881
1678 6885
1679 6889
1680 6893
1681 6897
1682 6901
1683 6905
1684 6909
1685 6913
1686 6917
1687 6921
1688 6925
1689 6929
1690 6933
1691 6937
1692 6941
1693 6945
1694 6949
1695 6953
1696 6957
1697 6961
1698 6965
1699 6968
1700 6972
1701 6976
1702 6980
1703 6984
1704 6988
1705 6992
1706 6996
1707 7000
1708 7004
1709 7008
1710 7012
1711 7016
1712 7020
1713 7024
1714 7028
1715 7032
1716 7036
1717 7040
1718 7044
1719 7048
1720 7052
1721 7056
1722 7060
1723 7064
1724 7068
1725 7072
1726 7076
1727 7080
1728 7084
1729 7088
1730 7092
1731 7096
1732 7100
1733 7104
1734 7108
1735 7112
1736 7116
1737 7120
1738 7124
1739 7128
1740 7132
1741 7136
1742 7140
1743 7144
1744 7148
1745 7152
1746 7156
1747 7160
1748 7164
1749 7166
1750 7169
1751 7173
1752 7177
1753 7181
1754 7185
1755 7189
1756 7193
1757 7197
1758 7201
1759 7205
1760 7209
1761 7213
1762 7217
1763 7221
1764 7225
1765 7229
1766 7233
1767 7237
1768 7241
1769 7245
1770 7249
1771 7253
1772 7257
1773 7261
1774 7265
1775 7269
1776 7273
1777 7277
1778 7281
1779 7285
1780 7289
1781 7293
1782 7297
1783 7301
1784 7305
1785 7309
1786 7313
1787 7317
1788 7321
1789 7325
1790 7329
1791 7333
1792 7337
1793 7341
1794 7345
1795 7349
1796 7353
1797 7357
1798 7361
1799 7365
1800 7369
1801 7373
1802 7377
1803 7381
1804 7385
1805 7389
1806 7393
1807 7397
1808 7401
1809 7405
1810 7409
1811 7413
1812 7417
1813 7421
1814 7425
1815 7429
1816 7433
1817 7437
1818 7441
1819 7445
1820 7449
1821 7453
1822 7457
1823 7460
1824 7464
1825 7468
1826 7472
1827 7476
1828 7480
1829 7484
1830 7488
1831 7492
1832 7496
1833 7500
1834 7504
1835 7508
1836 7510
1837 7512
1838 7515
1839 7519
1840 7523
1841 7527
1842 7531
1843 7535
1844 7539
1845 7543
1846 7547
1847 7551
1848 7555
1849 7559
1850 7563
1851 7567
1852 7571
1853 7575
1854 7579
1855 7583
1856 7587
1857 7591
1858 7595
1859 7599
1860 7603
1861 7607
1862 7611
1863 7615
1864 7619
1865 7623
1866 7627
1867 7630
1868 7634
1869 7638
1870 7642
1871 7646
1872 7650
1873 7654
1874 7658
1875 7662
1876 7665
1877 7669
1878 7673
1879 7677
1880 7681
1881 7685
1882 7689
1883 7693
1884 7697
1885 7701
1886 7705
1887 7709
1888 7713
1889 7717
1890 7721
1891 7725
1892 7729
1893 7733
1894 7737
1895 7741
1896 7745
1897 7749
1898 7753
1899 7757
1900 7761
1901 7765
1902 7769
1903 7773
1904 7777
1905 7781
1906 7785
1907 7789
1908 7793
1909 7797
1910 7801
1911 7805
1912 7809
1913 7813
1914 7817
1915 7821
1916 7825
1917 7829
1918 7833
1919 7837
1920 7841
1921 7845
1922 7849
1923 7853
1924 7857
1925 7861
1926 7864
1927 7868
1928 7872
1929 7876
1930 7879
1931 7881
1932 7885
1933 7889
1934 7892
1935 7896
1936 7900
1937 7904
1938 7908
1939 7912
1940 7916
1941 7920
1942 7924
1943 7928
1944 7932
1945 7936
1946 7940
1947 7944
1948 7948
1949 7952
1950 7956
1951 7960
1952 7964
1953 7968
1954 7972
1955 7976
1956 7980
1957 7984
1958 7988
1959 7992
1960 7996
1961 8000
1962 8004
1963 8008
1964 8012
1965 8016
1966 8020
1967 8024
1968 8028
1969 8032
1970 8036
1971 8040
1972 8044
1973 8048
1974 8052
1975 8056
1976 8060
1977 8064
1978 8068
1979 8072
1980 8076
1981 8080
1982 8084
1983 8088
1984 8092
1985 8096
1986 8100
1987 8104
1988 8108
1989 8112
1990 8116
1991 8120
1992 8124
1993 8128
1994 8132
1995 8136
1996 8140
1997 8144
1998 8148
1999 8152
2000 8156
2001 8160
2002 8164
2003 8168
2004 8172
2005 8176
2006 8180
2007 8184
2008 8188
2009 8192
2010 8196
2011 8200
2012 8204
2013 8208
2014 8212
2015 8216
2016 8220
2017 8224
2018 8228
2019 8232
2020 8236
2021 8240
2022 8244
2023 8248
2024 8252
2025 8256
2026 8260
2027 8264
2028 8268
2029 8272
2030 8276
2031 8280
2032 8284
2033 8288
2034 8292
2035 8296
2036 8300
2037 8304
2038 8308
2039 8312
2040 8316
2041 8320
2042 8324
2043 8328
2044 8332
2045 8336
2046 8340
2047 8344
2048 8348
2049 8352
2050 8356
2051 8360
2052 8364
2053 8368
2054 8372
2055 8376
2056 8380
2057 8384
2058 8388
2059 8392
2060 8396
2061 8400
2062 8404
2063 8408
2064 8412
2065 8416
2066 8420
2067 8424
2068 8428
2069 8432
2070 8436
2071 8440
2072 8444
2073 8448
2074 8452
2075 8456
2076 8460
2077 8464
2078 8468
2079 8472
2080 8476
2081 8480
2082 8484
2083 8488
2084 8492
2085 8496
2086 8500
2087 8504
2088 8508
2089 8512
2090 8516
2091 8520
2092 8524
2093 8528
2094 8532
2095 8536
2096 8540
2097 8544
2098 8548
2099 8552
2100 8556
2101 8560
2102 8564
2103 8568
2104 8572
2105 8576
2106 8580
2107 8584
2108 8588
2109 8592
2110 8596
2111 8600
2112 8604
2113 8608
2114 8612
2115 8616
2116 8620
2117 8624
2118 8628
2119 8632
2120 8636
2121 8640
2122 8644
2123 8648
2124 8652
2125 8656
2126 8660
2127 8664
2128 8668
2129 8672
2130 8676
2131 8680
2132 8684
2133 8688
2134 8692
2135 8696
2136 8700
2137 8704
2138 8708
2139 8712
2140 8716
2141 8720
2142 8724
2143 8728
2144 8732
2145 8736
2146 8740
2147 8744
2148 8748
2149 8752
2150 8756
2151 8760
2152 8764
2153 8768
2154 8772
2155 8776
2156 8780
2157 8784
2158 8788
2159 8792
2160 8796
2161 8800
2162 8804
2163 8808
2164 8812
2165 8816
2166 8820
2167 8824
2168 8828
2169 8832
2170 8836
2171 8840
2172 8844
2173 8848
2174 8852
2175 8856
2176 8860
2177 8864
2178 8868
2179 8872
2180 8876
2181 8880
2182 8884
2183 8888
2184 8892
2185 8896
2186 8900
2187 8904
2188 8908
2189 8912
2190 8916
2191 8920
2192 8924
2193 8928
2194 8932
2195 8936
2196 8940
2197 8944
2198 8948
2199 8952
2200 8956
2201 8960
2202 8964
2203 8968
2204 8972
2205 8976
2206 8980
2207 8984
2208 8988
2209 8992
2210 8996
2211 9000
2212 9004
2213 9008
2214 9012
2215 9016
2216 9020
2217 9024
2218 9028
2219 9032
2220 9036
2221 9040
2222 9044
2223 9048
2224 9052
2225 9056
2226 9060
2227 9064
2228 9068
2229 9072
2230 9076
2231 9080
2232 9084
2233 9088
2234 9092
2235 9096
2236 9100
2237 9104
2238 9108
2239 9112
2240 9116
2241 9120
2242 9124
2243 9128
2244 9132
2245 9136
2246 9140
2247 9144
2248 9148
2249 9152
2250 9156
2251 9160
2252 9164
2253 9168
2254 9172
2255 9176
2256 9180
2257 9184
2258 9188
2259 9192
2260 9196
2261 9200
2262 9204
2263 9208
2264 9212
2265 9216
2266 9220
2267 9224
2268 9228
2269 9232
2270 9236
2271 9240
2272 9244
2273 9248
2274 9252
2275 9256
2276 9260
2277 9264
2278 9268
2279 9272
2280 9276
2281 9280
2282 9284
2283 9288
2284 9292
2285 9296
2286 9300
2287 9304
2288 9308
2289 9312
2290 9316
2291 9320
2292 9324
2293 9328
2294 9332
2295 9336
2296 9340
2297 9344
2298 9348
2299 9352
2300 9356
2301 9360
2302 9364
2303 9368
2304 9372
2305 9376
2306 9380
2307 9384
2308 9388
2309 9392
2310 9396
2311 9400
2312 9404
2313 9408
2314 9412
2315 9416
2316 9420
2317 9424
2318 9428
2319 9432
2320 9436
2321 9440
2322 9444
2323 9448
2324 9452
2325 9456
2326 9460
2327 9464
2328 9468
2329 9472
2330 9476
2331 9480
2332 9484
2333 9488
2334 9492
2335 9496
2336 9500
2337 9504
2338 9508
2339 9512
2340 9516
2341 9520
2342 9524
2343 9528
2344 9532
2345 9536
2346 9540
2347 9544
2348 9548
2349 9552
2350 9556
2351 9560
2352 9564
2353 9568
2354 9572
2355 9576
2356 9580
2357 9584
2358 9588
2359 9592
2360 9596
2361 9600
2362 9604
2363 9608
2364 9612
2365 9616
2366 9620
2367 9624
2368 9628
2369 9632
2370 9636
2371 9640
2372 9644
2373 9648
2374 9652
2375 9656
2376 9660
2377 9664
2378 9668
2379 9672
2380 9676
2381 9680
2382 9684
2383 9688
2384 9692
2385 9696
2386 9700
2387 9704
2388 9708
2389 9712
2390 9716
2391 9720
2392 9724
2393 9728
2394 9732
2395 9736
2396 9740
2397 9744
2398 9748
2399 9752
2400 9756
2401 9760
2402 9764
2403 9768
2404 9772
2405 9776
2406 9780
2407 9784
2408 9788
2409 9792
2410 9796
2411 9800
2412 9804
2413 9808
2414 9812
2415 9816
2416 9820
2417 9824
2418 9828
2419 9832
2420 9836
2421 9840
2422 9844
2423 9848
2424 9852
2425 9856
2426 9860
2427 9864
2428 9868
2429 9872
2430 9876
2431 9880
2432 9884
2433 9888
2434 9892
2435 9896
2436 9900
2437 9904
2438 9908
2439 9912
2440 9916
2441 9920
2442 9924
2443 9928
2444 9932
2445 9936
2446 9940
2447 9944
2448 9948
2449 9952
2450 9956
2451 9960
2452 9964
2453 9968
2454 9972
2455 9976
2456 9980
2457 9984
2458 9988
2459 9992
2460 9996
2461 10000
2462 10004
2463 10008
2464 10012
2465 10016
2466 10020
2467 10024
2468 10028
2469 10032
2470 10036
2471 10040
2472 10044
2473 10048
2474 10052
2475 10056
2476 10060
2477 10064
2478 10068
2479 10072
2480 10076
2481 10080
2482 10084
2483 10088
2484 10092
2485 10096
2486 10100
2487 10104
2488 10108
2489 10112
2490 10116
2491 10120
2492 10124
2493 10128
2494 10132
2495 10136
2496 10140
2497 10144
2498 10148
2499 10152
2500 10156
2501 10160
2502 10164
2503 10168
2504 10172
2505 10176
2506 10180
2507 10184
2508 10188
2509 10192
2510 10196
2511 10200
2512 10204
2513 10208
2514 10212
2515 10216
2516 10220
2517 10224
2518 10228
2519 10232
2520 10236
2521 10240
2522 10244
2523 10248
2524 10252
2525 10256
2526 10260
2527 10264
2528 10268
2529 10272
2530 10276
2531 10280
2532 10284
2533 10288
2534 10292
2535 10296
2536 10300
2537 10304
2538 10308
2539 10312
2540 10316
2541 10320
2542 10324
2543 10328
2544 10332
2545 10336
2546 10340
2547 10344
2548 10348
2549 10352
2550 10356
2551 10360
2552 10364
2553 10368
2554 10372
2555 10376
2556 10380
2557 10384
2558 10388
2559 10392
2560 10396
2561 10400
2562 10404
2563 10408
2564 10412
2565 10416
2566 10420
2567 10424
2568 10428
2569 10432
2570 10436
2571 10440
2572 10444
2573 10448
2574 10452
2575 10456
2576 10460
2577 10464
2578 10468
2579 10472
2580 10476
2581 10480
2582 10484
2583 10488
2584 10492
2585 10496
2586 10500
2587 10504
2588 10508
2589 10512
2590 10516
2591 10520
2592 10524
2593 10528
2594 10532
2595 10536
2596 10540
2597 10544
2598 10548
2599 10552
2600 10556
2601 10560
2602 10564
2603 10568
2604 10572
2605 10576
2606 10580
2607 10584
2608 10588
2609 10592
2610 10596
2611 10600
2612 10604
2613 10608
2614 10612
2615 10616
2616 10620
2617 10624
2618 10628
2619 10632
2620 10636
2621 10640
2622 10644
2623 10648
2624 10652
2625 10656
2626 10660
2627 10664
2628 10668
2629 10672
2630 10676
2631 10680
2632 10684
2633 10688
2634 10692
2635 10696
2636 10700
2637 10704
2638 10708
2639 10712
2640 10716
2641 10720
2642 10724
2643 10728
2644 10732
2645 10736
2646 10740
2647 10744
2648 10748
2649 10752
2650 10756
2651 10760
2652 10764
2653 10768
2654 10772
2655 10776
2656 10780
2657 10784
2658 10788
2659 10792
2660 10796
2661 10800
2662 10804
2663 10808
2664 10812
2665 10816
2666 10820
2667 10824
2668 10828
2669 10832
2670 10836
2671 10840
2672 10844
2673 10848
2674 10852
2675 10856
2676 10860
2677 10864
2678 10868
2679 10872
2680 10876
2681 10880
2682 10884
2683 10888
2684 10892
2685 10896
2686 10900
2687 10904
2688 10908
2689 10912
2690 10916
2691 10920
2692 10924
2693 10928
2694 10932
2695 10936
2696 10940
2697 10944
2698 10948
2699 10952
2700 10956
2701 10960
2702 10964
2703 10968
2704 10972
2705 10976
2706 10980
2707 10984
2708 10988
2709 10992
2710 10996
2711 11000
2712 11004
2713 11008
2714 11012
2715 11016
2716 11020
2717 11024
2718 11028
2719 11032
2720 11036
2721 11040
2722 11044
2723 11048
2724 11052
2725 11056
2726 11060
2727 11064
2728 11068
2729 11072
2730 11076
2731 11080
2732 11084
2733 11088
2734 11092
2735 11096
2736 11100
2737 11104
2738 11108
2739 11112
2740 11116
2741 11120
2742 11124
2743 11128
2744 11132
2745 11136
2746 11140
