0 312
1 324
2 336
3 348
4 360
5 372
6 384
7 395
8 404
9 410
14 412
15 414
16 419
17 430
18 440
19 452
20 462
21 472
22 480
23 487
24 495
25 506
26 518
27 528
28 539
29 548
30 559
31 570
32 581
33 591
34 602
35 610
36 621
37 632
39 646
40 657
41 669
42 679
43 690
44 700
45 711
46 720
47 728
48 731
51 735
52 738
53 748
54 758
55 768
56 779
57 789
58 797
59 809
60 821
61 831
62 839
63 850
64 860
65 869
66 881
67 893
68 905
69 917
70 929
71 941
72 953
73 965
74 976
75 986
76 993
77 1003
78 1011
79 1021
80 1031
81 1043
82 1055
83 1067
84 1079
85 1091
86 1103
87 1115
88 1127
89 1139
90 1151
91 1163
92 1175
93 1187
94 1199
95 1211
96 1223
97 1235
98 1247
99 1259
100 1271
101 1283
102 1295
103 1307
104 1319
105 1331
106 1343
107 1355
108 1367
109 1379
110 1391
111 1403
112 1415
113 1427
114 1439
115 1451
116 1463
117 1475
118 1487
119 1499
120 1511
121 1523
122 1535
123 1547
124 1559
125 1571
126 1583
127 1595
128 1607
129 1619
130 1631
131 1643
132 1655
133 1667
134 1679
135 1691
136 1703
137 1715
138 1727
139 1739
140 1751
141 1763
142 1775
143 1787
144 1799
145 1811
146 1823
147 1835
148 1847
149 1855
150 1866
151 1876
152 1885
153 1896
154 1906
155 1918
156 1930
157 1942
158 1954
159 1966
160 1978
161 1990
162 2002
163 2014
164 2026
165 2038
166 2050
167 2062
168 2074
169 2086
170 2098
171 2110
172 2121
173 2133
174 2145
175 2154
176 2164
177 2170
178 2173
179 2181
180 2192
181 2202
182 2213
183 2224
184 2235
185 2244
186 2254
187 2265
188 2269
189 2277
190 2287
191 2296
192 2307
193 2315
194 2322
195 2332
196 2340
197 2350
198 2359
199 2366
200 2370
201 2375
203 2379
204 2381
205 2391
206 2398
207 2403
208 2409
209 2421
210 2431
211 2440
212 2452
213 2464
214 2476
215 2488
216 2500
217 2512
218 2524
219 2535
220 2547
221 2558
222 2569
223 2580
224 2592
225 2604
226 2616
227 2628
228 2640
229 2652
230 2664
231 2676
232 2688
233 2700
234 2712
235 2724
236 2736
237 2748
238 2757
240 2764
241 2774
242 2779
243 2781
244 2782
246 2787
247 2792
248 2796
249 2802
250 2805
251 2811
252 2814
253 2816
254 2822
255 2827
257 2832
258 2843
259 2855
260 2867
261 2877
262 2887
263 2897
264 2900
265 2908
266 2920
267 2932
268 2940
269 2947
270 2958
271 2970
272 2982
273 2994
274 3006
275 3018
276 3029
277 3039
278 3046
279 3056
280 3066
281 3078
282 3087
283 3092
285 3107
286 3119
287 3131
288 3143
289 3155
290 3167
291 3179
292 3191
293 3199
294 3209
295 3221
296 3233
297 3245
298 3257
299 3269
300 3281
301 3293
302 3305
303 3317
304 3329
305 3341
306 3353
307 3365
308 3377
309 3389
310 3401
311 3413
312 3425
313 3435
314 3447
315 3459
316 3468
317 3477
318 3486
319 3495
320 3505
321 3514
322 3521
323 3530
324 3539
325 3551
326 3560
327 3569
328 3575
329 3585
330 3596
331 3608
332 3620
333 3632
334 3642
335 3654
336 3665
337 3673
338 3680
339 3684
341 3689
342 3696
343 3702
344 3709
345 3713
346 3724
347 3733
349 3742
350 3749
351 3756
352 3768
353 3780
354 3789
355 3798
356 3806
357 3817
358 3829
359 3841
360 3853
361 3863
362 3875
363 3887
364 3899
365 3911
366 3923
367 3935
368 3947
369 3959
370 3971
371 3983
372 3995
373 4006
374 4018
375 4024
376 4034
377 4046
378 4056
379 4068
380 4080
381 4092
382 4104
383 4116
384 4128
385 4140
386 4150
387 4161
388 4173
389 4185
390 4197
391 4206
396 4217
397 4228
398 4238
399 4249
400 4261
401 4267
402 4272
403 4274
406 4277
407 4279
408 4281
409 4282
412 4286
413 4288
414 4293
416 4298
417 4306
418 4312
419 4318
424 4321
425 4323
427 4326
429 4329
432 4333
433 4340
434 4347
435 4357
436 4364
437 4372
438 4381
439 4392
440 4403
441 4411
442 4417
443 4426
444 4438
445 4447
446 4457
447 4465
448 4472
449 4482
450 4493
451 4505
452 4517
453 4529
454 4541
455 4553
456 4564
457 4575
458 4586
459 4595
460 4607
461 4619
462 4631
463 4642
464 4653
465 4665
466 4677
467 4689
468 4701
469 4713
470 4725
471 4737
472 4749
473 4761
474 4773
475 4785
476 4797
477 4809
478 4821
479 4833
480 4845
481 4857
482 4869
483 4881
484 4891
485 4899
486 4909
487 4918
488 4927
489 4938
490 4948
491 4959
492 4971
493 4983
494 4995
495 5007
496 5019
497 5031
498 5043
499 5055
500 5067
501 5079
502 5091
503 5103
504 5115
505 5127
506 5139
507 5151
508 5163
509 5173
510 5184
511 5196
512 5207
513 5218
514 5229
515 5240
516 5250
517 5260
518 5269
519 5278
520 5288
521 5296
522 5307
523 5319
524 5331
525 5340
526 5351
527 5359
529 5368
530 5378
531 5388
532 5400
533 5412
534 5421
535 5431
536 5443
537 5455
538 5467
539 5478
540 5488
541 5500
542 5511
543 5522
544 5532
545 5540
546 5546
548 5556
549 5565
550 5571
551 5583
552 5595
553 5606
554 5618
555 5630
556 5642
557 5654
558 5666
559 5676
560 5688
561 5700
562 5712
563 5724
564 5736
565 5747
566 5759
567 5771
568 5783
569 5795
570 5807
571 5819
572 5831
573 5843
574 5853
575 5865
576 5877
577 5887
578 5894
579 5902
580 5913
581 5925
582 5935
583 5943
584 5954
585 5966
586 5977
587 5989
588 6001
589 6013
590 6024
591 6036
592 6048
593 6060
594 6070
595 6077
600 6088
601 6094
602 6098
603 6100
606 6106
607 6114
608 6121
609 6132
610 6138
611 6143
612 6152
613 6163
614 6173
615 6183
616 6194
617 6198
618 6201
619 6211
620 6223
621 6235
622 6247
623 6258
624 6270
625 6278
626 6288
627 6300
628 6312
629 6324
630 6336
631 6348
632 6359
633 6369
634 6381
635 6393
636 6405
637 6417
638 6427
639 6439
640 6449
641 6460
642 6472
643 6484
644 6495
645 6507
646 6519
647 6531
648 6543
649 6555
650 6567
651 6578
652 6590
653 6599
654 6608
655 6620
656 6632
657 6644
658 6656
659 6668
660 6680
661 6692
662 6704
663 6716
664 6728
665 6740
666 6752
667 6763
668 6775
669 6787
670 6799
671 6810
672 6822
673 6834
674 6846
675 6858
676 6870
677 6882
678 6894
679 6906
680 6918
681 6930
682 6942
683 6954
684 6966
685 6978
686 6990
687 7001
688 7011
689 7022
690 7034
691 7046
692 7058
693 7067
694 7078
695 7089
696 7100
697 7109
698 7118
699 7129
700 7141
701 7153
702 7165
703 7177
704 7189
705 7201
706 7211
707 7221
708 7233
709 7245
710 7257
711 7268
712 7278
713 7288
714 7296
715 7304
716 7312
717 7321
718 7325
719 7329
720 7332
721 7337
722 7345
723 7355
724 7366
725 7372
726 7380
727 7389
728 7401
729 7413
730 7425
731 7437
732 7449
733 7461
734 7473
735 7485
736 7497
737 7508
738 7520
739 7531
740 7542
741 7554
742 7566
743 7578
744 7590
745 7602
746 7613
747 7622
748 7630
749 7637
750 7649
751 7661
752 7671
753 7683
754 7695
755 7707
756 7719
757 7731
758 7742
759 7753
760 7764
761 7776
762 7788
763 7798
764 7810
765 7822
766 7834
767 7846
768 7857
769 7867
770 7875
771 7886
772 7896
773 7908
774 7920
775 7931
776 7942
777 7954
778 7966
779 7978
780 7990
781 8002
782 8014
783 8026
784 8037
785 8049
786 8061
787 8073
788 8084
789 8093
790 8101
791 8111
792 8121
793 8133
794 8145
795 8156
796 8168
797 8177
798 8183
799 8194
800 8206
801 8218
802 8229
803 8241
804 8253
805 8265
806 8277
807 8289
808 8301
809 8313
810 8325
811 8337
812 8349
813 8358
814 8370
815 8382
816 8391
817 8401
818 8410
819 8415
820 8417
821 8422
822 8427
823 8435
824 8443
825 8450
826 8459
827 8468
828 8479
829 8491
830 8503
831 8515
832 8526
833 8538
834 8550
835 8562
836 8574
837 8586
838 8598
839 8610
840 8622
841 8633
842 8640
843 8646
844 8648
845 8656
846 8668
847 8680
848 8692
849 8703
850 8715
851 8727
852 8739
853 8751
854 8763
855 8775
856 8787
857 8799
858 8811
859 8823
860 8835
861 8847
862 8859
863 8871
864 8883
865 8895
866 8907
867 8919
868 8931
869 8943
870 8955
871 8967
872 8978
873 8988
874 8998
875 9010
876 9022
877 9034
878 9046
879 9058
880 9070
881 9082
882 9094
883 9106
884 9117
885 9128
886 9140
887 9152
888 9164
889 9176
890 9188
891 9200
892 9212
893 9224
894 9235
895 9246
896 9251
897 9259
898 9268
899 9278
900 9290
901 9301
902 9312
903 9321
904 9327
905 9335
906 9346
907 9357
908 9369
909 9381
910 9392
911 9404
912 9416
913 9428
914 9438
915 9447
916 9455
917 9461
918 9472
919 9483
920 9495
921 9507
922 9519
923 9531
924 9543
925 9555
926 9567
927 9579
928 9591
929 9603
930 9615
931 9627
932 9639
933 9651
934 9663
935 9675
936 9687
937 9699
938 9711
939 9723
940 9735
941 9747
942 9759
943 9771
944 9783
945 9795
946 9807
947 9819
948 9830
949 9842
950 9852
951 9861
952 9871
953 9883
954 9891
955 9901
956 9909
957 9920
958 9929
959 9938
960 9950
961 9960
962 9963
963 9971
964 9977
965 9983
966 9992
967 9998
968 10007
969 10012
971 10019
972 10028
973 10040
974 10049
975 10058
976 10065
977 10070
979 10079
981 10084
991 10094
992 10104
993 10116
994 10127
995 10139
996 10151
997 10163
998 10175
999 10187
1000 10199
1005 10209
1006 10221
1007 10233
1008 10245
1009 10257
1010 10269
1011 10281
1012 10293
1013 10305
1014 10317
1015 10329
1016 10341
1017 10353
1018 10365
1019 10377
1020 10389
1021 10401
1022 10413
1023 10425
1024 10437
1025 10449
1026 10461
