0 2174
1 2185
2 2192
3 2201
4 2212
5 2221
6 2230
7 2240
8 2251
9 2262
10 2274
11 2286
12 2298
13 2310
14 2322
15 2334
16 2346
17 2358
18 2370
19 2382
20 2394
21 2406
22 2418
23 2430
24 2442
25 2454
26 2466
27 2478
28 2490
29 2502
30 2514
31 2526
32 2538
33 2550
34 2562
35 2574
36 2586
37 2598
38 2610
39 2622
40 2634
41 2646
42 2658
43 2670
44 2680
45 2686
46 2692
47 2697
49 2704
50 2711
51 2719
52 2731
53 2743
54 2755
55 2767
56 2779
57 2791
58 2803
59 2815
60 2827
61 2839
62 2851
63 2863
64 2875
65 2885
66 2890
67 2894
68 2899
69 2904
70 2910
71 2921
72 2933
73 2945
74 2957
75 2969
76 2981
77 2993
78 3005
79 3017
80 3029
81 3041
82 3053
83 3065
84 3074
85 3083
86 3089
87 3099
88 3106
89 3113
90 3119
91 3127
92 3139
93 3151
94 3163
95 3175
96 3187
97 3199
98 3211
99 3223
100 3235
101 3247
102 3255
103 3267
104 3275
105 3283
106 3295
107 3306
113 3310
114 3316
116 3319
117 3320
118 3325
120 3334
121 3337
122 3338
123 3341
124 3347
125 3357
126 3367
127 3369
129 3373
135 3379
137 3385
138 3390
139 3393
140 3397
141 3402
142 3407
143 3410
144 3418
145 3428
146 3435
147 3441
148 3445
149 3449
150 3456
151 3466
152 3473
153 3483
154 3494
155 3503
156 3512
157 3521
158 3531
159 3541
160 3548
161 3557
162 3565
163 3570
164 3582
165 3594
166 3604
167 3616
168 3628
169 3640
170 3650
172 3653
173 3660
174 3671
175 3683
176 3693
177 3704
178 3714
179 3726
180 3736
182 3751
183 3762
184 3774
185 3785
186 3797
187 3809
188 3821
189 3830
190 3839
191 3849
192 3856
193 3866
194 3871
195 3878
196 3889
197 3896
198 3901
199 3903
200 3907
202 3909
203 3914
204 3920
205 3927
206 3929
207 3933
208 3936
209 3944
210 3950
211 3959
212 3971
213 3983
214 3993
215 4002
216 4008
217 4016
218 4024
219 4030
221 4042
234 4050
235 4058
236 4069
237 4076
239 4083
240 4087
241 4096
242 4101
243 4104
244 4106
248 4113
249 4125
250 4137
251 4149
252 4161
253 4173
254 4185
255 4196
256 4208
257 4220
258 4232
259 4243
260 4254
261 4265
262 4277
263 4289
264 4301
265 4313
266 4324
267 4335
268 4347
269 4359
270 4371
271 4383
272 4394
273 4405
274 4414
275 4422
276 4430
277 4440
278 4449
279 4461
280 4473
281 4481
282 4487
283 4498
284 4509
285 4521
286 4532
287 4544
288 4556
289 4568
290 4580
291 4592
292 4604
293 4616
294 4628
295 4640
296 4652
297 4663
298 4670
299 4676
300 4683
301 4693
302 4705
303 4717
304 4729
305 4741
306 4753
307 4765
308 4777
309 4789
310 4801
311 4813
312 4825
313 4837
314 4849
315 4861
316 4873
317 4885
318 4897
319 4909
320 4920
321 4927
322 4937
323 4949
324 4961
325 4973
326 4984
327 4996
328 5008
329 5020
330 5032
331 5044
332 5056
333 5068
334 5080
335 5092
336 5104
337 5116
338 5128
339 5140
340 5152
341 5164
342 5176
343 5188
344 5200
345 5212
346 5224
347 5236
348 5248
349 5260
350 5272
351 5284
352 5296
353 5308
354 5320
355 5332
356 5344
357 5356
358 5368
359 5380
360 5392
361 5404
362 5416
363 5428
364 5440
365 5452
366 5464
367 5476
368 5488
369 5500
370 5512
371 5524
372 5534
373 5542
374 5550
375 5556
376 5566
377 5578
378 5590
379 5602
380 5614
381 5622
382 5632
383 5643
384 5655
385 5666
386 5677
387 5689
388 5701
389 5713
390 5725
391 5737
392 5749
393 5761
394 5773
395 5785
396 5797
397 5809
398 5821
399 5833
400 5845
401 5857
402 5869
403 5881
404 5893
405 5905
406 5917
407 5929
408 5941
409 5953
410 5965
411 5977
412 5989
413 6001
414 6013
415 6025
416 6037
417 6049
418 6061
419 6073
420 6085
421 6095
422 6105
423 6117
424 6129
425 6141
426 6153
427 6165
428 6177
429 6189
430 6199
431 6208
432 6217
433 6229
434 6241
435 6253
436 6265
437 6276
438 6288
439 6300
440 6312
441 6324
442 6336
443 6348
444 6359
445 6371
446 6383
447 6394
448 6406
449 6418
451 6424
452 6431
453 6442
454 6451
455 6463
456 6475
457 6487
458 6499
459 6511
460 6523
461 6535
462 6547
463 6559
464 6571
465 6583
466 6595
467 6607
468 6619
469 6631
470 6643
471 6655
472 6667
473 6679
474 6691
475 6703
476 6715
479 6721
480 6726
481 6734
482 6741
483 6753
484 6764
485 6774
486 6785
487 6795
488 6803
489 6813
490 6822
491 6829
492 6833
493 6844
494 6854
495 6866
496 6878
497 6890
498 6902
499 6914
500 6926
501 6938
502 6950
503 6962
504 6974
505 6985
506 6997
507 7009
508 7021
509 7033
510 7045
511 7057
512 7069
513 7081
514 7093
515 7105
516 7117
517 7129
518 7141
519 7153
520 7165
521 7177
522 7189
523 7201
524 7213
525 7225
526 7237
527 7249
528 7261
529 7273
530 7285
531 7297
532 7309
533 7321
534 7333
535 7345
536 7357
537 7369
538 7381
539 7393
540 7405
541 7417
542 7429
543 7441
544 7453
545 7465
546 7477
547 7489
548 7501
549 7513
550 7525
551 7537
552 7549
553 7561
554 7573
555 7585
556 7597
557 7609
558 7621
559 7633
560 7645
561 7657
562 7669
563 7681
564 7693
565 7705
566 7717
567 7727
568 7739
569 7751
570 7762
571 7774
572 7786
573 7798
574 7810
575 7822
576 7833
577 7845
578 7857
579 7869
580 7881
581 7893
582 7905
583 7917
584 7929
585 7941
586 7953
587 7965
588 7977
589 7989
590 8001
591 8013
592 8025
593 8037
594 8049
595 8061
596 8073
597 8085
598 8097
599 8109
600 8121
601 8133
602 8145
603 8157
604 8169
605 8181
606 8193
607 8205
608 8217
609 8229
610 8241
611 8253
612 8265
613 8277
614 8289
615 8301
616 8313
617 8325
618 8337
619 8349
620 8361
621 8367
622 8378
623 8390
624 8401
625 8414
626 8425
627 8434
628 8444
629 8456
630 8468
631 8479
632 8491
633 8503
634 8515
635 8527
636 8539
637 8551
638 8559
639 8570
641 8586
642 8597
643 8608
644 8618
645 8626
647 8635
648 8639
649 8641
650 8646
651 8653
652 8664
654 8670
655 8681
656 8693
657 8705
658 8717
659 8729
660 8741
661 8753
662 8765
663 8777
664 8789
665 8801
666 8813
667 8825
668 8837
669 8849
670 8861
671 8872
672 8884
673 8896
674 8908
675 8920
676 8932
677 8944
678 8954
679 8966
680 8972
681 8984
682 8996
683 9008
684 9020
685 9032
686 9044
687 9056
688 9068
689 9080
690 9092
691 9104
692 9116
693 9128
694 9140
695 9152
696 9164
697 9176
698 9188
699 9200
700 9212
701 9224
702 9236
703 9248
704 9260
705 9272
706 9284
707 9296
708 9308
709 9320
710 9332
711 9344
712 9356
713 9368
714 9380
715 9392
716 9404
717 9416
718 9428
719 9440
720 9452
721 9458
722 9465
723 9476
724 9487
725 9499
726 9511
727 9523
728 9535
729 9547
730 9559
731 9570
732 9582
733 9594
734 9606
735 9618
736 9630
737 9642
738 9654
739 9666
740 9678
741 9690
742 9702
743 9714
744 9726
745 9738
746 9749
747 9760
748 9772
749 9784
750 9796
751 9808
752 9820
753 9832
754 9844
755 9856
756 9868
757 9880
758 9892
759 9904
760 9916
761 9928
762 9940
763 9952
764 9964
765 9976
766 9988
767 9999
768 10010
769 10022
770 10034
771 10046
772 10058
773 10070
774 10081
775 10093
776 10105
777 10116
778 10128
779 10139
780 10149
781 10161
782 10172
783 10184
784 10196
785 10208
786 10220
787 10232
788 10244
789 10256
790 10268
791 10279
792 10291
793 10303
794 10315
795 10327
796 10339
797 10350
798 10362
799 10373
800 10385
801 10397
802 10409
803 10419
804 10429
805 10440
806 10452
807 10464
808 10476
809 10488
810 10500
811 10512
812 10524
813 10536
814 10548
815 10554
816 10560
817 10562
818 10565
819 10568
820 10572
821 10576
822 10587
823 10598
824 10610
825 10622
826 10634
827 10646
828 10656
829 10667
830 10678
831 10688
832 10698
833 10709
834 10721
835 10733
836 10744
837 10756
838 10768
839 10779
840 10788
843 10796
844 10804
845 10811
846 10818
847 10828
848 10840
849 10852
850 10863
851 10875
852 10887
853 10899
854 10911
855 10923
856 10932
857 10939
858 10945
859 10956
860 10967
861 10976
862 10988
863 10999
864 11010
865 11020
866 11032
867 11044
868 11055
869 11067
870 11078
871 11089
872 11101
873 11113
874 11125
875 11136
876 11148
877 11160
878 11172
879 11184
880 11196
881 11208
882 11220
883 11232
884 11244
885 11256
886 11268
887 11280
888 11292
889 11304
890 11316
891 11328
892 11340
893 11352
894 11364
895 11376
896 11388
897 11400
898 11412
899 11424
900 11436
901 11448
902 11460
903 11472
904 11484
905 11496
906 11508
907 11520
908 11532
909 11544
910 11556
911 11568
912 11580
913 11592
914 11604
915 11616
916 11628
917 11640
918 11652
919 11664
920 11676
921 11688
922 11700
923 11712
924 11724
925 11736
926 11748
927 11760
928 11772
929 11784
930 11796
931 11808
932 11819
933 11831
934 11843
935 11855
936 11867
937 11879
938 11891
939 11903
940 11915
941 11927
942 11939
943 11951
944 11963
945 11975
946 11987
947 11999
948 12011
949 12023
950 12035
951 12047
952 12059
953 12071
954 12083
955 12095
956 12107
957 12119
958 12131
959 12142
960 12154
961 12166
962 12178
963 12190
964 12202
965 12214
966 12226
967 12238
968 12250
969 12262
970 12274
971 12286
972 12298
973 12310
974 12322
975 12334
976 12346
977 12358
978 12369
979 12381
980 12393
981 12405
982 12417
983 12429
984 12441
985 12453
986 12465
987 12477
988 12489
989 12501
990 12513
991 12525
992 12537
993 12547
994 12559
995 12570
996 12580
997 12592
998 12604
999 12616
1000 12628
1001 12640
1002 12652
1003 12664
1004 12676
1005 12688
1006 12700
1007 12712
1008 12724
1009 12736
1010 12748
1011 12760
1012 12771
1013 12782
1014 12794
1015 12806
1016 12818
1017 12828
1018 12840
1019 12852
1020 12864
1021 12876
1022 12888
1023 12900
1024 12912
1025 12924
1026 12936
1027 12948
1028 12959
1029 12971
1030 12983
1031 12995
1032 13007
1033 13017
1034 13024
1035 13035
1036 13047
1037 13059
1038 13071
1039 13083
1040 13095
1041 13106
1042 13118
1043 13130
1044 13142
1045 13154
1046 13165
1047 13177
1048 13187
1049 13199
1050 13211
1051 13223
1052 13235
1053 13241
1054 13248
1055 13260
1056 13272
1057 13284
1058 13296
1061 13303
1063 13306
1064 13315
1065 13326
1066 13337
1067 13348
1068 13360
1069 13372
1070 13384
1071 13396
1072 13408
1073 13420
1074 13430
1075 13440
1076 13452
1077 13455
1078 13465
1079 13471
1080 13480
1081 13489
1082 13494
1084 13499
1085 13509
1086 13517
1087 13526
1088 13538
1089 13550
1090 13561
1091 13573
1092 13585
1093 13597
1094 13609
1095 13621
1096 13633
1097 13645
1098 13657
1099 13669
1100 13681
1101 13693
1102 13705
1103 13717
1104 13729
1105 13741
1106 13753
1107 13765
1108 13776
1109 13784
1110 13790
1111 13793
1114 13796
1116 13800
1117 13803
1120 13807
1121 13813
1122 13821
1123 13832
1124 13843
1125 13851
1126 13860
1127 13870
1128 13880
1129 13891
1130 13903
1131 13915
1132 13927
1133 13939
1134 13951
1135 13963
1136 13971
1137 13983
1138 13995
1139 14007
1140 14019
1141 14030
1142 14033
1143 14041
1144 14047
1145 14059
1146 14071
1147 14083
1148 14095
1149 14106
1150 14118
1151 14129
1152 14141
1153 14153
1154 14163
1155 14173
1156 14184
1157 14194
1158 14206
1159 14217
1160 14228
1161 14240
1162 14252
1163 14264
1164 14275
1165 14287
1166 14299
1167 14311
1168 14323
1169 14335
1170 14347
1171 14359
1172 14371
1173 14383
1174 14394
1175 14405
1176 14414
1177 14423
1178 14429
1179 14437
1180 14448
1181 14458
1182 14469
1183 14481
1184 14493
1185 14505
1186 14517
1187 14529
1188 14541
1189 14553
1190 14565
1191 14577
1192 14589
1193 14601
1194 14613
1195 14625
1196 14637
1197 14649
1198 14661
1199 14673
1200 14685
1201 14697
1202 14709
1203 14721
1204 14733
1205 14745
1206 14757
1207 14769
1208 14781
1209 14793
1210 14805
1211 14817
1212 14829
1213 14841
1214 14853
1215 14865
1216 14877
1217 14889
1218 14901
1219 14913
1220 14925
1221 14937
1222 14949
1223 14961
1224 14973
1225 14985
1226 14997
1227 15009
1228 15021
1229 15033
1230 15045
1231 15057
1232 15069
1233 15080
1234 15092
1235 15104
1236 15116
1237 15128
1238 15140
1239 15152
1240 15164
1241 15176
1242 15188
1243 15200
1244 15212
1245 15224
1246 15236
1247 15248
1248 15260
1249 15269
1250 15278
1251 15290
1252 15301
1253 15312
1254 15322
1255 15330
1256 15342
1257 15352
1258 15361
1259 15371
1260 15383
1261 15395
1262 15407
1263 15419
1264 15430
1265 15441
1266 15453
1267 15465
1268 15477
1269 15489
1270 15501
1271 15513
1272 15525
1273 15537
1276 15548
1278 15553
1279 15562
1280 15566
1281 15576
1288 15587
1289 15593
