0 172
1 176
2 180
3 184
4 188
5 192
6 196
7 200
8 204
9 208
10 212
11 216
12 220
13 224
14 228
15 232
16 236
17 240
18 244
19 248
20 252
21 256
22 260
23 264
24 268
25 272
26 276
27 280
28 284
29 288
30 292
31 296
32 300
33 304
34 308
35 312
36 316
37 320
38 324
39 328
40 332
41 336
42 340
43 344
44 348
45 352
46 356
47 360
48 364
49 368
50 372
51 376
52 380
53 384
54 388
55 391
56 395
57 399
58 401
59 404
60 406
61 408
62 410
73 411
78 412
79 413
80 414
81 415
82 417
83 419
84 422
85 426
86 430
87 432
88 436
89 440
90 444
91 448
92 452
93 456
94 459
95 462
96 466
97 470
98 472
99 474
100 476
101 480
102 483
103 485
104 487
105 490
106 494
107 495
108 498
109 502
110 506
111 510
112 514
113 518
114 521
115 524
116 528
117 531
118 535
119 539
120 540
121 544
122 548
123 552
124 555
125 559
126 563
127 567
128 570
129 573
130 577
131 581
132 585
133 587
134 591
135 595
136 599
137 602
138 604
139 606
140 610
141 614
142 617
143 621
144 625
145 629
146 632
147 636
148 639
150 641
151 644
152 646
153 649
154 653
155 657
156 661
157 665
158 669
159 672
160 675
161 679
162 683
163 687
164 690
165 694
166 697
167 700
168 704
169 708
170 711
171 714
172 717
173 720
174 723
175 726
176 728
177 729
179 730
180 731
181 732
184 733
187 734
188 735
189 737
191 738
192 741
193 745
194 748
195 750
196 754
197 758
198 761
199 764
200 768
201 772
202 775
203 779
204 782
205 785
206 788
207 792
208 795
209 797
210 801
211 805
212 809
213 813
214 817
215 821
216 825
217 828
218 831
219 835
220 838
221 839
222 842
223 846
224 850
225 854
226 856
227 860
228 863
229 866
230 869
231 873
232 877
233 881
234 885
235 889
236 893
237 897
238 901
239 905
240 909
241 913
242 917
243 921
244 925
245 929
246 933
247 937
248 941
249 945
250 949
251 953
252 957
253 961
254 965
255 969
256 973
257 976
258 979
259 983
260 986
261 988
262 990
263 993
264 997
265 1000
266 1003
267 1005
268 1008
269 1011
270 1014
271 1017
272 1021
273 1024
274 1027
275 1031
276 1035
277 1039
278 1043
279 1047
280 1051
281 1055
282 1059
283 1063
284 1067
285 1071
286 1075
287 1079
288 1083
289 1087
290 1091
291 1095
292 1099
293 1103
294 1107
295 1111
296 1115
297 1119
298 1123
299 1127
300 1131
301 1135
302 1139
303 1143
304 1147
305 1151
306 1155
307 1159
308 1163
309 1167
310 1171
311 1175
312 1179
313 1183
314 1187
315 1191
316 1195
317 1199
318 1203
319 1207
320 1211
321 1215
322 1219
323 1223
324 1227
325 1231
326 1235
327 1239
328 1243
329 1247
330 1251
331 1255
332 1259
333 1263
334 1267
335 1271
336 1275
337 1279
338 1283
339 1287
340 1291
341 1295
342 1299
343 1303
344 1307
345 1311
346 1315
347 1319
348 1323
349 1327
350 1331
351 1335
352 1339
353 1343
354 1347
355 1351
356 1355
357 1359
358 1363
359 1367
360 1371
361 1375
362 1379
363 1383
364 1387
365 1391
366 1395
367 1399
368 1403
369 1407
370 1411
371 1415
372 1419
373 1423
374 1427
375 1431
376 1435
377 1439
378 1443
379 1447
380 1451
381 1455
382 1459
383 1463
384 1467
385 1471
386 1475
387 1479
388 1483
389 1487
390 1491
391 1495
392 1499
393 1503
394 1507
395 1511
396 1515
397 1519
398 1523
399 1527
400 1531
401 1535
402 1539
403 1543
404 1547
405 1551
406 1555
407 1559
408 1563
409 1567
410 1571
411 1575
412 1579
413 1583
414 1587
415 1591
416 1595
417 1599
418 1603
419 1607
420 1611
421 1615
422 1619
423 1623
424 1627
425 1631
426 1635
427 1639
428 1643
429 1647
430 1651
431 1655
432 1659
433 1663
434 1667
435 1671
436 1675
437 1679
438 1683
439 1687
440 1691
441 1695
442 1699
443 1703
444 1707
445 1711
446 1715
447 1719
448 1723
449 1727
450 1731
451 1735
452 1739
453 1743
454 1747
455 1751
456 1755
457 1759
458 1763
459 1767
460 1771
461 1775
462 1779
463 1783
464 1787
465 1791
466 1795
467 1799
468 1803
469 1807
470 1811
471 1815
472 1819
473 1823
474 1827
475 1831
476 1835
477 1839
478 1843
479 1847
480 1849
481 1851
482 1855
483 1859
484 1863
485 1866
486 1869
487 1873
488 1876
489 1880
490 1883
491 1885
492 1888
493 1892
494 1896
495 1898
496 1902
497 1906
498 1910
499 1914
500 1918
501 1922
502 1926
503 1930
504 1934
505 1938
506 1942
507 1946
508 1950
509 1954
510 1958
511 1962
512 1966
513 1970
514 1974
515 1978
516 1982
517 1986
518 1990
519 1994
520 1998
521 2002
522 2006
523 2010
524 2014
525 2018
526 2022
527 2026
528 2030
529 2034
530 2038
531 2042
532 2046
533 2050
534 2054
535 2058
536 2062
537 2066
538 2070
539 2074
540 2078
541 2082
542 2086
543 2090
544 2094
545 2098
546 2102
547 2106
548 2110
549 2113
550 2117
551 2121
552 2125
553 2129
554 2133
555 2137
556 2141
557 2145
558 2148
559 2151
560 2154
561 2158
562 2161
563 2164
564 2167
565 2169
566 2170
567 2171
568 2172
569 2173
570 2175
571 2177
572 2181
573 2185
574 2189
575 2192
576 2195
577 2199
578 2202
579 2206
580 2209
581 2213
582 2217
583 2221
584 2224
585 2228
586 2231
587 2235
588 2239
589 2242
590 2244
591 2247
592 2250
593 2254
594 2258
595 2262
596 2265
597 2266
599 2269
600 2270
601 2273
602 2277
603 2280
604 2284
605 2287
606 2290
607 2292
608 2296
609 2300
610 2303
611 2307
612 2309
613 2313
614 2315
615 2317
616 2319
617 2322
618 2326
619 2328
620 2332
621 2335
622 2339
623 2340
624 2343
625 2347
626 2350
627 2354
628 2357
629 2359
630 2361
631 2364
632 2366
634 2368
635 2370
636 2373
637 2374
639 2376
640 2378
644 2379
647 2381
648 2383
649 2387
650 2391
651 2394
652 2397
653 2398
654 2399
655 2400
656 2403
657 2406
658 2407
659 2409
660 2413
661 2417
662 2421
663 2425
664 2429
665 2431
666 2434
667 2437
668 2440
669 2444
670 2448
671 2452
672 2456
673 2460
674 2464
675 2468
676 2472
677 2476
678 2480
679 2484
680 2488
681 2492
682 2496
683 2500
684 2504
685 2508
686 2512
687 2516
688 2520
689 2524
690 2528
691 2532
692 2535
693 2539
694 2543
695 2547
696 2550
697 2554
698 2558
699 2561
700 2565
701 2569
702 2573
703 2576
704 2580
705 2584
706 2588
707 2592
708 2596
709 2600
710 2604
711 2608
712 2612
713 2616
714 2620
715 2624
716 2628
717 2632
718 2636
719 2640
720 2644
721 2648
722 2652
723 2656
724 2660
725 2664
726 2668
727 2672
728 2676
729 2680
730 2684
731 2688
732 2692
733 2696
734 2700
735 2704
736 2708
737 2712
738 2716
739 2720
740 2724
741 2728
742 2732
743 2736
744 2740
745 2744
746 2748
747 2752
748 2755
749 2757
750 2759
751 2760
753 2761
754 2762
755 2764
756 2766
757 2770
758 2774
759 2776
760 2777
761 2779
764 2781
767 2782
768 2783
771 2784
772 2786
773 2787
774 2790
775 2791
776 2792
778 2793
779 2796
780 2798
781 2800
782 2802
784 2803
785 2805
786 2807
787 2809
788 2811
789 2813
791 2814
793 2815
794 2816
795 2818
796 2819
797 2822
798 2823
799 2825
800 2827
801 2828
802 2829
806 2832
807 2836
808 2839
809 2843
810 2847
811 2851
812 2854
813 2858
814 2862
815 2866
816 2870
817 2874
818 2877
819 2880
820 2883
821 2886
822 2890
823 2893
824 2896
825 2899
827 2900
828 2902
829 2904
830 2907
831 2911
832 2915
833 2919
834 2923
835 2927
836 2931
837 2936
838 2939
839 2940
840 2942
841 2943
842 2946
843 2949
844 2953
845 2957
846 2961
847 2965
848 2969
849 2973
850 2977
851 2981
852 2985
853 2989
854 2993
855 2997
856 3001
857 3005
858 3009
859 3013
860 3017
861 3021
862 3025
863 3029
864 3032
865 3036
866 3039
868 3042
869 3046
870 3049
871 3052
872 3056
873 3059
874 3063
875 3065
876 3069
877 3073
878 3077
879 3081
880 3084
881 3087
882 3088
883 3090
884 3092
885 3094
886 3097
888 3100
889 3103
890 3107
891 3110
892 3114
893 3118
894 3122
895 3126
896 3130
897 3134
898 3138
899 3142
900 3146
901 3150
902 3154
903 3158
904 3162
905 3166
906 3170
907 3174
908 3178
909 3182
910 3186
911 3190
912 3194
913 3197
914 3199
915 3201
916 3204
917 3208
918 3212
919 3216
920 3220
921 3224
922 3228
923 3232
924 3236
925 3240
926 3244
927 3248
928 3252
929 3256
930 3260
931 3264
932 3268
933 3272
934 3276
935 3280
936 3284
937 3288
938 3292
939 3296
940 3300
941 3304
942 3308
943 3312
944 3316
945 3320
946 3324
947 3328
948 3332
949 3336
950 3340
951 3344
952 3348
953 3352
954 3356
955 3360
956 3364
957 3368
958 3372
959 3376
960 3380
961 3384
962 3388
963 3392
964 3396
965 3400
966 3404
967 3408
968 3412
969 3416
970 3420
971 3424
972 3428
973 3431
974 3434
975 3438
976 3442
977 3446
978 3450
979 3454
980 3458
981 3461
982 3464
983 3467
984 3470
985 3473
986 3476
987 3479
988 3482
989 3485
990 3488
991 3491
992 3494
993 3498
994 3502
995 3504
996 3507
997 3510
998 3513
999 3516
1000 3518
1001 3521
1002 3523
1003 3526
1004 3529
1005 3533
1006 3536
1007 3538
1008 3542
1009 3546
1010 3550
1011 3553
1012 3556
1013 3559
1014 3561
1015 3564
1016 3568
1017 3570
1018 3572
1019 3574
1020 3577
1021 3581
1022 3584
1023 3588
1024 3592
1025 3595
1026 3599
1027 3603
1028 3607
1029 3611
1030 3615
1031 3619
1032 3623
1033 3627
1034 3631
1035 3634
1036 3637
1037 3641
1038 3645
1039 3649
1040 3653
1041 3657
1042 3661
1043 3664
1044 3667
1045 3670
1046 3673
1047 3676
1049 3680
1050 3681
1051 3682
1052 3684
1057 3686
1058 3688
1059 3691
1060 3694
1061 3696
1062 3697
1063 3698
1064 3702
1065 3705
1066 3707
1067 3709
1068 3710
1069 3711
1070 3712
1071 3716
1072 3720
1073 3724
1074 3727
1075 3730
1076 3733
1077 3736
1081 3739
1082 3741
1083 3744
1084 3746
1085 3749
1086 3751
1087 3752
1088 3755
1089 3759
1090 3763
1091 3767
1092 3771
1093 3775
1094 3779
1095 3783
1096 3786
1097 3789
1098 3792
1099 3795
1100 3797
1101 3800
1102 3803
1103 3805
1104 3808
1105 3812
1106 3816
1107 3820
1108 3824
1109 3828
1110 3832
1111 3836
1112 3840
1113 3844
1114 3848
1115 3852
1116 3855
1117 3859
1118 3863
1119 3866
1120 3870
1121 3874
1122 3878
1123 3882
1124 3886
1125 3890
1126 3894
1127 3898
1128 3902
1129 3906
1130 3910
1131 3914
1132 3918
1133 3922
1134 3926
1135 3930
1136 3934
1137 3938
1138 3942
1139 3946
1140 3950
1141 3954
1142 3958
1143 3962
1144 3966
1145 3970
1146 3974
1147 3978
1148 3982
1149 3986
1150 3990
1151 3994
1152 3998
1153 4002
1154 4006
1155 4009
1156 4013
1157 4017
1159 4019
1160 4023
1161 4027
1162 4030
1163 4033
1164 4037
1165 4041
1166 4045
1167 4048
1168 4052
1169 4055
1170 4059
1171 4063
1172 4067
1173 4071
1174 4075
1175 4079
1176 4083
1177 4087
1178 4091
1179 4095
1180 4099
1181 4103
1182 4107
1183 4111
1184 4115
1185 4119
1186 4123
1187 4127
1188 4131
1189 4135
1190 4139
1191 4143
1192 4146
1193 4149
1194 4153
1195 4157
1196 4160
1197 4164
1198 4168
1199 4172
1200 4176
1201 4180
1202 4184
1203 4188
1204 4192
1205 4196
1206 4200
1207 4204
1208 4205
1209 4208
1210 4211
1213 4213
1223 4216
1224 4220
1225 4224
1226 4228
1227 4231
1228 4233
1229 4237
1230 4241
1231 4245
1232 4248
1233 4252
1234 4256
1235 4260
1236 4263
1237 4264
1238 4267
1239 4269
1240 4270
1241 4272
1242 4273
1244 4274
1246 4275
1252 4276
1253 4277
1255 4278
1256 4279
1258 4280
1259 4281
1262 4282
1264 4283
1270 4284
1271 4286
1274 4287
1275 4290
1276 4291
1277 4292
1278 4294
1282 4295
1283 4297
1284 4301
1285 4303
1286 4306
1287 4309
1288 4311
1289 4312
1290 4315
1291 4317
1292 4318
1293 4319
1296 4320
1308 4321
1309 4322
1310 4323
1311 4324
1316 4325
1317 4327
1318 4328
1322 4329
1329 4330
1330 4332
1331 4333
1332 4334
1333 4336
1334 4340
1335 4343
1336 4344
1337 4346
1338 4350
1339 4353
1340 4357
1341 4359
1342 4362
1343 4363
1344 4365
1345 4369
1346 4371
1347 4374
1348 4376
1349 4380
1350 4383
1351 4387
1352 4391
1353 4395
1354 4398
1355 4402
1356 4405
1357 4408
1358 4410
1359 4412
1360 4413
1361 4416
1362 4420
1363 4422
1364 4425
1365 4429
1366 4433
1367 4437
1368 4441
1369 4445
1370 4447
1371 4449
1372 4453
1373 4457
1374 4459
1375 4462
1376 4465
1377 4467
1378 4469
1379 4472
1380 4474
1381 4477
1382 4481
1383 4485
1384 4489
1385 4492
1386 4496
1387 4500
1388 4504
1389 4508
1390 4512
1391 4516
1392 4520
1393 4524
1394 4528
1395 4532
1396 4536
1397 4540
1398 4544
1399 4548
1400 4552
1401 4556
1402 4560
1403 4563
1404 4567
1405 4571
1406 4574
1407 4578
1408 4582
1409 4586
1410 4589
1411 4592
1412 4595
1413 4598
1414 4602
1415 4606
1416 4610
1417 4614
1418 4618
1419 4622
1420 4626
1421 4630
1422 4633
1423 4637
1424 4641
1425 4645
1426 4648
1427 4652
1428 4656
1429 4660
1430 4664
1431 4668
1432 4672
1433 4676
1434 4680
1435 4684
1436 4688
1437 4692
1438 4696
1439 4700
1440 4704
1441 4708
1442 4712
1443 4716
1444 4720
1445 4724
1446 4728
1447 4732
1448 4736
1449 4740
1450 4744
1451 4748
1452 4752
1453 4756
1454 4760
1455 4764
1456 4768
1457 4772
1458 4776
1459 4780
1460 4784
1461 4788
1462 4792
1463 4796
1464 4800
1465 4804
1466 4808
1467 4812
1468 4816
1469 4820
1470 4824
1471 4828
1472 4832
1473 4836
1474 4840
1475 4844
1476 4848
1477 4852
1478 4856
1479 4860
1480 4864
1481 4868
1482 4872
1483 4876
1484 4880
1485 4884
1486 4887
1487 4890
1488 4893
1489 4896
1490 4899
1491 4902
1492 4905
1493 4908
1494 4911
1495 4914
1496 4917
1497 4920
1498 4923
1499 4926
1500 4930
1501 4933
1502 4937
1503 4941
1504 4944
1505 4947
1506 4950
1507 4954
1508 4958
1509 4962
1510 4966
1511 4970
1512 4974
1513 4978
1514 4982
1515 4986
1516 4990
1517 4994
1518 4998
1519 5002
1520 5006
1521 5010
1522 5014
1523 5018
1524 5022
1525 5026
1526 5030
1527 5034
1528 5038
1529 5042
1530 5046
1531 5050
1532 5054
1533 5058
1534 5062
1535 5066
1536 5070
1537 5074
1538 5078
1539 5082
1540 5086
1541 5090
1542 5094
1543 5098
1544 5102
1545 5106
1546 5110
1547 5114
1548 5118
1549 5122
1550 5126
1551 5130
1552 5134
1553 5138
1554 5142
1555 5146
1556 5150
1557 5154
1558 5158
1559 5162
1560 5166
1561 5170
1562 5172
1563 5175
1564 5179
1565 5183
1566 5187
1567 5191
1568 5195
1569 5199
1570 5203
1571 5207
1572 5210
1573 5214
1574 5217
1575 5221
1576 5225
1577 5228
1578 5231
1579 5235
1580 5239
1581 5242
1582 5246
1583 5249
1584 5252
1585 5256
1586 5259
1587 5262
1588 5265
1589 5268
1590 5271
1591 5274
1592 5277
1593 5280
1594 5283
1595 5287
1596 5290
1597 5292
1598 5295
1599 5299
1600 5302
1601 5306
1602 5310
1603 5314
1604 5318
1605 5322
1606 5326
1607 5330
1608 5334
1609 5337
1610 5339
1611 5343
1612 5346
1613 5350
1614 5353
1615 5356
1616 5359
1620 5360
1621 5363
1622 5367
1623 5371
1624 5374
1625 5377
1626 5381
1627 5384
1628 5388
1629 5391
1630 5395
1631 5399
1632 5403
1633 5407
1634 5411
1635 5414
1636 5417
1637 5421
1638 5423
1639 5426
1640 5430
1641 5434
1642 5438
1643 5442
1644 5446
1645 5450
1646 5454
1647 5458
1648 5462
1649 5466
1650 5470
1651 5474
1652 5478
1653 5480
1654 5483
1655 5487
1656 5491
1657 5495
1658 5499
1659 5503
1660 5507
1661 5510
1662 5514
1663 5518
1664 5522
1665 5525
1666 5529
1667 5532
1668 5534
1669 5536
1670 5540
1671 5542
1672 5545
1673 5546
1674 5547
1675 5548
1676 5549
1677 5551
1678 5554
1679 5555
1680 5559
1681 5561
1682 5565
1683 5567
1684 5568
1685 5571
1686 5574
1687 5578
1688 5582
1689 5586
1690 5590
1691 5594
1692 5598
1693 5602
1694 5605
1695 5609
1696 5613
1697 5617
1698 5621
1699 5625
1700 5629
1701 5633
1702 5637
1703 5641
1704 5645
1705 5649
1706 5653
1707 5657
1708 5661
1709 5665
1710 5669
1711 5673
1712 5675
1713 5679
1714 5683
1715 5687
1716 5691
1717 5695
1718 5699
1719 5703
1720 5707
1721 5711
1722 5715
1723 5719
1724 5723
1725 5727
1726 5731
1727 5735
1728 5739
1729 5743
1730 5747
1731 5750
1732 5754
1733 5758
1734 5762
1735 5766
1736 5770
1737 5774
1738 5778
1739 5782
1740 5786
1741 5790
1742 5794
1743 5798
1744 5802
1745 5806
1746 5810
1747 5814
1748 5818
1749 5822
1750 5826
1751 5830
1752 5834
1753 5838
1754 5842
1755 5845
1756 5848
1757 5852
1758 5856
1759 5860
1760 5864
1761 5868
1762 5872
1763 5876
1764 5880
1765 5882
1766 5886
1767 5890
1768 5893
1769 5894
1770 5895
1771 5897
1772 5901
1773 5905
1774 5908
1775 5912
1776 5916
1777 5920
1778 5924
1779 5928
1780 5932
1781 5935
1782 5937
1783 5940
1784 5942
1785 5946
1786 5950
1787 5954
1788 5957
1789 5961
1790 5965
1791 5969
1792 5972
1793 5976
1794 5980
1795 5984
1796 5988
1797 5992
1798 5996
1799 6000
1800 6004
1801 6008
1802 6012
1803 6016
1804 6020
1805 6023
1806 6027
1807 6031
1808 6035
1809 6039
1810 6043
1811 6047
1812 6051
1813 6055
1814 6059
1815 6063
1816 6067
1817 6070
1818 6073
1819 6075
1820 6076
1821 6080
1822 6081
1823 6082
1827 6083
1830 6084
1833 6085
1834 6086
1835 6088
1836 6090
1837 6092
1838 6094
1840 6096
1841 6098
1842 6099
1844 6100
1845 6101
1846 6102
1851 6103
1852 6104
1853 6106
1854 6108
1855 6110
1856 6113
1857 6117
1858 6119
1859 6120
1860 6124
1861 6128
1862 6132
1863 6135
1864 6137
1865 6138
1866 6140
1867 6142
1868 6143
1869 6145
1870 6147
1871 6151
1872 6155
1873 6159
1874 6163
1875 6166
1876 6169
1877 6172
1878 6176
1879 6179
1880 6183
1881 6187
1882 6191
1883 6193
1884 6196
1885 6197
1886 6198
1887 6199
1888 6200
1889 6201
1890 6204
1891 6208
1892 6211
1893 6215
1894 6219
1895 6223
1896 6227
1897 6231
1898 6235
1899 6239
1900 6243
1901 6247
1902 6251
1903 6254
1904 6258
1905 6262
1906 6266
1907 6270
1908 6274
1909 6277
1910 6278
1911 6280
1912 6284
1913 6288
1914 6292
1915 6296
1916 6300
1917 6304
1918 6308
1919 6312
1920 6316
1921 6320
1922 6324
1923 6328
1924 6332
1925 6336
1926 6340
1927 6344
1928 6348
1929 6352
1930 6356
1931 6359
1932 6361
1933 6365
1934 6369
1935 6373
1936 6377
1937 6381
1938 6385
1939 6389
1940 6393
1941 6397
1942 6401
1943 6405
1944 6409
1945 6413
1946 6417
1947 6420
1948 6424
1949 6427
1950 6431
1951 6435
1952 6439
1953 6443
1954 6447
1955 6449
1956 6453
1957 6457
1958 6460
1959 6464
1960 6468
1961 6472
1962 6476
1963 6480
1964 6484
1965 6488
1966 6491
1967 6495
1968 6499
1969 6503
1970 6507
1971 6511
1972 6515
1973 6519
1974 6523
1975 6527
1976 6531
1977 6535
1978 6539
1979 6543
1980 6547
1981 6551
1982 6555
1983 6559
1984 6563
1985 6567
1986 6571
1987 6574
1988 6578
1989 6582
1990 6586
1991 6590
1992 6594
1993 6596
1994 6599
1995 6602
1996 6605
1997 6608
1998 6612
1999 6616
2000 6620
2001 6624
2002 6628
2003 6632
2004 6636
2005 6640
2006 6644
2007 6648
2008 6652
2009 6656
2010 6660
2011 6664
2012 6668
2013 6672
2014 6676
2015 6680
2016 6684
2017 6688
2018 6692
2019 6696
2020 6700
2021 6704
2022 6708
2023 6712
2024 6716
2025 6720
2026 6724
2027 6728
2028 6732
2029 6736
2030 6740
2031 6744
2032 6748
2033 6752
2034 6756
2035 6760
2036 6763
2037 6767
2038 6771
2039 6775
2040 6779
2041 6783
2042 6787
2043 6791
2044 6795
2045 6799
2046 6802
2047 6806
2048 6810
2049 6814
2050 6818
2051 6822
2052 6826
2053 6830
2054 6834
2055 6838
2056 6842
2057 6846
2058 6850
2059 6854
2060 6858
2061 6862
2062 6866
2063 6870
2064 6874
2065 6878
2066 6882
2067 6886
2068 6890
2069 6894
2070 6898
2071 6902
2072 6906
2073 6910
2074 6914
2075 6918
2076 6922
2077 6926
2078 6930
2079 6934
2080 6938
2081 6942
2082 6946
2083 6950
2084 6954
2085 6958
2086 6962
2087 6966
2088 6970
2089 6974
2090 6978
2091 6982
2092 6986
2093 6990
2094 6994
2095 6997
2096 7001
2097 7005
2098 7009
2099 7011
2100 7015
2101 7018
2102 7022
2103 7026
2104 7030
2105 7034
2106 7038
2107 7042
2108 7046
2109 7050
2110 7054
2111 7058
2112 7061
2113 7063
2114 7067
2115 7070
2116 7074
2117 7078
2118 7082
2119 7086
2120 7089
2121 7092
2122 7096
2123 7100
2124 7103
2125 7106
2126 7109
2127 7113
2128 7115
2129 7118
2130 7121
2131 7125
2132 7129
2133 7133
2134 7137
2135 7141
2136 7145
2137 7149
2138 7153
2139 7157
2140 7161
2141 7165
2142 7169
2143 7173
2144 7177
2145 7181
2146 7185
2147 7189
2148 7193
2149 7197
2150 7201
2151 7205
2152 7209
2153 7211
2154 7214
2155 7217
2156 7221
2157 7225
2158 7229
2159 7233
2160 7237
2161 7241
2162 7245
2163 7249
2164 7253
2165 7257
2166 7261
2167 7265
2168 7268
2169 7271
2170 7275
2171 7278
2172 7282
2173 7285
2174 7288
2175 7290
2176 7293
2177 7296
2178 7299
2179 7302
2180 7304
2181 7306
2182 7308
2183 7312
2184 7315
2185 7319
2186 7321
2187 7323
2188 7324
2189 7325
2190 7327
2191 7328
2192 7329
2193 7330
2194 7331
2195 7332
2196 7333
2197 7335
2198 7337
2199 7340
2200 7343
2201 7345
2202 7347
2203 7351
2204 7355
2205 7359
2206 7362
2207 7366
2208 7369
2209 7371
2210 7372
2211 7373
2212 7377
2213 7380
2214 7384
2215 7387
2216 7389
2217 7393
2218 7397
2219 7401
2220 7405
2221 7409
2222 7413
2223 7417
2224 7421
2225 7425
2226 7429
2227 7433
2228 7437
2229 7441
2230 7445
2231 7449
2232 7453
2233 7457
2234 7461
2235 7465
2236 7469
2237 7473
2238 7477
2239 7481
2240 7485
2241 7489
2242 7493
2243 7497
2244 7500
2245 7504
2246 7508
2247 7512
2248 7516
2249 7520
2250 7524
2251 7528
2252 7531
2253 7535
2254 7539
2255 7542
2256 7546
2257 7550
2258 7554
2259 7558
2260 7562
2261 7566
2262 7570
2263 7574
2264 7578
2265 7582
2266 7586
2267 7590
2268 7594
2269 7598
2270 7602
2271 7606
2272 7609
2273 7613
2274 7617
2275 7620
2276 7622
2277 7625
2278 7627
2279 7630
2280 7631
2281 7633
2282 7637
2283 7641
2284 7645
2285 7649
2286 7653
2287 7657
2288 7661
2289 7665
2290 7667
2291 7671
2292 7675
2293 7679
2294 7683
2295 7687
2296 7691
2297 7695
2298 7699
2299 7703
2300 7707
2301 7711
2302 7715
2303 7719
2304 7723
2305 7727
2306 7730
2307 7734
2308 7738
2309 7742
2310 7746
2311 7749
2312 7753
2313 7756
2314 7760
2315 7764
2316 7768
2317 7772
2318 7776
2319 7780
2320 7784
2321 7788
2322 7791
2323 7794
2324 7798
2325 7802
2326 7806
2327 7810
2328 7814
2329 7818
2330 7822
2331 7826
2332 7830
2333 7834
2334 7838
2335 7842
2336 7846
2337 7850
2338 7854
2339 7857
2340 7859
2341 7863
2342 7867
2343 7869
2344 7871
2345 7874
2346 7878
2347 7882
2348 7886
2349 7889
2350 7892
2351 7896
2352 7900
2353 7904
2354 7908
2355 7912
2356 7916
2357 7920
2358 7924
2359 7927
2360 7931
2361 7935
2362 7938
2363 7942
2364 7946
2365 7950
2366 7954
2367 7958
2368 7962
2369 7966
2370 7970
2371 7974
2372 7978
2373 7982
2374 7986
2375 7990
2376 7994
2377 7998
2378 8002
2379 8006
2380 8010
2381 8014
2382 8018
2383 8022
2384 8026
2385 8030
2386 8033
2387 8037
2388 8041
2389 8045
2390 8049
2391 8053
2392 8057
2393 8061
2394 8065
2395 8069
2396 8073
2397 8077
2398 8081
2399 8084
2400 8087
2401 8090
2402 8093
2403 8095
2404 8097
2405 8100
2406 8104
2407 8107
2408 8111
2409 8115
2410 8118
2411 8121
2412 8125
2413 8129
2414 8133
2415 8137
2416 8141
2417 8145
2418 8149
2419 8152
2420 8156
2421 8160
2422 8164
2423 8168
2424 8172
2425 8176
2426 8177
2427 8178
2428 8180
2429 8183
2430 8186
2431 8190
2432 8194
2433 8198
2434 8202
2435 8206
2436 8210
2437 8214
2438 8218
2439 8221
2440 8225
2441 8229
2442 8233
2443 8237
2444 8241
2445 8245
2446 8249
2447 8253
2448 8257
2449 8261
2450 8265
2451 8269
2452 8273
2453 8277
2454 8281
2455 8285
2456 8289
2457 8293
2458 8297
2459 8301
2460 8305
2461 8309
2462 8313
2463 8317
2464 8321
2465 8325
2466 8329
2467 8333
2468 8337
2469 8341
2470 8345
2471 8349
2472 8351
2473 8354
2474 8358
2475 8362
2476 8366
2477 8370
2478 8374
2479 8378
2480 8382
2481 8385
2482 8387
2483 8391
2484 8394
2485 8398
2486 8401
2487 8403
2488 8406
2489 8410
2490 8411
2491 8413
2492 8415
2493 8416
2495 8417
2496 8418
2497 8419
2498 8422
2499 8423
2500 8424
2501 8427
2502 8430
2503 8432
2504 8435
2505 8437
2506 8440
2507 8443
2508 8446
2509 8448
2510 8450
2511 8453
2512 8457
2513 8459
2514 8462
2515 8464
2516 8468
2517 8472
2518 8476
2519 8479
2520 8483
2521 8487
2522 8491
2523 8495
2524 8499
2525 8503
2526 8507
2527 8511
2528 8515
2529 8519
2530 8522
2531 8526
2532 8530
2533 8534
2534 8538
2535 8542
2536 8546
2537 8550
2538 8554
2539 8558
2540 8562
2541 8566
2542 8570
2543 8574
2544 8578
2545 8582
2546 8586
2547 8590
2548 8594
2549 8598
2550 8602
2551 8606
2552 8610
2553 8614
2554 8618
2555 8622
2556 8626
2557 8629
2558 8633
2559 8636
2560 8639
2561 8640
2562 8643
2563 8644
2564 8646
2566 8647
2567 8648
2568 8649
2569 8653
2570 8656
2571 8660
2572 8664
2573 8668
2574 8672
2575 8676
2576 8680
2577 8684
2578 8688
2579 8692
2580 8696
2581 8699
2582 8703
2583 8707
2584 8711
2585 8715
2586 8719
2587 8723
2588 8727
2589 8731
2590 8735
2591 8739
2592 8743
2593 8747
2594 8751
2595 8755
2596 8759
2597 8763
2598 8767
2599 8771
2600 8775
2601 8779
2602 8783
2603 8787
2604 8791
2605 8795
2606 8799
2607 8803
2608 8807
2609 8811
2610 8815
2611 8819
2612 8823
2613 8827
2614 8831
2615 8835
2616 8839
2617 8843
2618 8847
2619 8851
2620 8855
2621 8859
2622 8863
2623 8867
2624 8871
2625 8875
2626 8879
2627 8883
2628 8887
2629 8891
2630 8895
2631 8899
2632 8903
2633 8907
2634 8911
2635 8915
2636 8919
2637 8923
2638 8927
2639 8931
2640 8935
2641 8939
2642 8943
2643 8947
2644 8951
2645 8955
2646 8959
2647 8963
2648 8967
2649 8971
2650 8975
2651 8978
2652 8981
2653 8985
2654 8988
2655 8991
2656 8995
2657 8998
2658 9002
2659 9006
2660 9010
2661 9014
2662 9018
2663 9022
2664 9026
2665 9030
2666 9034
2667 9038
2668 9042
2669 9046
2670 9050
2671 9054
2672 9058
2673 9062
2674 9066
2675 9070
2676 9074
2677 9078
2678 9082
2679 9086
2680 9090
2681 9094
2682 9098
2683 9102
2684 9106
2685 9109
2686 9113
2687 9117
2688 9120
2689 9124
2690 9128
2691 9132
2692 9136
2693 9140
2694 9144
2695 9148
2696 9152
2697 9156
2698 9160
2699 9164
2700 9168
2701 9172
2702 9176
2703 9180
2704 9184
2705 9188
2706 9192
2707 9196
2708 9200
2709 9204
2710 9208
2711 9212
2712 9216
2713 9220
2714 9224
2715 9228
2716 9232
2717 9235
2718 9239
2719 9243
2720 9246
2722 9248
2723 9251
2724 9253
2725 9255
2726 9259
2727 9262
2728 9265
2729 9268
2730 9271
2731 9275
2732 9278
2733 9282
2734 9286
2735 9290
2736 9294
2737 9298
2738 9301
2739 9305
2740 9309
2741 9312
2742 9315
2743 9317
2744 9321
2745 9322
2746 9324
2747 9327
2748 9329
2749 9332
2750 9335
2751 9338
2752 9342
2753 9346
2754 9349
2755 9353
2756 9357
2757 9361
2758 9365
2759 9369
2760 9373
2761 9377
2762 9381
2763 9385
2764 9389
2765 9392
2766 9396
2767 9400
2768 9404
2769 9408
2770 9412
2771 9416
2772 9420
2773 9424
2774 9428
2775 9431
2776 9434
2777 9438
2778 9441
2779 9444
2780 9447
2781 9449
2782 9451
2783 9455
2784 9456
2785 9458
2786 9461
2787 9465
2788 9469
2789 9472
2790 9475
2791 9479
2792 9483
2793 9487
2794 9491
2795 9495
2796 9499
2797 9503
2798 9507
2799 9511
2800 9515
2801 9519
2802 9523
2803 9527
2804 9531
2805 9535
2806 9539
2807 9543
2808 9547
2809 9551
2810 9555
2811 9559
2812 9563
2813 9567
2814 9571
2815 9575
2816 9579
2817 9583
2818 9587
2819 9591
2820 9595
2821 9599
2822 9603
2823 9607
2824 9611
2825 9615
2826 9619
2827 9623
2828 9627
2829 9631
2830 9635
2831 9639
2832 9643
2833 9647
2834 9651
2835 9655
2836 9659
2837 9663
2838 9667
2839 9671
2840 9675
2841 9679
2842 9683
2843 9687
2844 9691
2845 9695
2846 9699
2847 9703
2848 9707
2849 9711
2850 9715
2851 9719
2852 9723
2853 9727
2854 9731
2855 9735
2856 9739
2857 9743
2858 9747
2859 9751
2860 9755
2861 9759
2862 9763
2863 9767
2864 9771
2865 9775
2866 9779
2867 9783
2868 9787
2869 9791
2870 9795
2871 9799
2872 9803
2873 9807
2874 9811
2875 9815
2876 9819
2877 9823
2878 9827
2879 9830
2880 9834
2881 9838
2882 9842
2883 9846
2884 9849
2885 9852
2886 9855
2887 9858
2888 9861
2889 9864
2890 9867
2891 9871
2892 9875
2893 9879
2894 9883
2895 9886
2896 9888
2897 9891
2898 9893
2899 9897
2900 9900
2901 9902
2902 9905
2903 9909
2904 9913
2905 9917
2906 9920
2907 9923
2908 9926
2909 9929
2910 9931
2911 9934
2912 9938
2913 9942
2914 9946
2915 9950
2916 9954
2917 9957
2918 9959
2919 9960
2920 9962
2921 9963
2922 9966
2923 9969
2924 9971
2925 9973
2926 9974
2927 9976
2928 9979
2929 9980
2930 9982
2931 9986
2932 9988
2933 9992
2934 9993
2935 9995
2936 9998
2937 10001
2938 10004
2939 10007
2940 10008
2941 10010
2942 10012
2943 10015
2947 10017
2948 10019
2949 10021
2950 10024
2951 10028
2952 10032
2953 10036
2954 10040
2955 10043
2956 10046
2957 10049
2958 10052
2959 10056
2960 10058
2961 10062
2962 10064
2963 10065
2965 10067
2966 10070
2967 10071
2968 10074
2970 10077
2972 10079
2973 10082
2974 10083
2978 10084
3006 10086
3007 10090
3008 10094
3009 10098
3010 10101
3011 10104
3012 10108
3013 10112
3014 10116
3015 10120
3016 10124
3017 10127
3018 10131
3019 10135
3020 10139
3021 10143
3022 10147
3023 10151
3024 10155
3025 10159
3026 10163
3027 10167
3028 10171
3029 10175
3030 10179
3031 10183
3032 10187
3033 10191
3034 10195
3035 10199
3045 10202
3048 10203
3049 10205
3050 10209
3051 10213
3052 10217
3053 10221
3054 10225
3055 10229
3056 10233
3057 10237
3058 10241
3059 10245
3060 10249
3061 10253
3062 10257
3063 10261
3064 10265
3065 10269
3066 10273
3067 10277
3068 10281
3069 10285
3070 10289
3071 10293
3072 10297
3073 10301
3074 10305
3075 10309
3076 10313
3077 10317
3078 10321
3079 10325
3080 10329
3081 10333
3082 10337
3083 10341
3084 10345
3085 10349
3086 10353
3087 10357
3088 10361
3089 10365
3090 10369
3091 10373
3092 10377
3093 10381
3094 10385
3095 10389
3096 10393
3097 10397
3098 10401
3099 10405
3100 10409
3101 10413
3102 10417
3103 10421
3104 10425
3105 10429
3106 10433
3107 10437
3108 10441
3109 10445
3110 10449
3111 10453
3112 10457
3113 10461
3114 10465
3115 10469
