329 0
330 3
331 7
332 11
333 15
334 19
335 23
336 27
337 31
338 34
339 38
340 42
341 46
342 50
343 53
344 57
345 61
346 65
347 69
348 72
349 76
350 80
351 84
352 88
353 92
354 96
355 99
356 103
357 107
358 111
359 115
360 119
361 123
362 127
363 131
364 135
365 139
366 143
367 147
368 151
369 155
370 159
371 163
372 167
373 171
374 175
375 179
376 183
377 186
378 190
379 194
380 198
381 202
382 206
383 210
384 214
385 218
386 222
387 226
388 230
389 234
390 238
391 242
392 246
393 250
394 254
395 258
396 262
397 266
398 270
399 274
400 278
401 282
402 286
403 290
404 294
405 298
406 302
407 306
408 310
409 314
410 318
411 322
412 326
413 330
414 334
415 338
416 342
417 346
418 350
419 354
420 357
421 361
422 365
423 369
424 373
425 377
426 381
427 385
428 389
429 393
430 397
431 401
432 405
433 409
434 413
435 417
436 421
437 425
438 429
439 433
440 437
441 441
442 444
443 446
444 449
445 453
446 454
447 456
448 458
449 460
450 462
451 465
452 467
453 469
454 473
455 476
456 479
457 483
458 485
459 486
460 489
461 491
462 494
463 497
464 500
465 504
466 508
467 512
468 516
469 520
470 524
471 528
472 532
473 536
474 540
475 544
476 548
477 552
478 556
479 560
480 564
481 568
482 572
483 576
484 580
485 584
486 588
487 592
488 596
489 600
490 604
491 608
492 612
493 616
494 620
495 624
496 628
497 632
498 636
499 640
500 644
501 648
502 652
503 656
504 660
505 664
506 668
507 672
508 676
509 680
510 684
511 688
512 692
513 696
514 700
515 704
516 708
517 712
518 716
519 720
520 724
521 728
522 732
523 736
524 740
525 744
526 748
527 752
528 756
529 760
530 764
531 768
532 772
533 775
534 779
535 783
536 787
537 791
538 795
539 799
540 803
541 807
542 811
543 815
544 819
545 823
546 827
547 831
548 835
549 839
550 843
551 847
552 851
553 855
554 859
555 863
556 866
557 870
558 874
559 878
560 882
561 885
562 889
563 893
564 897
565 901
566 905
567 909
568 913
569 917
570 921
571 924
572 928
573 932
574 936
575 940
576 944
577 948
578 952
579 956
580 960
581 964
582 967
583 971
584 975
585 979
586 983
587 985
588 989
589 993
590 997
591 1001
592 1005
593 1009
594 1013
595 1017
596 1021
597 1023
598 1025
599 1028
600 1031
601 1034
602 1038
603 1042
604 1046
605 1049
606 1053
607 1057
608 1061
609 1064
610 1067
611 1070
612 1074
613 1078
614 1082
615 1086
616 1090
617 1094
618 1098
619 1102
620 1105
621 1108
622 1112
623 1116
624 1120
625 1124
626 1128
627 1132
628 1136
629 1140
630 1144
631 1148
632 1152
633 1156
634 1160
635 1164
636 1168
637 1172
638 1176
639 1180
640 1184
641 1188
642 1192
643 1196
644 1200
645 1204
646 1208
647 1212
648 1216
649 1219
650 1221
651 1224
652 1225
653 1226
654 1227
655 1228
656 1230
657 1234
658 1237
659 1241
660 1245
661 1249
662 1253
663 1257
664 1260
665 1263
666 1267
667 1271
668 1275
669 1279
670 1283
671 1285
672 1289
673 1292
674 1294
675 1298
676 1302
677 1306
678 1310
679 1314
680 1317
681 1321
682 1325
683 1329
684 1332
685 1335
686 1339
687 1341
688 1345
689 1347
690 1350
691 1354
692 1358
693 1362
694 1366
695 1370
696 1373
697 1377
698 1381
699 1385
700 1389
701 1393
702 1397
703 1401
704 1404
705 1408
706 1412
707 1416
708 1419
709 1423
710 1427
711 1430
712 1432
713 1435
714 1439
715 1443
716 1447
717 1451
718 1454
719 1457
720 1461
721 1465
722 1469
723 1473
724 1477
725 1481
726 1485
727 1489
728 1493
729 1497
730 1501
731 1505
732 1509
733 1513
734 1517
735 1520
736 1525
737 1529
738 1533
739 1537
740 1541
741 1545
742 1549
743 1553
744 1556
745 1560
746 1565
747 1569
748 1573
749 1577
750 1581
751 1585
752 1589
753 1592
754 1596
755 1600
756 1604
757 1609
758 1613
759 1617
760 1621
761 1625
762 1628
763 1632
764 1636
765 1640
766 1644
767 1649
768 1653
769 1657
770 1660
771 1664
772 1668
773 1672
774 1676
775 1680
776 1684
777 1689
778 1693
779 1696
780 1700
781 1704
782 1708
783 1712
784 1716
785 1720
786 1724
787 1728
788 1732
789 1736
790 1740
791 1744
792 1747
793 1750
794 1752
795 1755
796 1758
797 1761
798 1765
799 1768
800 1772
801 1775
802 1779
803 1783
804 1787
805 1791
806 1795
807 1799
808 1803
809 1807
810 1811
811 1815
812 1819
813 1823
814 1827
815 1831
816 1835
817 1839
818 1843
819 1847
820 1850
821 1851
822 1853
823 1857
824 1861
825 1865
826 1869
827 1873
828 1877
829 1881
830 1885
831 1889
832 1893
833 1897
834 1901
835 1905
836 1909
837 1913
838 1917
839 1921
840 1925
841 1929
842 1933
843 1937
844 1941
845 1945
846 1949
847 1953
848 1957
849 1961
850 1965
851 1969
852 1973
853 1977
854 1981
855 1985
856 1989
857 1993
858 1997
859 2001
860 2005
861 2009
862 2013
863 2017
864 2021
865 2025
866 2029
867 2033
868 2037
869 2041
870 2045
871 2049
872 2053
873 2057
874 2061
875 2065
876 2069
877 2073
878 2077
879 2081
880 2085
881 2089
882 2093
883 2097
884 2101
885 2105
886 2109
887 2113
888 2117
889 2121
890 2125
891 2129
892 2133
893 2137
894 2141
895 2145
896 2149
897 2153
898 2157
899 2161
900 2165
901 2167
902 2171
903 2174
904 2178
905 2182
906 2186
907 2190
908 2194
909 2197
910 2201
911 2205
912 2209
913 2213
914 2217
915 2221
916 2225
917 2229
918 2233
919 2237
920 2241
921 2245
922 2249
923 2253
924 2257
925 2260
926 2264
927 2266
929 2268
930 2272
931 2275
932 2279
933 2283
934 2286
935 2288
936 2292
937 2296
938 2298
939 2302
940 2305
941 2309
942 2313
943 2317
944 2321
945 2325
946 2329
947 2333
948 2337
949 2341
950 2345
951 2349
952 2353
953 2357
954 2361
955 2365
956 2368
957 2372
958 2376
959 2380
960 2384
961 2386
962 2390
963 2394
964 2397
965 2401
966 2405
967 2409
968 2411
969 2413
970 2417
971 2420
972 2424
973 2428
974 2432
975 2436
976 2440
977 2444
978 2448
979 2451
980 2455
981 2458
982 2461
983 2464
984 2468
985 2472
986 2476
987 2480
988 2484
989 2488
990 2492
991 2496
992 2500
993 2504
994 2508
995 2511
996 2515
997 2519
998 2523
999 2527
1000 2531
1001 2535
1002 2539
1003 2543
1004 2547
1005 2551
1006 2554
1007 2558
1008 2562
1009 2566
1010 2570
1011 2574
1012 2578
1013 2582
1014 2586
1015 2590
1016 2594
1017 2598
1018 2602
1019 2606
1020 2610
1021 2614
1022 2618
1023 2622
1024 2626
1025 2630
1026 2634
1027 2638
1028 2642
1029 2646
1030 2650
1031 2654
1032 2658
1033 2662
1037 2665
1046 2666
1048 2667
1049 2668
1054 2669
1055 2670
1058 2671
1060 2672
1061 2675
1062 2677
1063 2679
1064 2683
1065 2687
1066 2691
1067 2695
1068 2699
1069 2703
1070 2707
1071 2711
1072 2715
1073 2719
1074 2723
1075 2727
1076 2731
1077 2735
1078 2739
1079 2743
1080 2747
1081 2751
1082 2755
1083 2759
1084 2763
1085 2767
1086 2771
1087 2775
1088 2779
1089 2783
1090 2787
1091 2791
1092 2795
1093 2799
1094 2803
1095 2807
1096 2811
1097 2815
1098 2819
1099 2823
1100 2827
1101 2831
1102 2834
1103 2836
1104 2838
1105 2842
1106 2846
1107 2850
1108 2853
1109 2856
1110 2859
1111 2862
1112 2866
1113 2870
1114 2874
1115 2878
1116 2882
1117 2886
1118 2889
1119 2893
1120 2897
1121 2901
1122 2905
1123 2909
1124 2913
1125 2917
1126 2921
1127 2925
1128 2929
1129 2933
1130 2937
1131 2941
1132 2945
1133 2949
1134 2953
1135 2957
1136 2961
1137 2965
1138 2969
1139 2973
1140 2977
1141 2981
1142 2985
1143 2989
1144 2993
1145 2997
1146 3001
1147 3005
1148 3009
1149 3013
1150 3017
1151 3021
1152 3025
1153 3029
1154 3033
1155 3037
1156 3041
1157 3045
1158 3049
1159 3053
1160 3057
1161 3061
1162 3065
1163 3069
1164 3073
1165 3077
1166 3081
1167 3085
1168 3089
1169 3093
1170 3097
1171 3101
1172 3105
1173 3109
1174 3113
1175 3117
1176 3121
1177 3124
1178 3128
1179 3132
1180 3136
1181 3140
1182 3144
1183 3148
1184 3152
1185 3156
1186 3160
1187 3164
1188 3168
1189 3172
1190 3176
1191 3180
1192 3184
1193 3188
1194 3192
1195 3196
1196 3200
1197 3204
1198 3208
1199 3212
1200 3216
1201 3220
1202 3223
1203 3227
1204 3231
1205 3235
1206 3239
1207 3243
1208 3247
1209 3250
1210 3254
1211 3257
1212 3260
1213 3264
1214 3268
1215 3272
1216 3276
1217 3280
1218 3284
1219 3288
1220 3292
1221 3296
1222 3300
1223 3304
1224 3308
1225 3312
1226 3316
1227 3320
1228 3324
1229 3328
1230 3332
1231 3336
1232 3340
1233 3344
1234 3346
1235 3350
1236 3354
1237 3358
1238 3362
1239 3366
1240 3370
1241 3374
1242 3378
1243 3382
1244 3386
1245 3390
1246 3394
1247 3398
1248 3402
1249 3406
1250 3410
1251 3414
1252 3418
1253 3422
1254 3426
1255 3430
1256 3434
1258 3435
1259 3438
1260 3442
1261 3445
1262 3449
1263 3453
1264 3457
1265 3461
1266 3465
1267 3469
1268 3473
1269 3477
1270 3481
1271 3485
1272 3489
1273 3493
1274 3497
1275 3501
1276 3505
1277 3509
1278 3513
1279 3517
1280 3521
1281 3525
1282 3529
1283 3533
1284 3537
1285 3541
1286 3545
1287 3549
1288 3553
1289 3557
1290 3561
1291 3565
1292 3569
1293 3573
1294 3577
1295 3581
1296 3585
1297 3589
1298 3593
1299 3597
1300 3601
1301 3605
1302 3609
1303 3613
1304 3617
1305 3621
1306 3625
1307 3629
1308 3633
1309 3637
1310 3641
1311 3645
1312 3649
1313 3653
1314 3657
1315 3661
1316 3665
1317 3669
1318 3673
1319 3677
1320 3681
1321 3685
1322 3689
1323 3693
1324 3697
1325 3701
1326 3705
1327 3709
1328 3713
1329 3717
1330 3721
1331 3725
1332 3729
1333 3733
1334 3737
1335 3741
1336 3745
1337 3748
1338 3752
1339 3756
1340 3760
1341 3764
1342 3768
1343 3772
1344 3776
1345 3780
1346 3783
1347 3787
1348 3791
1349 3795
1350 3799
1351 3803
1352 3807
1353 3811
1354 3815
1355 3819
1356 3823
1357 3827
1358 3831
1359 3835
1360 3839
1361 3843
1362 3847
1363 3851
1364 3855
1365 3859
1366 3863
1367 3867
1368 3871
1369 3875
1370 3879
1371 3883
1372 3887
1373 3891
1374 3895
1375 3899
1376 3903
1377 3907
1378 3911
1379 3915
1380 3919
1381 3923
1382 3927
1383 3931
1384 3935
1385 3939
1386 3943
1387 3947
1388 3951
1389 3955
1390 3959
1391 3963
1392 3966
1393 3970
1394 3974
1395 3978
1396 3982
1397 3985
1398 3989
1399 3993
1400 3997
1401 4001
1402 4005
1403 4009
1404 4013
1405 4017
1406 4021
1407 4025
1408 4029
1409 4033
1410 4037
1411 4041
1412 4045
1413 4049
1414 4053
1415 4057
1416 4061
1417 4065
1418 4069
1419 4073
1420 4077
1421 4081
1422 4085
1423 4089
1424 4093
1425 4097
1426 4101
1427 4105
1428 4109
1429 4113
1430 4117
1431 4121
1432 4125
1433 4129
1434 4133
1435 4137
1436 4141
1437 4145
1438 4149
1439 4152
1440 4156
1441 4160
1442 4164
1443 4167
1444 4171
1445 4175
1446 4179
1447 4183
1448 4187
1449 4191
1450 4194
1451 4197
1452 4201
1453 4204
1454 4207
1455 4210
1456 4213
1457 4216
1458 4219
1459 4223
1460 4225
1461 4227
1462 4229
1463 4231
1464 4232
1465 4236
1466 4239
1467 4243
1468 4247
1469 4251
1470 4254
1471 4258
1472 4262
1473 4266
1474 4269
1475 4271
1476 4274
1477 4276
1478 4277
1479 4278
1480 4281
1481 4282
1482 4283
1483 4287
1484 4288
1485 4292
1486 4295
1487 4298
1488 4302
1489 4306
1490 4310
1491 4314
1492 4318
1493 4322
1494 4326
1495 4330
1496 4334
1497 4338
1498 4342
1499 4346
1500 4350
1501 4354
1502 4358
1503 4362
1504 4366
1505 4370
1506 4374
1507 4378
1508 4382
1509 4386
1510 4390
1511 4394
1512 4398
1513 4402
1514 4406
1515 4410
1516 4414
1517 4418
1518 4422
1519 4426
1520 4430
1521 4434
1522 4438
1523 4442
1524 4446
1525 4450
1526 4454
1527 4458
1528 4462
1529 4466
1530 4470
1531 4474
1532 4478
1533 4482
1534 4486
1535 4490
1536 4494
1537 4498
1538 4502
1539 4506
1540 4510
1541 4514
1542 4518
1543 4522
1544 4526
1545 4530
1546 4534
1547 4538
1548 4542
1549 4546
1550 4550
1551 4554
1552 4558
1553 4562
1554 4566
1555 4570
1556 4574
1557 4578
1558 4582
1559 4586
1560 4590
1561 4594
1562 4598
1563 4602
1564 4606
1565 4610
1566 4614
1567 4618
1568 4622
1569 4626
1570 4630
1571 4634
1572 4638
1573 4642
1574 4646
1575 4650
1576 4654
1577 4658
1578 4662
1579 4666
1580 4670
1581 4674
1582 4678
1583 4682
1584 4686
1585 4690
1586 4694
1587 4698
1588 4702
1589 4706
1590 4710
1591 4714
1592 4718
1593 4722
1594 4726
1595 4730
