776 0
777 3
778 7
779 10
780 14
781 17
782 20
783 24
784 28
785 32
786 35
787 39
788 43
789 47
790 50
791 53
792 57
793 61
794 64
795 68
796 72
797 76
798 80
799 83
800 87
801 91
802 95
803 99
804 103
805 107
806 110
807 114
808 117
809 121
810 125
811 129
812 133
813 137
814 140
815 144
816 146
817 150
818 153
819 157
820 161
821 164
822 168
823 172
824 175
825 179
826 182
827 186
828 189
829 193
830 197
831 201
832 205
833 209
834 212
835 216
836 219
837 222
838 225
839 229
840 232
841 236
842 240
843 243
844 247
845 251
846 254
847 258
848 262
849 266
850 269
851 272
852 275
853 279
854 283
855 287
856 291
857 295
858 299
859 301
860 305
861 308
862 312
863 315
864 318
865 321
866 324
867 328
868 331
869 335
870 338
871 341
872 344
873 348
874 352
875 356
876 358
877 361
878 364
879 368
880 371
881 375
882 378
883 381
884 384
885 387
886 391
887 395
888 399
889 403
890 406
891 409
892 412
893 415
894 418
895 422
896 425
897 429
898 432
899 436
900 440
901 443
902 446
903 449
904 453
905 456
906 459
907 463
908 466
909 470
910 474
911 476
912 479
913 482
914 485
915 487
916 490
917 493
918 496
919 498
920 501
921 504
922 506
923 509
924 511
925 515
926 519
927 521
928 525
929 529
930 533
931 537
932 541
933 545
934 548
935 551
936 554
937 557
938 561
939 562
940 565
941 569
942 572
943 575
944 578
945 580
946 584
947 588
948 592
949 595
950 598
951 600
952 602
953 604
954 607
955 610
956 612
957 615
958 617
959 619
960 621
961 624
962 628
963 630
964 632
965 635
966 637
967 640
968 643
969 646
970 649
971 652
972 654
973 657
974 661
975 663
976 667
977 671
978 675
979 678
980 681
981 684
982 687
983 690
984 692
985 694
986 696
987 698
988 700
989 702
990 706
991 709
992 711
993 714
994 717
995 720
996 723
997 726
998 729
999 731
1000 734
1001 735
1002 737
1003 741
1004 745
1005 746
1006 748
1007 751
1008 753
1009 756
1010 758
1011 761
1012 763
1013 767
1014 770
1015 773
1016 775
1017 778
1018 780
1019 782
1020 786
1021 788
1022 791
1023 794
1024 797
1025 799
1026 802
1027 804
1028 806
1029 808
1030 811
1031 815
1032 818
1033 822
1034 824
1035 827
1036 829
1037 831
1038 832
1039 835
1040 838
1041 841
1042 845
1043 848
1044 851
1045 855
1046 858
1047 861
1048 864
1049 867
1050 871
1051 875
1052 878
1053 882
1054 885
1055 888
1056 892
1057 896
1058 899
1059 902
1060 905
1061 908
1062 911
1063 914
1064 918
1065 922
1066 925
1067 929
1068 932
1069 935
1070 938
1071 941
1072 944
1073 948
1074 952
1075 954
1076 958
1077 961
1078 965
1079 969
1080 973
1081 977
1082 981
1083 985
1084 989
1085 993
1086 997
1087 1001
1088 1005
1089 1009
1090 1013
1091 1017
1092 1021
1093 1025
1094 1028
1095 1032
1096 1036
1097 1039
1098 1043
1099 1047
1100 1051
1101 1055
1102 1059
1103 1063
1104 1065
1105 1069
1106 1072
1107 1076
1108 1080
1109 1084
1110 1088
1111 1092
1112 1095
1113 1099
1114 1103
1115 1107
1116 1111
1117 1114
1118 1118
1119 1122
1120 1125
1121 1127
1122 1131
1123 1134
1124 1138
1125 1142
1126 1144
1127 1148
1128 1152
1129 1156
1130 1159
1131 1163
1132 1167
1133 1171
1134 1174
1135 1177
1136 1181
1137 1185
1138 1189
1139 1192
1140 1196
1141 1201
1142 1205
1143 1209
1144 1212
1145 1215
1146 1218
1147 1220
1148 1222
1149 1226
1150 1230
1151 1235
1152 1239
1153 1243
1154 1247
1155 1250
1156 1254
1157 1257
1158 1261
1159 1265
1160 1269
1161 1272
1162 1277
1163 1280
1164 1283
1165 1287
1166 1290
1167 1293
1168 1297
1169 1300
1170 1302
1171 1306
1172 1310
1173 1313
1174 1316
1175 1319
1176 1322
1177 1326
1178 1329
1179 1333
1180 1336
1181 1340
1182 1343
1183 1346
1184 1349
1185 1352
1186 1356
1187 1360
1188 1363
1189 1367
1190 1370
1191 1373
1192 1375
1193 1377
1194 1381
1195 1384
1196 1387
1197 1391
1198 1394
1199 1397
1200 1400
1201 1403
1202 1407
1203 1410
1204 1412
1205 1414
1206 1416
1207 1418
1208 1420
1209 1423
1210 1426
1211 1429
1212 1432
1213 1436
1214 1439
1215 1442
1216 1446
1217 1449
1218 1453
1219 1456
1220 1457
1221 1461
1222 1465
1223 1469
1224 1472
1225 1476
1226 1480
1227 1484
1228 1487
1229 1490
1230 1494
1231 1498
1232 1502
1233 1505
1234 1509
1235 1513
1236 1517
1237 1521
1238 1525
1239 1529
1240 1533
1241 1537
1242 1541
1243 1544
1244 1548
1245 1552
1246 1555
1247 1558
1248 1562
1249 1566
1250 1570
1251 1574
1252 1577
1253 1580
1254 1583
1255 1587
1256 1591
1257 1595
1258 1598
1259 1602
1260 1604
1261 1607
1262 1610
1263 1614
1264 1617
1265 1620
1266 1621
1267 1624
1268 1628
1269 1631
1270 1634
1271 1637
1272 1640
1273 1644
1274 1647
1275 1650
1276 1653
1277 1657
1278 1661
1279 1665
1280 1669
1281 1673
1282 1677
1283 1681
1284 1685
1285 1689
1286 1693
1287 1697
1288 1701
1289 1705
1290 1709
1291 1712
1292 1716
1293 1720
1294 1724
1295 1728
1296 1732
1297 1736
1298 1740
1299 1744
1300 1748
1301 1752
1302 1756
1303 1760
1304 1764
1305 1768
1306 1772
1307 1776
1308 1780
1309 1784
1310 1788
1311 1792
1312 1796
1313 1800
1314 1804
1315 1808
1316 1812
1317 1816
1318 1820
1319 1824
1320 1828
1321 1832
1322 1836
1323 1840
1324 1844
1325 1848
1326 1852
1327 1856
1328 1860
1329 1864
1330 1868
1331 1872
1332 1876
1333 1880
1334 1884
1335 1888
1336 1892
1337 1896
1338 1900
1339 1904
1340 1908
1341 1912
1342 1916
1343 1920
1344 1924
1345 1928
1346 1932
1347 1936
1348 1940
1349 1944
1350 1948
1351 1952
1352 1956
1353 1960
1354 1964
1355 1968
1356 1972
1357 1976
1358 1980
1359 1984
1360 1988
1361 1992
1362 1996
1363 2000
1364 2004
1365 2008
1366 2012
1367 2016
1368 2020
1369 2024
1370 2028
1371 2032
1372 2036
1373 2040
1374 2044
1375 2048
1376 2052
1377 2056
1378 2060
1379 2064
1380 2068
1381 2072
1382 2076
1383 2080
1384 2084
1385 2088
1386 2092
1387 2096
1388 2100
1389 2104
1390 2108
1391 2112
1392 2116
1393 2120
1394 2124
1395 2128
1396 2132
1397 2136
1398 2140
1399 2144
1400 2148
1401 2152
1402 2156
1403 2160
1404 2164
1405 2168
1406 2172
1407 2176
1408 2180
1409 2184
1410 2188
1411 2192
1412 2196
1413 2200
1414 2204
1415 2208
1416 2212
1417 2216
1418 2220
1419 2224
1420 2228
1421 2232
1422 2236
1423 2240
1424 2244
1425 2248
1426 2252
1427 2256
1428 2260
1429 2264
1430 2268
1431 2272
1432 2276
1433 2280
1434 2284
1435 2288
1436 2292
1437 2296
1438 2300
1439 2303
1440 2305
1441 2309
1442 2312
1443 2316
1444 2319
1445 2323
1446 2327
1447 2330
1448 2334
1449 2337
1450 2340
1451 2343
1452 2347
1453 2351
1454 2355
1455 2359
1456 2363
1457 2366
1458 2370
1459 2374
1460 2378
1461 2382
1462 2386
1463 2390
1464 2393
1465 2396
1466 2400
1467 2404
1468 2408
1469 2412
1470 2416
1471 2420
1472 2424
1473 2428
1474 2432
1475 2436
1476 2440
1477 2444
1478 2448
1479 2452
1480 2456
1481 2460
1482 2464
1483 2467
1484 2470
1485 2473
1486 2477
1487 2480
1488 2484
1489 2487
1490 2491
1491 2495
1492 2499
1493 2503
1494 2507
1495 2511
1496 2514
1497 2518
1498 2522
1499 2525
1500 2529
1501 2533
1502 2537
1503 2541
1504 2545
1505 2549
1506 2553
1507 2557
1508 2561
1509 2565
1510 2569
1511 2573
1512 2577
1513 2581
1514 2585
1515 2589
1516 2593
1517 2597
1518 2601
1519 2605
1520 2609
1521 2613
1522 2617
1523 2621
1524 2625
1525 2629
1526 2633
1527 2637
1528 2641
1529 2645
1530 2649
1531 2653
1532 2657
1533 2661
1534 2665
1535 2669
1536 2673
1537 2677
1538 2681
1539 2685
1540 2689
1541 2693
1542 2697
1543 2701
1544 2705
1545 2708
1546 2712
1547 2716
1548 2719
1549 2723
1550 2727
1551 2731
1552 2735
1553 2739
1554 2743
1555 2747
1556 2751
1557 2754
1558 2756
1559 2759
1560 2763
1561 2766
1562 2770
1563 2773
1564 2777
1565 2781
1566 2784
1567 2787
1568 2791
1569 2795
1570 2799
1571 2803
1572 2807
1573 2811
1574 2815
1575 2819
1576 2823
1577 2827
1578 2831
1579 2835
1580 2839
1581 2843
1582 2847
1583 2851
1584 2855
1585 2859
1586 2863
1587 2866
1588 2870
1589 2874
1590 2878
1591 2882
1592 2886
1593 2890
1594 2894
1595 2898
1596 2901
1597 2905
1598 2909
1599 2913
1600 2917
1601 2921
1602 2924
1603 2928
1604 2932
1605 2936
1606 2940
1607 2944
1608 2948
1609 2952
1610 2956
1611 2959
1612 2963
1613 2967
1614 2971
1615 2975
1616 2979
1617 2983
1618 2987
1619 2991
1620 2995
1621 2999
1622 3003
1623 3007
1624 3011
1625 3015
1626 3019
1627 3023
1628 3027
1629 3031
1630 3035
1631 3039
1632 3043
1633 3047
1634 3051
1635 3055
1636 3059
1637 3063
1638 3066
1639 3070
1640 3074
1641 3078
1642 3082
1643 3086
1644 3090
1645 3094
1646 3098
1647 3102
1648 3106
1649 3110
1650 3114
1651 3118
1652 3122
1653 3126
1654 3130
1655 3134
1656 3138
1657 3142
1658 3146
1659 3150
1660 3154
1661 3158
1662 3162
1663 3166
1664 3169
1665 3173
1666 3177
1667 3181
1668 3185
1669 3189
1670 3193
1671 3197
1672 3201
1673 3205
1674 3209
1675 3212
1676 3216
1677 3220
1678 3224
1679 3228
1680 3232
1681 3236
1682 3239
1683 3243
1684 3247
1685 3251
1686 3255
1687 3259
1688 3263
1689 3267
1690 3271
1691 3275
1692 3279
1693 3283
1694 3287
1695 3291
1696 3295
1697 3299
1698 3303
1699 3307
1700 3311
1701 3315
1702 3319
1703 3323
1704 3327
1705 3331
1706 3335
1707 3339
1708 3343
1709 3347
1710 3351
1711 3355
1712 3359
1713 3363
1714 3367
1715 3371
1716 3375
1717 3379
1718 3383
1719 3387
1720 3391
1721 3395
1722 3399
1723 3403
1724 3407
1725 3411
1726 3415
1727 3419
1728 3423
1729 3427
1730 3431
1731 3435
1732 3439
1733 3443
1734 3447
1735 3451
1736 3455
1737 3459
1738 3463
1739 3467
1740 3471
1741 3475
1742 3479
1743 3483
1744 3487
1745 3491
1746 3495
1747 3499
1748 3503
1749 3507
1750 3511
1751 3515
1752 3519
1753 3523
1754 3527
1755 3531
1756 3535
1757 3539
1758 3543
1759 3547
1760 3551
1761 3555
1762 3559
1763 3563
1764 3567
1765 3571
1766 3575
1767 3578
1768 3582
1769 3586
1770 3590
1771 3594
1772 3598
1773 3602
1774 3606
1775 3610
1776 3614
1777 3618
1778 3622
1779 3626
1780 3630
1781 3634
1782 3638
1783 3642
1784 3646
1785 3650
1786 3654
1787 3658
1788 3662
1789 3666
1790 3670
1791 3674
1792 3678
1793 3682
1794 3686
1795 3690
1796 3694
1797 3698
1798 3702
1799 3706
1800 3710
1801 3714
1802 3718
1803 3722
1804 3726
1805 3730
1806 3734
1807 3738
1808 3742
1809 3746
1810 3750
1811 3754
1812 3758
1813 3762
1814 3766
1815 3770
1816 3774
1817 3778
1818 3782
1819 3786
1820 3790
1821 3794
1822 3798
1823 3802
1824 3806
1825 3810
1826 3814
1827 3818
1828 3822
1829 3826
1830 3830
1831 3834
1832 3838
1833 3842
1834 3846
1835 3850
1836 3854
1837 3858
1838 3862
1839 3866
1840 3870
1841 3874
1842 3878
1843 3882
1844 3886
1845 3890
1846 3894
1847 3898
1848 3902
1849 3906
1850 3910
1851 3914
1852 3918
1853 3922
1854 3926
1855 3930
1856 3934
1857 3938
1858 3942
1859 3946
1860 3950
1861 3954
1862 3958
1863 3962
1864 3966
1865 3970
1866 3974
1867 3978
1868 3982
1869 3986
1870 3990
1871 3994
1872 3998
1873 4002
1874 4006
1875 4010
1876 4014
1877 4018
1878 4022
1879 4026
1880 4030
1881 4034
1882 4038
1883 4042
1884 4046
1885 4050
1886 4054
1887 4058
1888 4062
1889 4066
1890 4070
1891 4074
1892 4078
1893 4082
1894 4086
1895 4090
1896 4094
1897 4098
1898 4102
1899 4106
1900 4110
1901 4114
1902 4118
1903 4122
1904 4126
1905 4130
1906 4134
1907 4138
1908 4142
1909 4146
1910 4149
1911 4153
1912 4157
1913 4161
1914 4165
1915 4169
1916 4173
1917 4177
1918 4181
1919 4185
1920 4189
1921 4193
1922 4197
1923 4201
1924 4205
1925 4209
1926 4213
1927 4217
1928 4221
1929 4225
1930 4229
1931 4233
1932 4237
1933 4241
1934 4245
1935 4249
1936 4253
1937 4257
1938 4261
1939 4265
1940 4269
1941 4273
1942 4277
1943 4281
1944 4285
1945 4289
1946 4293
1947 4297
1948 4301
1949 4305
1950 4309
1951 4313
1952 4317
1953 4321
1954 4325
1955 4329
1956 4333
1957 4337
1958 4341
1959 4345
1960 4349
1961 4353
1962 4357
1963 4361
1964 4365
1965 4369
1966 4373
1967 4377
1968 4381
1969 4385
1970 4389
1971 4393
1972 4397
1973 4401
1974 4405
1975 4409
1976 4413
1977 4417
1978 4421
1979 4425
1980 4429
1981 4433
1982 4437
1983 4441
1984 4445
1985 4449
1986 4453
1987 4457
1988 4461
1989 4465
1990 4469
1991 4473
1992 4477
1993 4481
1994 4485
1995 4489
1996 4493
1997 4497
1998 4501
1999 4505
2000 4509
2001 4513
2002 4517
2003 4521
2004 4525
2005 4529
2006 4533
2007 4537
2008 4541
2009 4545
2010 4549
2011 4553
2012 4557
2013 4560
2014 4564
2015 4568
2016 4572
2017 4576
2018 4580
2019 4584
2020 4588
2021 4592
2022 4596
2023 4600
2024 4604
2025 4608
2026 4612
2027 4616
2028 4620
2029 4624
2030 4628
2031 4632
2032 4636
2033 4640
2034 4644
2035 4648
2036 4652
2037 4656
2038 4660
2039 4664
2040 4668
2041 4672
2042 4676
2043 4680
2044 4684
2045 4688
2046 4692
2047 4696
2048 4700
2049 4704
2050 4708
2051 4712
2052 4716
2053 4720
2054 4724
2055 4728
2056 4732
2057 4736
2058 4740
2059 4744
2060 4748
2061 4752
2062 4756
2063 4760
2064 4764
2065 4768
2066 4772
2067 4776
2068 4780
2069 4784
2070 4788
2071 4792
2072 4796
2073 4800
2074 4804
2075 4808
2076 4812
2077 4816
2078 4820
2079 4824
2080 4828
2081 4832
2082 4836
2083 4840
2084 4844
2085 4848
2086 4852
2087 4856
2088 4860
2089 4864
2090 4868
2091 4872
2092 4876
2093 4880
2094 4884
2095 4888
2096 4892
2097 4896
2098 4900
2099 4904
2100 4908
2101 4912
2102 4916
2103 4920
2104 4924
2105 4928
2106 4932
2107 4936
2108 4940
2109 4944
2110 4948
2111 4952
2112 4956
2113 4960
2114 4963
2115 4967
2116 4971
2117 4975
2118 4979
2119 4983
2120 4987
2121 4991
2122 4995
2123 4999
2124 5003
2125 5007
2126 5011
2127 5015
2128 5019
2129 5023
2130 5027
2131 5031
2132 5034
2133 5038
2134 5042
2135 5046
2136 5050
2137 5054
2138 5058
2139 5062
2140 5066
2141 5070
2142 5074
2143 5078
2144 5082
2145 5086
2146 5090
2147 5094
2148 5098
2149 5102
2150 5106
2151 5110
2152 5114
2153 5118
2154 5122
2155 5126
2156 5130
2157 5134
2158 5138
2159 5142
2160 5146
2161 5150
2162 5154
2163 5158
2164 5162
2165 5166
2166 5170
2167 5174
2168 5178
2169 5182
2170 5186
2171 5190
2172 5194
2173 5198
2174 5201
2175 5205
2176 5209
2177 5213
2178 5217
2179 5221
2180 5225
2181 5229
2182 5233
2183 5237
2184 5241
2185 5245
2186 5249
2187 5253
2188 5256
2189 5259
2190 5263
2191 5267
2192 5271
2193 5275
2194 5279
2195 5283
2196 5287
2197 5291
2198 5295
2199 5299
2200 5303
2201 5307
2202 5311
2203 5315
2204 5319
2205 5323
2206 5327
2207 5331
2208 5335
2209 5339
2210 5343
2211 5347
2212 5351
2213 5355
2214 5359
2215 5363
2216 5367
2217 5371
2218 5375
2219 5379
2220 5383
2221 5387
2222 5391
2223 5395
2224 5399
2225 5403
2226 5407
2227 5411
2228 5415
2229 5419
2230 5423
2231 5427
2232 5431
2233 5435
2234 5439
2235 5443
2236 5447
2237 5451
2238 5455
2239 5459
2240 5463
2241 5467
2242 5471
2243 5475
2244 5479
2245 5483
2246 5487
2247 5491
2248 5495
2249 5499
2250 5503
2251 5507
2252 5511
2253 5515
2254 5519
2255 5523
2256 5527
2257 5531
2258 5535
2259 5539
2260 5543
2261 5547
2262 5551
2263 5555
2264 5559
2265 5563
2266 5567
2267 5571
2268 5575
2269 5579
2270 5583
2271 5587
2272 5591
2273 5595
2274 5599
2275 5603
2276 5607
2277 5611
2278 5615
2279 5619
2280 5623
2281 5627
2282 5631
2283 5635
2284 5639
2285 5642
2286 5646
2287 5650
2288 5654
2289 5658
2290 5662
2291 5666
2292 5670
2293 5674
2294 5678
2295 5682
2296 5686
2297 5690
2298 5694
2299 5698
2300 5702
2301 5706
2302 5710
2303 5714
2304 5718
2305 5722
2306 5726
2307 5730
2308 5734
2309 5738
2310 5742
2311 5746
2312 5750
2313 5754
2314 5758
2315 5762
2316 5766
2317 5770
2318 5774
2319 5778
2320 5782
2321 5786
2322 5790
2323 5794
2324 5798
2325 5802
2326 5806
2327 5810
2328 5814
2329 5818
2330 5822
2331 5826
2332 5830
2333 5834
2334 5838
2335 5842
2336 5846
2337 5850
2338 5854
2339 5858
2340 5862
2341 5866
2342 5870
2343 5874
2344 5878
2345 5882
2346 5886
2347 5890
2348 5894
2349 5898
2350 5902
2351 5906
2352 5910
2353 5914
2354 5918
2355 5922
2356 5926
2357 5930
2358 5934
2359 5938
2360 5942
2361 5946
2362 5950
2363 5954
2364 5958
2365 5962
2366 5966
2367 5970
2368 5974
2369 5978
2370 5982
2371 5986
2372 5990
2373 5994
2374 5998
2375 6002
2376 6006
2377 6010
2378 6014
2379 6018
2380 6022
2381 6026
2382 6030
2383 6034
2384 6038
2385 6042
2386 6046
2387 6050
2388 6054
2389 6058
2390 6062
2391 6066
2392 6070
2393 6074
2394 6078
2395 6082
2396 6086
2397 6090
2398 6094
2399 6098
2400 6102
2401 6106
2402 6110
2403 6114
2404 6118
2405 6122
2406 6126
2407 6130
2408 6134
2409 6138
2410 6142
2411 6146
2412 6150
2413 6154
2414 6158
2415 6162
2416 6166
2417 6170
2418 6174
2419 6178
2420 6182
2421 6186
2422 6190
2423 6194
2424 6198
2425 6202
2426 6206
2427 6210
2428 6214
2429 6218
2430 6222
2431 6226
2432 6230
2433 6234
2434 6238
2435 6242
2436 6246
2437 6250
2438 6254
2439 6258
2440 6262
2441 6266
2442 6270
2443 6274
2444 6278
2445 6282
2446 6286
2447 6290
2448 6294
2449 6298
2450 6302
2451 6306
2452 6310
2453 6314
2454 6318
2455 6322
2456 6326
2457 6330
2458 6334
2459 6338
2460 6342
2461 6346
2462 6350
2463 6354
2464 6358
2465 6362
2466 6366
2467 6370
2468 6374
2469 6378
2470 6382
2471 6386
2472 6390
2473 6394
2474 6398
2475 6402
2476 6406
2477 6410
2478 6414
2479 6418
2480 6422
2481 6426
2482 6430
2483 6434
2484 6438
2485 6442
2486 6446
2487 6450
2488 6454
2489 6458
2490 6462
2491 6466
2492 6470
2493 6474
2494 6478
2495 6482
2496 6486
2497 6490
2498 6494
2499 6498
2500 6502
2501 6506
2502 6510
2503 6514
2504 6518
2505 6522
2506 6526
2507 6530
2508 6534
2509 6538
2510 6542
2511 6546
2512 6550
2513 6554
2514 6558
2515 6562
2516 6566
2517 6570
2518 6574
2519 6578
2520 6582
2521 6586
2522 6590
2523 6594
2524 6598
2525 6602
2526 6606
2527 6610
2528 6614
2529 6618
2530 6622
2531 6626
2532 6630
2533 6634
2534 6638
2535 6642
2536 6646
2537 6650
2538 6654
2539 6658
2540 6662
2541 6666
2542 6670
2543 6674
2544 6678
2545 6682
2546 6686
2547 6690
2548 6694
2549 6698
2550 6702
2551 6706
2552 6710
2553 6714
2554 6718
2555 6722
2556 6726
2557 6730
2558 6734
2559 6738
2560 6742
2561 6746
2562 6750
2563 6754
2564 6758
2565 6762
2566 6766
2567 6770
2568 6774
2569 6778
2570 6782
2571 6786
2572 6790
2573 6794
2574 6798
2575 6802
2576 6806
2577 6810
2578 6814
2579 6818
2580 6822
2581 6826
2582 6830
2583 6834
2584 6838
2585 6842
2586 6846
2587 6850
2588 6854
2589 6858
2590 6862
2591 6866
2592 6870
2593 6874
2594 6878
2595 6882
2596 6886
2597 6890
2598 6894
2599 6898
2600 6902
2601 6906
2602 6910
2603 6914
2604 6918
2605 6922
2606 6926
2607 6930
2608 6934
2609 6938
2610 6942
2611 6946
2612 6950
2613 6954
2614 6958
2615 6962
2616 6966
2617 6970
2618 6974
2619 6978
2620 6982
2621 6986
2622 6990
2623 6994
2624 6998
2625 7002
2626 7006
2627 7010
2628 7014
2629 7018
2630 7022
2631 7026
2632 7030
2633 7034
2634 7038
2635 7042
2636 7046
2637 7050
2638 7054
2639 7058
2640 7062
2641 7066
2642 7070
2643 7074
2644 7078
2645 7082
2646 7086
2647 7090
2648 7094
2649 7098
2650 7102
2651 7106
2652 7110
2653 7114
2654 7118
2655 7122
2656 7126
2657 7130
2658 7134
2659 7138
2660 7142
2661 7146
2662 7150
2663 7154
2664 7158
2665 7162
2666 7166
2667 7170
2668 7174
2669 7178
2670 7182
2671 7186
2672 7190
2673 7194
2674 7198
2675 7202
2676 7206
2677 7210
2678 7214
2679 7218
2680 7222
2681 7226
2682 7230
2683 7234
2684 7238
2685 7242
2686 7246
2687 7250
2688 7254
2689 7258
2690 7262
2691 7266
2692 7270
2693 7274
2694 7278
2695 7282
2696 7286
2697 7290
2698 7294
2699 7298
2700 7302
2701 7306
2702 7310
2703 7314
2704 7318
2705 7322
2706 7326
2707 7330
2708 7334
2709 7338
2710 7342
2711 7346
2712 7350
2713 7354
2714 7358
2715 7362
2716 7366
2717 7370
2718 7374
2719 7378
2720 7382
2721 7386
2722 7390
2723 7394
2724 7398
2725 7402
2726 7406
2727 7410
2728 7414
2729 7418
2730 7422
2731 7426
2732 7430
2733 7434
2734 7438
2735 7442
2736 7446
2737 7450
2738 7454
2739 7458
2740 7462
2741 7466
2742 7470
2743 7474
2744 7478
2745 7482
2746 7486
2747 7490
2748 7494
2749 7498
2750 7502
2751 7506
2752 7510
2753 7514
2754 7518
2755 7522
2756 7526
2757 7530
2758 7534
2759 7538
2760 7542
2761 7546
2762 7550
2763 7554
2764 7558
2765 7562
2766 7566
2767 7570
2768 7574
2769 7578
2770 7582
2771 7586
2772 7590
2773 7594
2774 7598
2775 7602
2776 7606
2777 7610
2778 7614
2779 7618
2780 7622
2781 7626
2782 7630
2783 7634
2784 7638
2785 7642
2786 7646
2787 7650
2788 7654
2789 7658
2790 7662
2791 7666
2792 7670
2793 7674
2794 7678
2795 7682
2796 7686
2797 7690
2798 7694
2799 7698
2800 7702
2801 7706
2802 7710
2803 7714
2804 7718
2805 7722
2806 7726
2807 7730
2808 7734
2809 7738
2810 7742
2811 7746
2812 7750
2813 7754
2814 7758
2815 7762
2816 7766
2817 7770
2818 7774
2819 7778
2820 7782
2821 7786
2822 7790
2823 7794
2824 7798
2825 7802
2826 7806
2827 7810
2828 7814
2829 7818
2830 7822
2831 7826
2832 7830
2833 7834
2834 7838
2835 7842
2836 7846
2837 7850
2838 7854
2839 7858
2840 7862
2841 7866
2842 7870
2843 7874
2844 7878
2845 7882
2846 7886
2847 7890
2848 7894
2849 7898
2850 7902
2851 7906
2852 7910
2853 7914
2854 7918
2855 7922
2856 7926
2857 7930
2858 7934
2859 7938
2860 7942
2861 7946
2862 7950
2863 7954
2864 7958
2865 7962
2866 7966
2867 7970
2868 7974
2869 7978
2870 7982
2871 7986
2872 7990
2873 7994
2874 7998
2875 8002
2876 8006
2877 8010
2878 8014
2879 8018
2880 8022
2881 8026
2882 8030
2883 8034
2884 8038
2885 8042
2886 8046
2887 8050
2888 8054
2889 8058
2890 8062
2891 8066
2892 8070
2893 8074
2894 8078
2895 8082
2896 8086
2897 8090
2898 8094
2899 8098
2900 8102
2901 8106
2902 8110
2903 8114
2904 8118
2905 8122
2906 8126
2907 8130
2908 8134
2909 8138
2910 8142
2911 8146
2912 8150
2913 8154
2914 8158
2915 8162
2916 8166
2917 8170
2918 8174
2919 8178
2920 8182
2921 8186
2922 8190
2923 8194
2924 8198
2925 8202
2926 8206
2927 8210
2928 8214
2929 8218
2930 8222
2931 8226
2932 8229
2933 8233
2934 8237
2935 8241
2936 8245
2937 8249
2938 8253
2939 8257
2940 8261
2941 8265
2942 8269
2943 8273
2944 8277
2945 8281
2946 8285
2947 8289
2948 8293
2949 8297
2950 8301
2951 8305
2952 8309
2953 8313
2954 8317
2955 8321
2956 8325
2957 8329
2958 8333
2959 8337
2960 8341
2961 8345
2962 8349
2963 8353
2964 8357
2965 8361
2966 8365
2967 8369
2968 8373
2969 8377
2970 8381
2971 8385
2972 8389
2973 8393
2974 8397
2975 8401
2976 8405
2977 8409
2978 8413
2979 8416
2980 8419
2981 8422
2982 8426
2983 8429
2984 8433
2985 8437
2986 8441
2987 8445
2988 8449
2989 8453
2990 8457
2991 8461
2992 8465
2993 8469
2994 8473
2995 8477
2996 8481
2997 8485
2998 8489
2999 8493
3000 8497
3001 8501
3002 8505
3003 8509
3004 8513
3005 8517
3006 8521
3007 8525
3008 8529
3009 8533
3010 8537
3011 8541
3012 8545
3013 8549
3014 8553
3015 8557
3016 8561
3017 8565
3018 8569
3019 8573
3020 8577
3021 8581
3022 8585
3023 8589
3024 8593
3025 8597
3026 8601
3027 8605
3028 8609
3029 8613
3030 8617
3031 8621
3032 8625
3033 8629
3034 8633
3035 8637
3036 8641
3037 8645
3038 8649
3039 8653
3040 8657
3041 8661
3042 8665
3043 8669
3044 8673
3045 8677
3046 8681
3047 8685
3048 8689
3049 8693
3050 8697
3051 8701
3052 8705
3053 8709
3054 8713
3055 8717
3056 8721
3057 8725
3058 8729
3059 8733
3060 8737
3061 8741
3062 8745
3063 8749
3064 8753
3065 8757
3066 8761
3067 8765
3068 8769
3069 8773
3070 8777
3071 8781
3072 8785
3073 8789
3074 8793
3075 8797
3076 8801
3077 8805
3078 8809
3079 8813
3080 8817
3081 8821
3082 8825
3083 8829
3084 8833
3085 8837
3086 8841
3087 8845
3088 8849
3089 8853
3090 8857
3091 8861
3092 8865
3093 8869
3094 8873
3095 8877
3096 8881
3097 8885
3098 8889
3099 8893
3100 8897
3101 8901
3102 8905
3103 8909
3104 8913
3105 8917
3106 8921
3107 8925
3108 8929
3109 8933
3110 8937
3111 8941
3112 8945
3113 8949
3114 8953
3115 8957
3116 8961
3117 8965
3118 8969
3119 8973
3120 8977
3121 8981
3122 8985
3123 8989
3124 8993
3125 8997
3126 9001
3127 9005
3128 9009
3129 9013
3130 9017
3131 9021
3132 9025
3133 9029
3134 9033
3135 9037
3136 9041
3137 9045
3138 9049
3139 9053
3140 9057
3141 9061
3142 9065
3143 9069
3144 9073
3145 9077
3146 9081
3147 9085
3148 9089
3149 9093
3150 9097
3151 9101
3152 9105
3153 9109
3154 9113
3155 9117
3156 9121
3157 9124
3158 9128
3159 9132
3160 9136
3161 9140
3162 9144
3163 9148
3164 9152
3165 9156
3166 9160
3167 9164
3168 9168
3169 9172
3170 9176
3171 9180
3172 9184
3173 9188
3174 9192
3175 9196
3176 9200
3177 9204
3178 9208
3179 9212
3180 9216
3181 9220
3182 9224
3183 9228
3184 9232
3185 9236
3186 9240
3187 9244
3188 9248
3189 9252
3190 9256
3191 9260
3192 9264
3193 9268
3194 9272
3195 9276
3196 9280
3197 9284
3198 9288
3199 9292
3200 9296
3201 9300
3202 9304
3203 9308
3204 9312
3205 9316
3206 9320
3207 9324
3208 9328
3209 9332
3210 9336
3211 9340
3212 9344
3213 9348
3214 9352
3215 9356
3216 9360
3217 9364
3218 9368
3219 9372
3220 9376
3221 9380
3222 9384
3223 9388
3224 9392
3225 9396
3226 9400
3227 9404
3228 9408
3229 9412
3230 9416
3231 9420
3232 9424
3233 9428
3234 9432
3235 9436
3236 9440
3237 9444
3238 9448
3239 9452
3240 9456
3241 9460
3242 9464
3243 9468
3244 9472
3245 9476
3246 9480
3247 9484
3248 9488
3249 9492
3250 9496
3251 9500
3252 9504
3253 9508
3254 9512
3255 9516
3256 9520
3257 9524
3258 9528
3259 9532
3260 9536
3261 9540
3262 9544
3263 9548
3264 9552
3265 9556
3266 9560
3267 9564
3268 9568
3269 9572
3270 9576
3271 9580
3272 9584
3273 9588
3274 9592
3275 9596
3276 9600
3277 9604
3278 9608
3279 9612
3280 9616
3281 9620
3282 9624
3283 9628
3284 9632
3285 9636
3286 9640
3287 9644
3288 9648
3289 9652
3290 9656
3291 9660
3292 9664
3293 9668
3294 9672
3295 9676
3296 9680
3297 9684
3298 9688
3299 9692
3300 9696
3301 9700
3302 9704
3303 9708
3304 9712
3305 9716
3306 9720
3307 9724
3308 9728
3309 9732
3310 9736
3311 9740
3312 9744
3313 9748
3314 9752
3315 9756
3316 9760
3317 9764
3318 9768
3319 9772
3320 9776
3321 9780
3322 9784
3323 9788
3324 9792
3325 9796
3326 9800
3327 9804
3328 9808
3329 9812
3330 9815
3331 9818
3332 9821
3333 9824
3334 9827
3335 9830
3336 9834
3337 9837
3338 9840
3339 9844
3340 9848
3341 9852
3342 9856
3343 9859
3344 9862
3345 9866
3346 9869
3347 9873
3348 9877
3349 9881
3350 9885
3351 9889
3352 9893
3353 9897
3354 9901
3355 9905
3356 9909
3357 9913
3358 9917
3359 9921
3360 9925
3361 9929
3362 9933
3363 9937
3364 9941
3365 9945
3366 9949
3367 9953
3368 9957
3369 9961
3370 9965
3371 9969
3372 9973
3373 9977
3374 9981
3375 9985
3376 9989
3377 9993
3378 9997
3379 10001
3380 10004
3381 10008
3382 10012
3383 10016
3384 10020
3385 10024
3386 10028
3387 10032
3388 10036
3389 10040
3390 10044
3391 10048
3392 10052
3393 10056
3394 10060
3395 10064
3396 10068
3397 10072
3398 10076
3399 10080
3400 10084
3401 10088
3402 10092
3403 10096
3404 10100
3405 10104
3406 10108
3407 10112
3408 10116
3409 10120
3410 10124
3411 10128
3412 10132
3413 10136
3414 10140
3415 10144
3416 10148
3417 10152
3418 10156
3419 10160
3420 10164
3421 10168
3422 10172
3423 10176
3424 10180
3425 10184
3426 10188
3427 10192
3428 10196
3429 10200
3430 10204
3431 10208
3432 10212
3433 10216
3434 10220
3435 10224
3436 10228
3437 10232
3438 10236
3439 10240
3440 10244
3441 10248
3442 10252
3443 10255
3444 10259
3445 10263
3446 10267
3447 10271
3448 10275
3449 10279
3450 10283
3451 10287
3452 10290
3453 10294
3454 10298
3455 10302
3456 10306
3457 10310
3458 10314
3459 10318
3460 10322
3461 10326
3462 10330
3463 10334
3464 10338
3465 10342
3466 10346
3467 10350
3468 10354
3469 10358
3470 10361
3471 10364
3472 10368
3473 10372
3474 10376
3475 10380
3476 10384
3477 10388
3478 10392
3479 10396
3480 10400
3481 10404
3482 10408
3483 10412
3484 10416
3485 10420
3486 10424
3487 10428
3488 10432
3489 10436
3490 10440
3491 10444
3492 10448
3493 10452
3494 10456
3495 10460
3496 10464
3497 10468
3498 10472
3499 10476
3500 10480
3501 10484
3502 10488
3503 10492
3504 10496
3505 10500
3506 10504
3507 10508
3508 10512
3509 10516
3510 10520
3511 10524
3512 10528
3513 10532
3514 10536
3515 10540
3516 10544
3517 10548
3518 10552
3519 10556
3520 10560
3521 10564
3522 10568
3523 10572
3524 10576
3525 10580
3526 10584
3527 10588
3528 10592
3529 10596
3530 10600
3531 10604
3532 10608
3533 10612
3534 10616
3535 10620
3536 10624
3537 10628
3538 10632
3539 10636
3540 10640
3541 10644
3542 10648
3543 10652
3544 10656
3545 10660
3546 10664
3547 10668
3548 10672
3549 10676
3550 10680
3551 10684
3552 10688
3553 10692
3554 10696
3555 10700
3556 10704
3557 10708
3558 10712
3559 10716
3560 10720
3561 10724
3562 10728
3563 10732
3564 10736
3565 10740
3566 10744
3567 10748
3568 10752
3569 10756
3570 10760
3571 10764
3572 10768
3573 10772
3574 10776
3575 10780
3576 10784
3577 10788
3578 10792
3579 10796
3580 10800
3581 10804
3582 10808
3583 10812
3584 10816
3585 10820
3586 10824
3587 10828
3588 10832
3589 10836
3590 10840
3591 10844
3592 10848
3593 10852
3594 10856
3595 10860
3596 10864
3597 10868
3598 10872
3599 10876
3600 10880
3601 10884
3602 10888
3603 10892
3604 10896
3605 10900
3606 10904
3607 10908
3608 10912
3609 10916
3610 10920
3611 10924
3612 10928
3613 10932
3614 10936
3615 10940
3616 10944
3617 10948
3618 10952
3619 10956
3620 10960
3621 10964
3622 10968
3623 10972
3624 10976
3625 10980
3626 10984
3627 10988
3628 10992
3629 10996
3630 11000
3631 11004
3632 11008
3633 11012
3634 11016
3635 11020
3636 11024
3637 11028
3638 11032
3639 11036
3640 11040
3641 11044
3642 11048
3643 11051
