0 324
1 328
2 332
3 336
4 340
5 344
6 348
7 352
8 356
9 360
10 364
11 368
12 372
13 376
14 380
15 384
16 388
17 392
18 396
19 400
20 404
21 408
22 412
23 416
24 420
25 424
26 428
27 432
28 436
29 440
30 444
31 448
32 452
33 456
34 460
35 464
36 468
37 472
38 476
39 480
40 484
41 488
42 492
43 496
44 500
45 504
46 508
47 512
48 516
49 520
50 524
51 528
52 532
53 536
54 540
55 544
56 548
57 552
58 556
59 560
60 564
61 568
62 572
63 576
64 580
65 584
66 588
67 592
68 596
69 600
70 604
71 608
72 612
73 616
74 620
75 624
76 628
77 632
78 636
79 640
80 644
81 648
82 652
83 656
84 660
85 664
86 668
87 672
88 676
89 680
90 684
91 688
92 692
93 696
94 700
95 704
96 708
97 712
98 716
99 720
100 724
101 728
102 732
103 736
104 740
105 744
106 748
107 752
108 756
109 760
110 764
111 768
112 772
113 776
114 780
115 784
116 788
117 792
118 796
119 800
120 804
121 808
122 812
123 816
124 820
125 824
126 828
127 832
128 836
129 840
130 844
131 848
132 852
133 856
134 859
135 863
136 867
137 871
138 875
139 879
140 883
141 887
142 891
143 895
144 899
145 903
146 907
147 911
148 915
149 919
150 923
151 927
152 931
153 935
154 939
155 943
156 947
157 951
158 955
159 959
160 963
161 967
162 971
163 975
164 979
165 983
166 987
167 991
168 995
169 999
170 1003
171 1007
172 1011
173 1015
174 1019
175 1023
176 1027
177 1031
178 1035
179 1039
180 1043
181 1047
182 1051
183 1055
184 1059
185 1063
186 1067
187 1071
188 1075
189 1079
190 1083
191 1087
192 1091
193 1095
194 1099
195 1103
196 1107
197 1111
198 1115
199 1119
200 1123
201 1127
202 1131
203 1135
204 1139
205 1143
206 1147
207 1151
208 1155
209 1159
210 1163
211 1167
212 1171
213 1175
214 1179
215 1183
216 1187
217 1191
218 1195
219 1199
220 1203
221 1207
222 1211
223 1215
224 1219
225 1223
226 1227
227 1231
228 1235
229 1239
230 1243
231 1247
232 1251
233 1255
234 1259
235 1263
236 1267
237 1271
238 1275
239 1279
240 1283
241 1287
242 1291
243 1295
244 1299
245 1303
246 1307
247 1311
248 1315
249 1319
250 1323
251 1327
252 1331
253 1335
254 1339
255 1343
256 1347
257 1351
258 1355
259 1359
260 1363
261 1367
262 1371
263 1375
264 1379
265 1383
266 1387
267 1391
268 1395
269 1399
270 1403
271 1407
272 1411
273 1415
274 1419
275 1423
276 1427
277 1431
278 1435
279 1439
280 1443
281 1447
282 1451
283 1455
284 1459
285 1463
286 1467
287 1471
288 1475
289 1479
290 1483
291 1487
292 1491
293 1495
294 1499
295 1503
296 1507
297 1511
298 1515
299 1519
300 1523
301 1527
302 1531
303 1535
304 1539
305 1543
306 1547
307 1551
308 1555
309 1559
310 1563
311 1567
312 1571
313 1575
314 1579
315 1583
316 1587
317 1591
318 1595
319 1599
320 1603
321 1607
322 1611
323 1615
324 1619
325 1623
326 1627
327 1631
328 1635
329 1639
330 1643
331 1647
332 1651
333 1655
334 1659
335 1663
336 1667
337 1671
338 1675
339 1679
340 1683
341 1687
342 1691
343 1695
344 1699
345 1703
346 1707
347 1711
348 1715
349 1719
350 1723
351 1727
352 1731
353 1735
354 1739
355 1743
356 1747
357 1751
358 1755
359 1759
360 1763
361 1767
362 1771
363 1775
364 1779
365 1783
366 1787
367 1791
368 1795
369 1799
370 1803
371 1807
372 1811
373 1815
374 1819
375 1823
376 1827
377 1831
378 1835
379 1839
380 1843
381 1847
382 1851
383 1855
384 1859
385 1863
386 1867
387 1871
388 1875
389 1879
390 1883
391 1887
392 1891
393 1895
394 1899
395 1903
396 1907
397 1911
398 1915
399 1919
400 1923
401 1927
402 1931
403 1935
404 1939
405 1943
406 1947
407 1951
408 1955
409 1959
410 1963
411 1967
412 1971
413 1975
414 1979
415 1983
416 1987
417 1991
418 1995
419 1999
420 2003
421 2007
422 2011
423 2015
424 2019
425 2023
426 2027
427 2031
428 2035
429 2039
430 2043
431 2047
432 2051
433 2055
434 2059
435 2063
436 2067
437 2071
438 2075
439 2079
440 2083
441 2087
442 2091
443 2095
444 2099
445 2103
446 2107
447 2111
448 2115
449 2119
450 2123
451 2127
452 2131
453 2135
454 2139
455 2143
456 2147
457 2151
458 2155
459 2159
460 2163
461 2167
462 2171
463 2175
464 2179
465 2183
466 2187
467 2191
468 2195
469 2199
470 2203
471 2207
472 2211
473 2215
474 2219
475 2223
476 2227
477 2231
478 2235
479 2239
480 2243
481 2247
482 2251
483 2255
484 2259
485 2263
486 2267
487 2271
488 2275
489 2279
490 2283
491 2287
492 2291
493 2295
494 2299
495 2303
496 2307
497 2311
498 2315
499 2319
500 2323
501 2327
502 2331
503 2335
504 2339
505 2343
506 2347
507 2351
508 2355
509 2359
510 2363
511 2367
512 2371
513 2375
514 2379
515 2383
516 2387
517 2391
518 2395
519 2399
520 2403
521 2407
522 2411
523 2415
524 2419
525 2423
526 2427
527 2431
528 2435
529 2439
530 2443
531 2447
532 2451
533 2455
534 2459
535 2463
536 2467
537 2471
538 2475
539 2479
540 2483
541 2487
542 2491
543 2495
544 2499
545 2503
546 2507
547 2511
548 2515
549 2519
550 2523
551 2527
552 2531
553 2535
554 2539
555 2543
556 2547
557 2551
558 2555
559 2559
560 2563
561 2567
562 2571
563 2575
564 2579
565 2583
566 2587
567 2591
568 2595
569 2599
570 2603
571 2607
572 2611
573 2615
574 2619
575 2623
576 2627
577 2631
578 2635
579 2639
580 2643
581 2647
582 2651
583 2655
584 2659
585 2663
586 2667
587 2671
588 2675
589 2679
590 2683
591 2687
592 2691
593 2695
594 2699
595 2703
596 2707
597 2711
598 2715
599 2719
600 2723
601 2727
602 2731
603 2735
604 2739
605 2743
606 2747
607 2751
608 2755
609 2759
610 2763
611 2767
612 2771
613 2775
614 2779
615 2783
616 2787
617 2791
618 2795
619 2799
620 2803
621 2807
622 2811
623 2815
624 2819
625 2823
626 2827
627 2831
628 2835
629 2839
630 2843
631 2847
632 2851
633 2855
634 2859
635 2863
636 2867
637 2871
638 2875
639 2879
640 2883
641 2887
642 2891
643 2895
644 2899
645 2903
646 2907
647 2911
648 2915
649 2919
650 2923
651 2927
652 2931
653 2935
654 2939
655 2943
656 2947
657 2951
658 2954
659 2958
660 2961
661 2962
662 2964
666 2965
668 2966
669 2967
670 2968
671 2969
673 2972
674 2973
675 2975
676 2977
677 2978
679 2980
680 2984
681 2987
682 2991
683 2993
684 2996
685 3000
686 3002
687 3006
688 3010
689 3014
690 3017
691 3021
692 3024
693 3028
694 3031
695 3034
696 3038
697 3042
698 3046
699 3050
700 3054
701 3058
702 3062
703 3066
704 3070
705 3074
706 3078
707 3082
708 3086
709 3090
710 3094
711 3098
712 3102
713 3106
714 3110
715 3114
716 3118
717 3122
718 3126
719 3130
720 3134
721 3138
722 3142
723 3146
724 3150
725 3154
726 3158
727 3162
728 3166
729 3170
730 3174
731 3178
732 3182
733 3186
734 3190
735 3194
736 3198
737 3201
738 3205
739 3210
740 3214
741 3218
742 3222
743 3226
744 3230
745 3234
746 3237
747 3241
748 3245
749 3249
750 3254
751 3258
752 3262
753 3266
754 3270
755 3273
756 3277
757 3281
758 3285
759 3289
760 3294
761 3298
762 3302
763 3306
764 3309
765 3313
766 3317
767 3321
768 3325
769 3329
770 3333
771 3338
772 3342
773 3345
774 3349
775 3353
776 3357
777 3361
778 3365
779 3369
780 3373
781 3378
782 3381
783 3385
784 3389
785 3393
786 3397
787 3401
788 3405
789 3409
790 3413
791 3417
792 3421
793 3425
794 3429
795 3433
796 3437
797 3441
798 3445
799 3449
800 3453
801 3457
802 3461
803 3465
804 3469
805 3473
806 3477
807 3481
808 3485
809 3489
810 3493
811 3497
812 3501
813 3505
814 3509
815 3513
816 3517
817 3521
818 3525
819 3529
820 3533
821 3537
822 3541
823 3545
824 3549
825 3553
826 3557
827 3561
828 3565
829 3569
830 3573
831 3577
832 3581
833 3585
834 3589
835 3593
836 3597
837 3601
838 3605
839 3609
840 3613
841 3617
842 3621
843 3625
844 3629
845 3633
846 3637
847 3640
848 3644
849 3648
850 3652
851 3656
852 3660
853 3664
854 3668
855 3672
856 3676
857 3680
858 3684
859 3688
860 3692
861 3696
862 3700
863 3704
864 3708
865 3712
866 3716
867 3720
868 3724
869 3728
870 3732
871 3736
872 3740
873 3744
874 3747
875 3751
876 3755
877 3759
878 3763
879 3767
880 3771
881 3775
882 3779
883 3783
884 3787
885 3791
886 3795
887 3799
888 3803
889 3807
890 3811
891 3815
892 3819
893 3823
894 3827
895 3831
896 3835
897 3839
898 3843
899 3847
900 3851
901 3855
902 3859
903 3863
904 3867
905 3871
906 3875
907 3879
908 3883
909 3887
910 3891
911 3895
912 3899
913 3903
914 3907
915 3911
916 3915
917 3919
918 3923
919 3927
920 3931
921 3935
922 3939
923 3943
924 3947
925 3951
926 3955
927 3959
928 3963
929 3967
930 3971
931 3975
932 3979
933 3983
934 3987
935 3991
936 3995
937 3999
938 4003
939 4007
940 4011
941 4015
942 4019
943 4023
944 4027
945 4031
946 4035
947 4039
948 4043
949 4047
950 4051
951 4055
952 4059
953 4063
954 4067
955 4071
956 4075
957 4079
958 4083
959 4087
960 4091
961 4095
962 4099
963 4103
964 4107
965 4111
966 4115
967 4119
968 4123
969 4127
970 4131
971 4135
972 4139
973 4143
974 4147
975 4151
976 4155
977 4159
978 4163
979 4167
980 4171
981 4175
982 4179
983 4183
984 4187
985 4191
986 4195
987 4199
988 4203
989 4207
990 4211
991 4215
992 4219
993 4223
994 4227
995 4231
996 4235
997 4239
998 4243
999 4247
1000 4251
1001 4255
1002 4259
1003 4263
1004 4267
1005 4271
1006 4275
1007 4279
1008 4283
1009 4287
1010 4291
1011 4295
1012 4299
1013 4303
1014 4307
1015 4311
1016 4315
1017 4319
1018 4323
1019 4327
1020 4331
1021 4335
1022 4339
1023 4343
1024 4347
1025 4351
1026 4355
1027 4359
1028 4363
1029 4367
1030 4371
1031 4375
1032 4379
1033 4383
1034 4387
1035 4391
1036 4395
1037 4399
1038 4403
1039 4407
1040 4411
1041 4415
1042 4419
1043 4423
1044 4427
1045 4431
1046 4435
1047 4439
1048 4443
1049 4447
1050 4451
1051 4455
1052 4459
1053 4463
1054 4467
1055 4471
1056 4475
1057 4479
1058 4483
1059 4487
1060 4491
1061 4495
1062 4499
1063 4503
1064 4507
1065 4511
1066 4515
1067 4519
1068 4523
1069 4527
1070 4531
1071 4535
1072 4539
1073 4543
1074 4547
1075 4551
1076 4555
1077 4559
1078 4563
1079 4567
1080 4571
1081 4575
1082 4579
1083 4583
1084 4587
1085 4591
1086 4595
1087 4599
1088 4603
1089 4607
1090 4611
1091 4615
1092 4619
1093 4623
1094 4627
1095 4631
1096 4635
1097 4639
1098 4643
1099 4647
1100 4651
1101 4655
1102 4659
1103 4663
1104 4667
1105 4671
1106 4675
1107 4679
1108 4683
1109 4686
1110 4690
1111 4694
1112 4698
1113 4702
1114 4706
1115 4710
1116 4714
1117 4718
1118 4722
1119 4726
1120 4730
1121 4734
1122 4738
1123 4742
1124 4746
1125 4750
1126 4754
1127 4758
1128 4762
1129 4766
1130 4770
1131 4774
1132 4778
1133 4782
1134 4786
1135 4790
1136 4794
1137 4798
1138 4802
1139 4806
1140 4810
1141 4814
1142 4818
1143 4822
1144 4826
1145 4830
1146 4834
1147 4838
1148 4842
1149 4846
1150 4850
1151 4854
1152 4858
1153 4862
1154 4866
1155 4870
1156 4874
1157 4878
1158 4882
1159 4886
1160 4890
1161 4894
1162 4898
1163 4902
1164 4906
1165 4910
1166 4914
1167 4918
1168 4922
1169 4926
1170 4930
1171 4934
1172 4938
1173 4942
1174 4946
1175 4950
1176 4954
1177 4958
1178 4962
1179 4966
1180 4970
1181 4974
1182 4978
1183 4982
1184 4986
1185 4990
1186 4994
1187 4998
1188 5002
1189 5006
1190 5010
1191 5014
1192 5018
1193 5022
1194 5026
1195 5030
1196 5034
1197 5038
1198 5042
1199 5046
1200 5050
1201 5054
1202 5058
1203 5062
1204 5066
1205 5070
1206 5074
1207 5078
1208 5082
1209 5086
1210 5090
1211 5094
1212 5098
1213 5102
1214 5106
1215 5110
1216 5114
1217 5118
1218 5122
1219 5126
1220 5130
1221 5134
1222 5138
1223 5142
1224 5146
1225 5150
1226 5154
1227 5158
1228 5162
1229 5166
1230 5170
1231 5174
1232 5178
1233 5182
1234 5186
1235 5190
1236 5194
1237 5198
1238 5202
1239 5206
1240 5210
1241 5214
1242 5218
1243 5222
1244 5226
1245 5230
1246 5234
1247 5238
1248 5242
1249 5246
1250 5250
1251 5254
1252 5258
1253 5262
1254 5266
1255 5270
1256 5274
1257 5278
1258 5282
1259 5286
1260 5290
1261 5294
1262 5298
1263 5302
1264 5306
1265 5310
1266 5314
1267 5318
1268 5322
1269 5326
1270 5330
1271 5334
1272 5338
1273 5342
1274 5346
1275 5350
1276 5354
1277 5358
1278 5362
1279 5366
1280 5370
1281 5374
1282 5378
1283 5382
1284 5386
1285 5390
1286 5394
1287 5398
1288 5402
1289 5406
1290 5410
1291 5414
1292 5418
1293 5422
1294 5426
1295 5430
1296 5434
1297 5438
1298 5442
1299 5446
1300 5450
1301 5454
1302 5458
1303 5462
1304 5466
1305 5470
1306 5474
1307 5478
1308 5482
1309 5486
1310 5490
1311 5494
1312 5498
1313 5502
1314 5506
1315 5510
1316 5514
1317 5518
1318 5522
1319 5526
1320 5530
1321 5534
1322 5538
1323 5542
1324 5546
1325 5550
1326 5554
1327 5558
1328 5562
1329 5566
1330 5570
1331 5574
1332 5578
1333 5582
1334 5586
1335 5590
1336 5594
1337 5598
1338 5602
1339 5606
1340 5610
1341 5614
1342 5618
1343 5622
1344 5626
1345 5630
1346 5634
1347 5638
1348 5642
1349 5646
1350 5650
1351 5654
1352 5658
1353 5662
1354 5666
1355 5670
1356 5674
1357 5678
1358 5682
1359 5686
1360 5690
1361 5694
1362 5698
1363 5702
1364 5706
1365 5710
1366 5714
1367 5718
1368 5722
1369 5726
1370 5730
1371 5734
1372 5738
1373 5742
1374 5746
1375 5750
1376 5754
1377 5758
1378 5762
1379 5766
1380 5770
1381 5774
1382 5778
1383 5782
1384 5786
1385 5790
1386 5794
1387 5798
1388 5802
1389 5806
1390 5810
1391 5814
1392 5818
1393 5822
1394 5826
1395 5830
1396 5834
1397 5838
1398 5842
1399 5846
1400 5850
1401 5854
1402 5858
1403 5862
1404 5866
1405 5870
1406 5874
1407 5878
1408 5882
1409 5886
1410 5890
1411 5894
1412 5898
1413 5902
1414 5906
1415 5910
1416 5914
1417 5918
1418 5922
1419 5926
1420 5930
1421 5934
1422 5938
1423 5942
1424 5946
1425 5950
1426 5954
1427 5958
1428 5962
1429 5966
1430 5970
1431 5974
1432 5978
1433 5982
1434 5986
1435 5990
1436 5994
1437 5998
1438 6002
1439 6006
1440 6010
1441 6014
1442 6018
1443 6022
1444 6026
1445 6030
1446 6034
1447 6038
1448 6042
1449 6046
1450 6050
1451 6054
1452 6058
1453 6062
1454 6066
1455 6070
1456 6074
1457 6078
1458 6082
1459 6086
1460 6090
1461 6094
1462 6096
1463 6100
1464 6103
1465 6104
1466 6108
1468 6111
1469 6114
1470 6116
1471 6119
1472 6120
1473 6122
1475 6123
1476 6125
1477 6127
1478 6129
1482 6131
1483 6134
1484 6138
1487 6140
1488 6142
1489 6144
1490 6145
1491 6146
1503 6147
1508 6148
1515 6149
1516 6150
1520 6151
1522 6152
1523 6153
1524 6157
1525 6158
1526 6159
1528 6160
1530 6161
1532 6163
1534 6164
1535 6165
1537 6166
1541 6167
1553 6168
1555 6169
1556 6170
1557 6171
1558 6172
1560 6173
1561 6174
1562 6176
1563 6177
1564 6178
1569 6179
1570 6180
1571 6181
1572 6183
1573 6185
1574 6187
1575 6189
1576 6190
1578 6191
1579 6193
1584 6194
1585 6195
1586 6196
1587 6197
1591 6198
1593 6199
1594 6201
1596 6202
1601 6203
1602 6204
1604 6205
1605 6207
1606 6208
1607 6209
1608 6210
1609 6211
1610 6212
1611 6214
1613 6215
1614 6216
1615 6217
1616 6220
1617 6221
1618 6223
1619 6224
1620 6226
1621 6227
1622 6229
1623 6232
1624 6235
1625 6236
1626 6239
1627 6242
1628 6244
1630 6246
1631 6247
1632 6248
1633 6249
1635 6250
1636 6251
1638 6252
1639 6253
1640 6254
1641 6255
1642 6256
1643 6257
1645 6259
1647 6260
1649 6261
1650 6262
1651 6263
1652 6264
1653 6265
1654 6269
1655 6271
1656 6272
1657 6274
1658 6277
1659 6281
1660 6285
1661 6289
1662 6293
1663 6297
1664 6301
1665 6305
1666 6309
1667 6313
1668 6317
1669 6321
1670 6325
1671 6329
1672 6333
1673 6337
1674 6341
1675 6345
1676 6349
1677 6353
1678 6357
1679 6361
1680 6365
1681 6369
1682 6373
1683 6376
1684 6380
1685 6384
1686 6388
1687 6392
1688 6396
1689 6400
1690 6404
1691 6408
1692 6412
1693 6416
1694 6420
1695 6424
1696 6428
1697 6432
1698 6436
1699 6440
1700 6444
1701 6448
1702 6452
1703 6456
1704 6460
1705 6464
1706 6468
1707 6472
1708 6476
1709 6480
1710 6484
1711 6488
1712 6492
1713 6496
1714 6500
1715 6504
1716 6508
1717 6512
1718 6516
1719 6520
1720 6524
1721 6528
1722 6532
1723 6536
1724 6540
1725 6544
1726 6548
1727 6552
1728 6556
1729 6560
1730 6564
1731 6568
1732 6572
1733 6576
1734 6580
1735 6584
1736 6588
1737 6592
1738 6596
1739 6600
1740 6604
1741 6608
1742 6612
1743 6616
1744 6620
1745 6624
1746 6628
1747 6632
1748 6636
1749 6640
1750 6644
1751 6648
1752 6652
1753 6656
1754 6660
1755 6664
1756 6668
1757 6672
1758 6676
1759 6680
1760 6684
1761 6688
1762 6692
1763 6696
1764 6700
1765 6704
1766 6708
1767 6712
1768 6716
1769 6720
1770 6724
1771 6728
1772 6732
1773 6736
1774 6740
1775 6744
1776 6748
1777 6752
1778 6756
1779 6760
1780 6764
1781 6768
1782 6772
1783 6776
1784 6780
1785 6784
1786 6788
1787 6792
1788 6796
1789 6800
1790 6804
1791 6808
1792 6812
1793 6816
1794 6820
1795 6824
1796 6828
1797 6832
1798 6836
1799 6840
1800 6844
1801 6848
1802 6852
1803 6856
1804 6860
1805 6864
1806 6868
1807 6872
1808 6876
1809 6880
1810 6884
1811 6888
1812 6892
1813 6896
1814 6900
1815 6904
1816 6908
1817 6912
1818 6916
1819 6920
1820 6924
1821 6928
1822 6932
1823 6936
1824 6940
1825 6944
1826 6948
1827 6952
1828 6956
1829 6960
1830 6964
1831 6968
1832 6972
1833 6976
1834 6980
1835 6984
1836 6988
1837 6992
1838 6996
1839 7000
1840 7004
1841 7008
1842 7012
1843 7016
1844 7020
1845 7024
1846 7028
1847 7032
1848 7036
1849 7040
1850 7044
1851 7048
1852 7051
1853 7055
1854 7059
1855 7063
1856 7067
1857 7071
1858 7075
1859 7079
1860 7083
1861 7087
1862 7091
1863 7095
1864 7099
1865 7103
1866 7107
1867 7111
1868 7115
1869 7119
1870 7123
1871 7127
1872 7131
1873 7135
1874 7139
1875 7143
1876 7147
1877 7151
1878 7155
1879 7159
1880 7163
1881 7167
1882 7171
1883 7175
1884 7179
1885 7183
1886 7187
1887 7191
1888 7195
1889 7199
1890 7203
1891 7207
1892 7211
1893 7215
1894 7219
1895 7223
1896 7226
1897 7230
1898 7234
1899 7238
1900 7242
1901 7246
1902 7250
1903 7254
1904 7258
1905 7262
1906 7266
1907 7270
1908 7274
1909 7278
1910 7282
1911 7286
1912 7290
1913 7294
1914 7298
1915 7302
1916 7306
1917 7310
1918 7314
1919 7318
1920 7322
1921 7326
1922 7330
1923 7333
1924 7337
1925 7341
1926 7344
1927 7348
1928 7352
1929 7356
1930 7359
1931 7363
1932 7367
1933 7371
1934 7375
1935 7379
1936 7383
1937 7387
1938 7391
1939 7395
1940 7399
1941 7403
1942 7407
1943 7411
1944 7414
1945 7417
1946 7420
1947 7422
1948 7426
1949 7430
1950 7434
1951 7438
1952 7442
1953 7446
1954 7450
1955 7454
1956 7458
1957 7462
1958 7466
1959 7470
1960 7474
1961 7478
1962 7482
1963 7486
1964 7490
1965 7494
1966 7498
1967 7502
1968 7506
1969 7510
1970 7514
1971 7518
1972 7522
1973 7526
1974 7530
1975 7534
1976 7538
1977 7542
1978 7546
1979 7550
1980 7554
1981 7558
1982 7562
1983 7566
1984 7570
1985 7574
1986 7578
1987 7582
1988 7586
1989 7590
1990 7594
1991 7598
1992 7602
1993 7606
1994 7610
1995 7614
1996 7618
1997 7622
1998 7626
1999 7630
2000 7634
2001 7638
2002 7642
2003 7646
2004 7650
2005 7654
2006 7658
2007 7662
2008 7666
2009 7670
2010 7674
2011 7678
2012 7682
2013 7686
2014 7690
2015 7694
2016 7698
2017 7702
2018 7706
2019 7710
2020 7714
2021 7718
2022 7722
2023 7726
2024 7730
2025 7734
2026 7738
2027 7742
2028 7746
2029 7750
2030 7754
2031 7758
2032 7762
2033 7766
2034 7770
2035 7774
2036 7778
2037 7782
2038 7786
2039 7790
2040 7794
2041 7798
2042 7802
2043 7806
2044 7810
2045 7814
2046 7818
2047 7822
2048 7826
2049 7830
2050 7834
2051 7838
2052 7842
2053 7846
2054 7850
2055 7854
2056 7858
2057 7862
2058 7866
2059 7870
2060 7874
2061 7878
2062 7882
2063 7886
2064 7890
2065 7894
2066 7898
2067 7902
2068 7906
2069 7910
2070 7914
2071 7918
2072 7922
2073 7926
2074 7930
2075 7934
2076 7938
2077 7942
2078 7946
2079 7950
2080 7954
2081 7958
2082 7962
2083 7966
