0 422
1 434
2 446
3 458
4 470
5 482
6 494
7 506
8 518
9 530
10 542
11 554
12 566
13 578
14 590
15 602
16 614
17 626
18 638
19 650
20 662
21 674
22 686
23 698
24 710
25 722
26 734
27 746
28 758
29 770
30 782
31 794
32 806
33 818
34 830
35 842
36 854
37 866
38 878
39 890
40 902
41 914
42 926
43 938
44 950
45 962
46 974
47 986
48 998
49 1010
50 1022
51 1034
52 1046
53 1058
54 1070
55 1082
56 1094
57 1106
58 1118
59 1130
60 1142
61 1154
62 1166
63 1178
64 1190
65 1202
66 1214
67 1226
68 1238
69 1250
70 1262
71 1274
72 1286
73 1298
74 1310
75 1322
76 1334
77 1346
78 1358
79 1370
80 1382
81 1394
82 1406
83 1418
84 1425
85 1435
86 1447
87 1459
88 1471
89 1483
90 1495
91 1507
92 1519
93 1531
94 1543
95 1555
96 1567
97 1579
98 1591
99 1603
100 1615
101 1627
102 1639
103 1651
104 1663
105 1675
106 1687
107 1699
108 1711
109 1723
110 1735
111 1747
112 1759
113 1771
114 1783
115 1795
116 1807
117 1819
118 1831
119 1843
120 1855
121 1867
122 1879
123 1891
124 1903
125 1915
126 1927
127 1939
128 1951
129 1963
130 1975
131 1987
132 1998
140 2007
141 2016
142 2028
143 2040
144 2051
145 2063
146 2075
147 2087
148 2099
149 2111
150 2123
151 2135
152 2147
153 2159
154 2168
155 2177
157 2183
158 2194
159 2206
160 2218
161 2229
162 2241
163 2253
164 2265
165 2277
166 2289
167 2301
168 2313
169 2324
170 2333
171 2344
172 2354
173 2362
174 2371
175 2382
176 2393
177 2405
178 2415
179 2427
180 2435
181 2440
182 2445
183 2457
184 2469
185 2481
186 2493
187 2505
188 2517
189 2529
190 2540
191 2552
192 2564
193 2576
194 2588
195 2600
196 2612
197 2624
198 2636
199 2648
200 2660
201 2669
203 2680
204 2691
205 2697
206 2706
207 2715
208 2717
210 2722
211 2726
212 2735
213 2747
214 2759
215 2770
216 2782
217 2794
218 2806
219 2818
220 2830
221 2842
222 2854
223 2866
224 2878
225 2890
226 2902
227 2914
228 2926
229 2938
230 2950
231 2962
232 2974
233 2986
234 2998
235 3010
236 3022
237 3034
238 3045
239 3057
240 3069
241 3081
242 3093
243 3105
244 3117
245 3129
246 3141
247 3151
248 3160
249 3172
250 3184
251 3196
252 3208
253 3220
254 3232
255 3244
256 3256
257 3268
258 3280
259 3292
260 3304
261 3316
263 3332
264 3336
265 3344
266 3356
267 3367
268 3377
269 3388
270 3400
271 3411
272 3423
273 3435
274 3446
275 3457
276 3468
277 3480
278 3492
279 3504
280 3516
281 3527
282 3538
283 3550
284 3562
285 3574
286 3586
287 3598
288 3610
289 3622
290 3634
291 3646
292 3658
293 3670
294 3681
295 3692
296 3703
297 3714
298 3726
299 3738
300 3750
301 3762
302 3774
303 3784
304 3796
305 3808
306 3820
307 3830
308 3842
309 3854
310 3865
311 3875
312 3887
313 3899
314 3911
315 3923
316 3935
317 3946
318 3952
319 3963
320 3975
321 3987
322 3999
323 4011
324 4023
325 4035
326 4045
327 4057
328 4069
329 4081
330 4093
331 4102
332 4108
333 4118
334 4128
335 4135
336 4145
337 4157
338 4168
339 4180
340 4192
341 4204
342 4216
343 4228
344 4240
345 4252
346 4264
347 4276
348 4288
349 4300
350 4312
351 4324
352 4336
353 4348
354 4360
355 4372
356 4384
357 4396
358 4408
359 4420
360 4432
361 4444
362 4455
363 4465
364 4476
365 4486
366 4493
367 4500
368 4511
369 4523
370 4535
371 4547
372 4559
373 4571
374 4583
375 4595
376 4607
377 4619
378 4631
379 4643
380 4655
381 4667
382 4679
383 4691
384 4703
385 4715
386 4727
387 4739
388 4751
389 4763
390 4775
391 4787
392 4799
393 4811
394 4821
395 4833
396 4845
397 4856
398 4868
399 4880
400 4892
401 4904
402 4916
403 4928
404 4940
405 4952
406 4964
407 4976
408 4988
409 5000
410 5012
411 5024
412 5036
413 5048
414 5060
415 5072
416 5084
417 5094
418 5101
419 5112
420 5124
421 5136
422 5147
423 5158
424 5170
425 5182
426 5194
427 5206
428 5218
429 5230
430 5242
431 5253
432 5264
433 5276
434 5288
435 5300
436 5312
437 5324
438 5336
439 5348
440 5360
441 5372
442 5382
443 5394
444 5405
445 5417
446 5429
447 5441
448 5450
449 5458
450 5470
451 5481
452 5493
453 5505
454 5517
455 5529
456 5540
457 5552
458 5564
459 5576
460 5588
461 5599
462 5610
463 5617
464 5626
465 5636
466 5646
467 5655
468 5667
469 5678
470 5689
471 5694
472 5700
474 5705
475 5715
476 5727
477 5739
478 5751
479 5763
480 5775
481 5787
482 5799
483 5809
484 5820
485 5832
486 5844
487 5856
488 5868
489 5880
490 5892
491 5904
492 5916
493 5928
494 5940
495 5952
496 5964
497 5976
498 5988
499 6000
500 6010
501 6021
502 6033
503 6045
504 6057
505 6068
506 6080
507 6091
508 6103
509 6114
510 6125
511 6134
512 6146
513 6158
514 6170
515 6182
516 6194
517 6205
518 6217
519 6229
520 6241
521 6251
522 6262
523 6274
524 6286
525 6298
526 6310
527 6322
528 6334
529 6346
530 6358
531 6370
532 6381
533 6393
534 6404
535 6416
536 6428
537 6440
538 6452
539 6463
540 6472
541 6483
542 6495
543 6507
544 6519
545 6531
546 6543
547 6554
548 6567
549 6579
550 6590
551 6602
552 6615
553 6626
554 6638
555 6651
556 6662
557 6674
558 6686
559 6697
560 6709
561 6721
562 6733
563 6745
564 6757
565 6769
566 6781
567 6793
568 6805
569 6817
570 6829
571 6841
572 6853
573 6865
574 6877
575 6889
576 6901
577 6913
578 6925
579 6937
580 6949
581 6961
582 6973
583 6985
584 6997
585 7009
586 7021
588 7025
589 7031
590 7038
591 7047
592 7059
593 7071
594 7083
595 7094
596 7105
597 7115
598 7124
599 7136
600 7147
601 7159
602 7171
603 7183
604 7195
605 7207
606 7219
607 7231
608 7243
609 7255
610 7265
611 7277
612 7289
613 7301
614 7312
615 7323
616 7334
617 7346
618 7358
619 7370
620 7382
621 7394
622 7406
623 7418
624 7430
625 7442
626 7454
627 7466
628 7478
629 7489
630 7501
631 7513
632 7525
633 7537
634 7549
635 7561
636 7573
637 7585
638 7595
639 7598
640 7607
641 7616
642 7628
643 7640
644 7652
645 7664
646 7676
647 7688
648 7700
649 7712
650 7724
651 7736
652 7748
653 7760
654 7772
655 7784
656 7796
657 7806
658 7817
659 7828
660 7839
661 7851
662 7863
663 7875
664 7887
665 7897
666 7907
667 7919
668 7931
669 7943
670 7955
671 7967
672 7979
673 7991
674 8003
675 8015
676 8027
677 8039
678 8051
679 8063
680 8075
681 8086
682 8097
683 8109
684 8120
685 8128
686 8139
687 8148
688 8160
689 8172
690 8184
691 8196
692 8208
693 8220
694 8232
695 8244
696 8256
697 8268
698 8280
699 8292
700 8304
701 8313
702 8325
703 8334
704 8345
705 8354
706 8363
707 8375
708 8387
709 8399
710 8411
711 8423
712 8435
713 8447
714 8459
715 8471
716 8483
717 8495
718 8507
719 8519
720 8531
721 8543
722 8555
723 8567
724 8579
725 8591
726 8603
727 8615
728 8627
729 8639
730 8651
731 8663
732 8675
733 8687
734 8699
735 8711
736 8723
737 8735
738 8747
739 8759
740 8771
741 8783
742 8795
743 8807
744 8819
745 8831
746 8843
747 8855
748 8867
749 8879
