0 194
1 198
2 202
3 206
4 210
5 214
6 218
7 222
8 226
9 230
10 234
11 238
12 242
13 246
14 250
15 254
16 258
17 262
18 266
19 270
20 274
21 278
22 282
23 286
24 290
25 294
26 298
27 302
28 306
29 310
30 314
31 318
32 322
33 326
34 330
35 334
36 338
37 342
38 346
39 350
40 354
41 358
42 362
43 366
44 370
45 374
46 378
47 382
48 386
49 390
50 394
51 398
52 402
53 406
54 410
55 414
56 418
57 422
58 426
59 430
60 434
61 438
62 442
63 446
64 450
65 454
66 458
67 462
68 466
69 470
70 474
71 478
72 482
73 486
74 490
75 494
76 498
77 502
78 506
79 510
80 514
81 518
82 522
83 526
84 530
85 534
86 538
87 542
88 545
89 549
90 552
91 555
92 559
93 563
94 567
95 571
96 575
97 579
98 583
99 587
100 591
101 595
102 599
103 602
104 606
105 610
106 614
107 618
108 622
109 626
110 630
111 634
112 638
113 642
114 646
115 650
116 654
117 658
118 662
119 666
120 670
121 673
122 676
123 679
124 682
125 684
126 687
127 691
128 695
129 699
130 703
131 707
132 711
133 715
134 718
135 720
136 721
137 722
138 723
139 724
140 725
141 726
142 728
143 729
144 732
145 735
146 738
147 741
148 744
149 747
150 750
151 753
152 756
153 760
154 764
155 768
156 772
157 776
158 780
159 784
160 788
161 792
162 796
163 800
164 804
165 808
166 812
167 816
168 820
169 824
170 828
171 832
172 836
173 840
174 844
175 848
176 852
177 856
178 859
179 862
180 865
181 868
182 871
183 875
184 879
185 883
186 887
187 891
188 895
189 899
190 903
191 907
192 911
193 915
194 919
195 923
196 927
197 931
198 935
199 939
200 943
201 946
202 950
203 953
204 957
205 959
206 961
207 964
208 968
209 972
210 973
211 976
212 977
213 979
214 982
215 985
216 988
217 992
218 996
219 999
220 1002
221 1006
222 1010
223 1014
224 1018
225 1020
226 1022
227 1023
228 1024
229 1027
230 1031
231 1035
232 1039
233 1043
234 1047
235 1051
236 1055
237 1059
238 1063
239 1067
240 1071
241 1075
242 1079
243 1083
244 1087
245 1091
246 1095
247 1099
248 1103
249 1107
250 1111
251 1115
252 1119
253 1122
254 1126
255 1129
256 1133
257 1137
258 1141
259 1145
260 1149
261 1153
262 1157
263 1161
264 1165
265 1169
266 1173
267 1177
268 1181
269 1185
270 1189
271 1193
272 1197
273 1201
274 1205
275 1209
276 1213
277 1217
278 1221
279 1225
280 1229
281 1233
282 1237
283 1241
284 1245
285 1249
286 1253
287 1257
288 1261
289 1265
290 1269
291 1273
292 1277
293 1281
294 1285
295 1289
296 1293
297 1297
298 1301
299 1305
300 1309
301 1313
302 1317
303 1321
304 1325
305 1329
306 1333
307 1337
308 1341
309 1345
310 1349
311 1353
312 1357
313 1361
314 1365
315 1369
316 1373
317 1377
318 1381
319 1385
320 1389
321 1393
322 1397
323 1401
324 1405
325 1409
326 1413
327 1417
328 1421
329 1425
330 1429
331 1433
332 1437
333 1441
334 1445
335 1449
336 1453
337 1457
338 1461
339 1465
340 1469
341 1473
342 1477
343 1481
344 1485
345 1489
346 1493
347 1497
348 1501
349 1505
350 1509
351 1513
352 1517
353 1521
354 1525
355 1529
356 1533
357 1537
358 1541
359 1545
360 1549
361 1553
362 1557
363 1561
364 1565
365 1569
366 1573
367 1577
368 1581
369 1585
370 1589
371 1593
372 1597
373 1601
374 1605
375 1609
376 1613
377 1617
378 1621
379 1625
380 1629
381 1633
382 1637
383 1641
384 1645
385 1649
386 1653
387 1657
388 1661
389 1665
390 1669
391 1673
392 1677
393 1681
394 1685
395 1689
396 1693
397 1697
398 1701
399 1705
400 1709
401 1713
402 1717
403 1721
404 1725
405 1729
406 1733
407 1737
408 1741
409 1745
410 1749
411 1753
412 1757
413 1761
414 1765
415 1769
416 1773
417 1777
418 1781
419 1785
420 1789
421 1793
422 1797
423 1801
424 1805
425 1809
426 1813
427 1817
428 1821
429 1825
430 1829
431 1833
432 1837
433 1841
434 1845
435 1849
436 1853
437 1857
438 1861
439 1865
440 1869
441 1873
442 1876
443 1880
444 1884
445 1888
446 1892
447 1896
448 1900
449 1904
450 1907
451 1911
452 1915
453 1918
454 1921
455 1925
456 1929
457 1933
458 1937
459 1941
460 1945
461 1949
462 1953
463 1957
464 1961
465 1965
466 1969
467 1973
468 1977
469 1981
470 1985
471 1989
472 1993
473 1997
474 2001
475 2005
476 2009
477 2013
478 2017
479 2021
480 2025
481 2029
486 2030
487 2034
488 2038
489 2041
490 2045
491 2049
492 2053
493 2057
494 2061
495 2065
496 2069
497 2073
498 2077
499 2081
500 2085
501 2089
502 2093
503 2097
504 2101
505 2105
506 2109
507 2113
508 2117
509 2121
510 2125
511 2129
512 2133
513 2137
514 2141
515 2145
516 2149
517 2153
518 2157
519 2161
520 2165
521 2169
522 2172
523 2174
526 2175
527 2178
528 2182
529 2186
530 2190
531 2194
532 2197
533 2200
534 2204
535 2208
536 2212
537 2216
538 2217
539 2220
540 2222
541 2224
542 2226
543 2228
544 2230
545 2232
546 2235
547 2237
548 2240
549 2243
550 2246
551 2250
552 2254
553 2257
554 2260
555 2263
556 2266
557 2269
558 2272
559 2274
560 2277
561 2280
563 2282
564 2286
565 2289
566 2293
567 2297
568 2301
569 2303
570 2307
571 2311
572 2314
573 2316
574 2319
575 2322
576 2326
577 2327
578 2330
579 2332
580 2333
581 2336
582 2338
583 2340
584 2343
585 2346
587 2347
588 2349
589 2351
590 2354
591 2358
592 2360
593 2361
595 2363
596 2364
597 2367
598 2368
599 2371
600 2375
601 2379
602 2383
603 2384
604 2388
605 2390
606 2394
607 2397
608 2400
609 2402
610 2403
611 2405
612 2407
613 2410
614 2414
615 2415
616 2419
618 2423
619 2426
620 2430
621 2434
622 2438
623 2442
624 2446
625 2450
626 2454
627 2458
628 2462
629 2466
630 2470
631 2473
632 2476
633 2480
634 2484
635 2488
636 2492
637 2495
638 2499
639 2503
640 2507
641 2511
642 2515
643 2519
644 2523
645 2527
646 2531
647 2535
648 2539
649 2543
650 2547
651 2551
652 2555
653 2559
654 2563
655 2567
656 2571
657 2575
658 2579
659 2583
660 2587
661 2591
662 2594
663 2596
664 2599
665 2601
666 2604
667 2607
668 2611
669 2615
670 2619
671 2622
672 2626
673 2629
674 2632
675 2636
676 2640
677 2643
678 2646
679 2649
680 2652
681 2655
682 2657
683 2660
684 2664
685 2667
686 2672
687 2676
688 2680
689 2684
690 2688
691 2692
692 2695
693 2699
694 2703
695 2707
696 2712
697 2716
698 2720
699 2724
700 2727
701 2731
702 2734
703 2737
704 2738
710 2739
711 2742
712 2745
713 2748
714 2752
715 2755
716 2759
717 2764
718 2767
719 2770
720 2774
721 2778
722 2782
723 2786
724 2790
725 2794
726 2798
727 2802
728 2806
729 2810
730 2814
731 2818
732 2822
733 2825
735 2828
736 2831
737 2833
738 2836
739 2840
740 2843
741 2847
742 2851
743 2855
744 2858
745 2862
746 2866
747 2870
748 2872
749 2875
750 2879
751 2883
752 2887
753 2891
754 2895
755 2899
756 2901
757 2903
758 2906
759 2909
760 2913
761 2917
762 2921
763 2925
764 2929
765 2932
766 2936
767 2940
768 2944
769 2948
770 2952
771 2956
772 2958
773 2961
774 2965
775 2967
776 2970
777 2974
778 2977
779 2980
780 2984
781 2986
782 2990
783 2993
784 2996
785 2999
786 3001
787 3004
788 3006
789 3007
790 3008
791 3011
792 3015
793 3019
794 3023
795 3027
796 3031
797 3035
798 3039
799 3042
800 3044
801 3047
802 3049
803 3052
804 3054
805 3057
806 3059
807 3060
808 3061
815 3062
816 3064
817 3065
818 3067
819 3069
820 3071
821 3075
822 3078
823 3081
824 3084
825 3087
826 3091
827 3094
828 3097
829 3100
830 3103
831 3106
832 3108
833 3111
834 3113
835 3115
836 3118
838 3119
839 3120
840 3121
841 3122
842 3126
843 3128
844 3129
845 3131
846 3135
847 3139
853 3141
854 3142
855 3146
856 3149
857 3153
858 3157
859 3161
860 3164
861 3168
862 3172
863 3176
864 3180
865 3184
866 3188
867 3192
868 3196
869 3200
870 3204
871 3208
872 3212
873 3216
874 3220
875 3224
876 3228
877 3232
878 3236
879 3240
880 3244
881 3248
882 3252
883 3256
884 3260
885 3264
886 3268
887 3272
888 3276
889 3280
890 3284
891 3288
892 3292
893 3296
894 3300
895 3304
896 3308
897 3312
898 3316
899 3320
900 3324
901 3328
902 3332
903 3336
904 3340
905 3344
906 3348
907 3352
908 3356
909 3360
910 3364
911 3368
912 3372
913 3376
914 3380
915 3384
916 3388
917 3392
918 3396
919 3400
920 3404
921 3408
922 3410
923 3413
924 3416
925 3419
926 3422
927 3426
928 3430
929 3433
930 3437
931 3441
932 3445
933 3449
934 3453
935 3457
936 3461
937 3465
938 3469
939 3473
940 3477
941 3481
942 3485
943 3489
944 3493
945 3497
946 3500
947 3504
948 3508
949 3512
950 3516
951 3520
952 3524
953 3528
954 3531
955 3535
956 3539
957 3542
958 3546
959 3550
960 3554
961 3558
962 3562
963 3566
964 3570
965 3574
966 3578
967 3582
968 3586
969 3590
970 3594
971 3598
972 3602
973 3606
974 3610
975 3614
976 3618
977 3622
978 3626
979 3630
980 3634
981 3638
982 3642
983 3646
984 3650
985 3654
986 3658
987 3662
988 3665
989 3668
990 3670
991 3673
992 3676
993 3679
994 3682
995 3684
996 3688
997 3690
998 3692
999 3694
1000 3697
1001 3700
1002 3703
1003 3707
1004 3711
1005 3714
1006 3716
1007 3719
1008 3722
1009 3725
1010 3729
1011 3732
1012 3734
1013 3737
1014 3741
1015 3742
1016 3743
1018 3744
1019 3748
1020 3751
1021 3755
1022 3759
1023 3763
1024 3766
1025 3768
1026 3770
1027 3771
1028 3772
1029 3773
1030 3775
1031 3777
1032 3779
1033 3780
1034 3784
1035 3785
1036 3787
1037 3790
1038 3792
1039 3794
1040 3797
1041 3800
1042 3803
1043 3807
1044 3811
1045 3815
1046 3819
1047 3822
1048 3826
1049 3830
1050 3834
1051 3838
1052 3842
1053 3846
1054 3850
1055 3854
1056 3858
1057 3862
1058 3866
1059 3870
1060 3874
1061 3878
1062 3882
1063 3886
1064 3890
1065 3894
1066 3898
1067 3902
1068 3906
1069 3910
1070 3914
1071 3918
1072 3921
1073 3924
1074 3928
1075 3931
1076 3935
1077 3939
1078 3943
1079 3947
1080 3951
1081 3954
1082 3958
1083 3962
1084 3966
1085 3970
1086 3974
1087 3978
1088 3982
1089 3986
1090 3989
1091 3991
1092 3994
1093 3998
1094 4002
1095 4006
1096 4009
1097 4013
1098 4017
1099 4021
1100 4025
1101 4029
1102 4033
1103 4037
1104 4041
1105 4043
1106 4047
1107 4051
1108 4054
1109 4057
1110 4061
1111 4063
1112 4067
1113 4071
1114 4074
1115 4078
1116 4082
1117 4086
1118 4090
1119 4094
1120 4098
1121 4102
1122 4105
1123 4107
1124 4111
1125 4115
1126 4119
1127 4123
1128 4126
1129 4129
1130 4133
1131 4136
1132 4140
1133 4144
1134 4148
1135 4152
1136 4156
1137 4158
1138 4160
1139 4163
1140 4167
1141 4171
1142 4175
1144 4177
1145 4179
1146 4181
1147 4185
1148 4188
1149 4191
1150 4194
1151 4198
1152 4202
1153 4206
1154 4209
1155 4212
1156 4215
1157 4219
1158 4223
1159 4226
1160 4230
1161 4234
1162 4238
1163 4242
1164 4246
1165 4250
1166 4254
1167 4258
1168 4260
1181 4261
1183 4262
1184 4263
1187 4265
1188 4269
1189 4273
1190 4277
1191 4281
1192 4285
1193 4289
1194 4293
1195 4297
1196 4301
1197 4305
1198 4309
1199 4313
1200 4317
1201 4320
1202 4323
1203 4324
1211 4325
1212 4328
1213 4331
1214 4334
1215 4337
1216 4339
1217 4342
1218 4344
1219 4347
1220 4350
1221 4351
1222 4352
1223 4354
1224 4358
1225 4362
1226 4366
1227 4370
1228 4373
1229 4375
1230 4378
1231 4382
1232 4386
1233 4389
1234 4392
1235 4395
1236 4398
1237 4401
1238 4404
1239 4407
1240 4410
1241 4413
1242 4417
1243 4420
1244 4423
1245 4427
1246 4431
1247 4435
1248 4439
1249 4443
1250 4446
1251 4450
1252 4453
1253 4456
1254 4457
1255 4458
1256 4461
1257 4463
1258 4466
1259 4470
1260 4474
1261 4478
1262 4482
1263 4486
1264 4490
1265 4494
1266 4497
1267 4501
1268 4505
1269 4509
1270 4513
1271 4517
1272 4521
1273 4524
1274 4528
1275 4532
1276 4535
1277 4539
1278 4543
1279 4547
1280 4550
1281 4553
1282 4557
1283 4561
1284 4565
1285 4568
1286 4572
1287 4576
1288 4580
1289 4584
1290 4588
1291 4592
1292 4596
1293 4600
1294 4601
1295 4603
1296 4605
1297 4608
1298 4611
1299 4615
1300 4619
1301 4622
1302 4626
1303 4629
1304 4633
1305 4637
1306 4641
1307 4645
1308 4649
1309 4653
1310 4657
1311 4661
1312 4665
1313 4669
1314 4673
1315 4677
1316 4681
1317 4685
1318 4689
1319 4693
1320 4697
1321 4701
1322 4705
1323 4709
1324 4713
1325 4717
1326 4721
1327 4725
1328 4729
1329 4733
1330 4737
1331 4741
1332 4745
1333 4748
1334 4752
1335 4756
1336 4760
1337 4764
1338 4768
1339 4772
1340 4776
1341 4780
1342 4784
1343 4788
1344 4792
1345 4796
1346 4800
1347 4804
1348 4808
1349 4812
1350 4816
1351 4820
1352 4824
1353 4828
1354 4832
1355 4836
1356 4840
1357 4844
1358 4848
1359 4852
1360 4855
1361 4859
1362 4862
1363 4865
1364 4869
1365 4873
1366 4877
1367 4881
1368 4885
1369 4889
1370 4893
1371 4897
1372 4901
1373 4905
1374 4909
1375 4913
1376 4917
1377 4921
1378 4925
1379 4929
1380 4933
1381 4937
1382 4941
1383 4945
1384 4949
1385 4953
1386 4957
1387 4961
1388 4965
1389 4969
1390 4973
1391 4977
1392 4981
1393 4985
1394 4989
1395 4993
1396 4997
1397 5001
1398 5005
1399 5009
1400 5013
1401 5017
1402 5021
1403 5025
1404 5029
1405 5033
1406 5037
1407 5041
1408 5042
1410 5043
1411 5045
1412 5048
1413 5052
1414 5056
1415 5060
1416 5064
1417 5068
1418 5071
1419 5075
1420 5079
1421 5082
1422 5086
1423 5090
1424 5093
1425 5096
1426 5100
1427 5104
1428 5108
1429 5112
1430 5116
1431 5120
1432 5124
1433 5128
1434 5132
1435 5136
1436 5140
1437 5144
1438 5148
1439 5152
1440 5156
1441 5160
1442 5163
1443 5167
1444 5171
1445 5175
1446 5179
1447 5183
1448 5187
1449 5191
1450 5195
1451 5199
1452 5203
1453 5207
1454 5211
1455 5215
1456 5219
1457 5223
1458 5227
1459 5231
1460 5235
1461 5239
1462 5243
1463 5247
1464 5251
1465 5255
1466 5259
1467 5263
1468 5267
1469 5271
1470 5275
1471 5279
1472 5283
1473 5287
1474 5291
1475 5295
1476 5299
1477 5303
1478 5307
1479 5311
1480 5315
1481 5319
1482 5323
1483 5327
1484 5331
1485 5335
1486 5339
1487 5343
1488 5347
1489 5351
1490 5355
1491 5359
1492 5363
1493 5367
1494 5371
1495 5375
1496 5379
1497 5383
1498 5387
1499 5391
1500 5395
1501 5399
1502 5403
1503 5406
1504 5410
1505 5414
1506 5418
1507 5422
1508 5426
1509 5430
1510 5434
1511 5438
1512 5442
1513 5446
1514 5450
1515 5454
1516 5458
1517 5462
1518 5466
1519 5470
1520 5474
1521 5478
1522 5482
1523 5486
1524 5489
1525 5493
1526 5496
1527 5498
1528 5501
1530 5503
1531 5505
1532 5509
1533 5512
1534 5515
1535 5518
1536 5521
1537 5524
1538 5527
1539 5530
1540 5533
1541 5536
1542 5539
1543 5542
1544 5545
1545 5548
1546 5551
1547 5554
1548 5557
1549 5560
1550 5564
1551 5566
1552 5569
1553 5572
1554 5575
1555 5579
1556 5583
1557 5586
1558 5590
1559 5593
1560 5596
1561 5598
1562 5601
1563 5604
1564 5606
1565 5610
1566 5613
1567 5616
1568 5618
1569 5620
1570 5622
1571 5623
1572 5624
1573 5626
1574 5627
1575 5629
1576 5632
1577 5636
1578 5639
1579 5641
1580 5644
1581 5648
1582 5652
1583 5655
1584 5658
1585 5662
1586 5666
1587 5670
1588 5674
1589 5678
1590 5682
1591 5686
1592 5688
1593 5691
1594 5695
1595 5699
1596 5703
1597 5705
1598 5709
1599 5712
1600 5714
1601 5718
1602 5720
1603 5723
1604 5727
1605 5729
1606 5732
1607 5735
1608 5737
1609 5738
1610 5740
1611 5742
1612 5745
1613 5747
1614 5748
1615 5751
1616 5752
1617 5753
1618 5755
1619 5757
1620 5761
1621 5763
1622 5765
1623 5766
1624 5768
1625 5772
1626 5773
1627 5775
1628 5777
1629 5780
1630 5782
1631 5785
1632 5788
1633 5790
1634 5792
1635 5795
1636 5797
1637 5801
1638 5804
1639 5808
1640 5811
1641 5815
1642 5817
1643 5820
1644 5821
1645 5824
1646 5826
1647 5830
1648 5834
1649 5838
1650 5842
1651 5845
1652 5848
1653 5852
1654 5855
1655 5858
1656 5862
1657 5866
1658 5870
1659 5874
1660 5878
1661 5882
1662 5886
1663 5890
1664 5894
1665 5898
1666 5902
1667 5906
1668 5910
1669 5914
1670 5918
1671 5922
1672 5926
1673 5930
1674 5934
1675 5938
1676 5942
1677 5946
1678 5950
1679 5954
1680 5958
1681 5962
1682 5966
1683 5970
1684 5974
1685 5978
1686 5981
1687 5984
1688 5986
1689 5990
1690 5992
1691 5994
1692 5997
1693 6001
1694 6005
1695 6009
1696 6013
1697 6017
1698 6021
1699 6025
1700 6029
1701 6033
1702 6036
1703 6040
1704 6044
1705 6047
1706 6048
1707 6052
1708 6056
1709 6059
1710 6063
1711 6067
1712 6071
1713 6075
1714 6079
1715 6083
1716 6087
1717 6091
1718 6095
1719 6099
1720 6103
1721 6107
1722 6111
1723 6115
1724 6119
1725 6122
1726 6126
1727 6130
1728 6134
1729 6138
1730 6142
1731 6146
1732 6149
1733 6153
1734 6156
1735 6160
1736 6164
1737 6168
1738 6172
1739 6176
1740 6180
1741 6183
1742 6187
1743 6191
1744 6195
1745 6199
1746 6203
1747 6207
1748 6211
1749 6215
1750 6219
1751 6223
1752 6227
1753 6231
1754 6235
1755 6239
1756 6243
1757 6247
1758 6251
1759 6255
1760 6259
1761 6263
1762 6267
1763 6271
1764 6275
1765 6279
1766 6283
1767 6287
1768 6291
1769 6294
1770 6298
1771 6300
1772 6301
1775 6302
1776 6304
1778 6305
1779 6307
1781 6308
1782 6311
1783 6312
1784 6314
1785 6317
1786 6319
1787 6321
1788 6322
1789 6326
1790 6329
1791 6331
1792 6334
1793 6337
1794 6341
1795 6344
1796 6348
1797 6349
1798 6352
1799 6354
1800 6356
1801 6358
1802 6359
1803 6361
1804 6363
1805 6364
1806 6365
1807 6367
1808 6371
1809 6375
1810 6379
1811 6383
1812 6387
1813 6390
1814 6393
1815 6397
1816 6401
1817 6405
1818 6409
1819 6413
1820 6417
1821 6421
1822 6425
1823 6429
1824 6433
1825 6437
1826 6441
1827 6445
1828 6449
1829 6452
1830 6455
1831 6459
1832 6463
1833 6467
1834 6471
1835 6475
1836 6478
1837 6480
1838 6484
1839 6487
1840 6489
1841 6493
1842 6497
1843 6500
1844 6503
1845 6504
1846 6506
1847 6510
1848 6514
1849 6518
1850 6522
1851 6526
1852 6530
1853 6534
1854 6538
1855 6542
1856 6546
1857 6550
1858 6554
1859 6558
1860 6562
1861 6566
1862 6570
1863 6574
1864 6578
1865 6582
1866 6586
1867 6590
1868 6594
1869 6598
1870 6601
1871 6605
1872 6609
1873 6613
1874 6617
1875 6621
1876 6625
1877 6628
1878 6631
1879 6635
1880 6639
1881 6643
1882 6647
1883 6651
1884 6655
1885 6659
1886 6663
1887 6667
1888 6671
1889 6675
1890 6679
1891 6683
1892 6687
1893 6691
1894 6695
1895 6699
1896 6702
1897 6706
1898 6710
1899 6714
1900 6718
1901 6722
1902 6726
1903 6730
1904 6733
1905 6737
1906 6741
1907 6745
1908 6749
1909 6753
1910 6757
1911 6761
1912 6765
1913 6769
1914 6773
1915 6777
1916 6781
1917 6785
1918 6789
1919 6793
1920 6797
1921 6801
1922 6805
1923 6809
1924 6812
1925 6815
1926 6818
1927 6822
1928 6825
1929 6829
1930 6833
1931 6837
1932 6841
1933 6845
1934 6849
1935 6853
1936 6857
1937 6861
1938 6865
1939 6869
1940 6873
1941 6877
1942 6881
1943 6885
1944 6889
1945 6893
1946 6897
1947 6901
1948 6905
1949 6909
1950 6913
1951 6917
1952 6921
1953 6925
1954 6929
1955 6933
1956 6937
1957 6941
1958 6945
1959 6949
1960 6953
1961 6957
1962 6961
1963 6965
1964 6969
1965 6973
1966 6977
1967 6981
1968 6985
1969 6989
1970 6993
1971 6997
1972 7001
1973 7005
1974 7009
1975 7013
1976 7017
1977 7021
1978 7025
1979 7029
1980 7033
1981 7037
1982 7041
1983 7045
1984 7049
1985 7053
1986 7057
1987 7061
1988 7065
1989 7069
1990 7073
1991 7077
1992 7081
1993 7085
1994 7089
1995 7093
1996 7097
1997 7101
1998 7104
1999 7108
2000 7112
2001 7116
2002 7120
2003 7124
2004 7128
2005 7132
2006 7136
2007 7140
2008 7144
2009 7148
2010 7152
2011 7154
2012 7156
2013 7158
2014 7159
2016 7161
2017 7162
2018 7165
2019 7166
2020 7167
2021 7170
2022 7174
2023 7178
2024 7182
2025 7184
2026 7187
2027 7191
2028 7195
2029 7199
2030 7202
2031 7206
2032 7209
2033 7212
2034 7216
2035 7220
2036 7224
2037 7228
2038 7231
2039 7235
2040 7239
2041 7243
2042 7247
2043 7251
2044 7255
2045 7259
2046 7263
2047 7267
2048 7271
2049 7274
2050 7275
2051 7278
2052 7282
2053 7286
2054 7290
2055 7293
2057 7295
2059 7296
2060 7298
2061 7300
2062 7303
2063 7307
2064 7311
2065 7315
2066 7319
2067 7323
2068 7327
2069 7331
2070 7335
2071 7339
2072 7343
2073 7347
2074 7351
2075 7355
2076 7359
2077 7363
2078 7367
2079 7371
2080 7375
2081 7379
2082 7383
2083 7387
2084 7391
2085 7395
2086 7399
2087 7403
2088 7407
2089 7411
2090 7415
2091 7419
2092 7423
2093 7427
2094 7431
2095 7435
2096 7439
2097 7443
2098 7447
2099 7451
2100 7455
2101 7459
2102 7463
2103 7467
2104 7471
2105 7472
2106 7475
2107 7479
2108 7483
2109 7487
2110 7491
2111 7495
2112 7499
2113 7503
2114 7507
2115 7510
2116 7514
2117 7518
2118 7522
2119 7526
2120 7530
2121 7534
2122 7538
2123 7541
2124 7545
2125 7549
2126 7552
2127 7556
2128 7560
2129 7564
2130 7568
2131 7572
2132 7576
2133 7580
2134 7584
2135 7588
2136 7592
2137 7596
2138 7600
2139 7604
2140 7608
2141 7612
2142 7616
2143 7620
2144 7624
2145 7628
2146 7632
2147 7636
2148 7640
2149 7644
2150 7648
2151 7652
2152 7656
2153 7660
2154 7664
2155 7668
2156 7672
2157 7676
2158 7680
2159 7684
2160 7688
2161 7692
2162 7696
2163 7700
2164 7704
2165 7708
2166 7712
2167 7716
2168 7720
2169 7724
2170 7727
2171 7730
2172 7734
2173 7738
2174 7741
2175 7745
2176 7749
2177 7753
2178 7757
2179 7761
2180 7765
2181 7769
2182 7773
2183 7777
2184 7781
2185 7785
2186 7789
2187 7792
2188 7795
2189 7798
2190 7800
2191 7802
2192 7805
2193 7809
2194 7813
2195 7817
2196 7821
2197 7825
2198 7829
2199 7833
2200 7837
2201 7841
2202 7844
2203 7848
2204 7851
2205 7855
2206 7859
2207 7863
2208 7867
2209 7871
2210 7875
2211 7879
2212 7883
2213 7887
2214 7891
2215 7895
2216 7899
2217 7903
2218 7907
2219 7911
2220 7915
2221 7919
2222 7923
2223 7927
2224 7931
2225 7935
2226 7939
2227 7943
2228 7947
2229 7951
2230 7955
2231 7959
2232 7963
2233 7967
2234 7971
2235 7975
2236 7979
2237 7983
2238 7987
2239 7991
2240 7995
2241 7999
2242 8003
2243 8007
2244 8011
2245 8015
2246 8019
2247 8023
2248 8027
2249 8031
2250 8035
2251 8039
2252 8043
2253 8047
2254 8051
2255 8055
2256 8059
2257 8063
2258 8067
2259 8071
2260 8075
2261 8079
2262 8083
2263 8087
2264 8091
2265 8095
2266 8099
2267 8103
2268 8107
2269 8111
2270 8115
2271 8119
2272 8123
2273 8127
2274 8131
2275 8135
2276 8138
2277 8142
2278 8146
2279 8149
2280 8153
2281 8157
2282 8161
2283 8165
2284 8169
2285 8173
2286 8177
2287 8181
2288 8185
2289 8189
2290 8193
2291 8197
2292 8201
2293 8205
2294 8209
2295 8213
2296 8217
2297 8221
2298 8225
2299 8229
2300 8233
2301 8237
2302 8241
2303 8245
2304 8249
2305 8253
2306 8257
2307 8261
2308 8265
2309 8269
2310 8273
2311 8277
2312 8281
2313 8285
2314 8288
2315 8291
2316 8295
2317 8299
2318 8303
2319 8307
2320 8311
2321 8315
2322 8319
2323 8323
2324 8327
2325 8331
2326 8335
2327 8339
2328 8343
2329 8347
2330 8351
2331 8355
2332 8359
2333 8363
2334 8367
2335 8371
2336 8375
2337 8377
2338 8379
2339 8381
2340 8384
2341 8386
2344 8387
2345 8388
2346 8390
2347 8392
2348 8396
2349 8400
2350 8403
2351 8405
2353 8406
2354 8407
2358 8408
2359 8411
2360 8415
2361 8419
2362 8423
2363 8427
2364 8431
2365 8435
2366 8439
2367 8443
2368 8447
2369 8451
2370 8455
2371 8459
2372 8463
2373 8467
2374 8471
2375 8475
2376 8479
2377 8483
2378 8486
2379 8490
2380 8494
2381 8498
2382 8502
2383 8506
2384 8510
2385 8514
2386 8517
2387 8521
2388 8525
2389 8529
2390 8533
2391 8537
2392 8541
2393 8545
2394 8549
2395 8552
2396 8556
2397 8560
2398 8564
2399 8568
2400 8572
2401 8576
2402 8580
2403 8584
2404 8588
2405 8592
2406 8596
2407 8600
2408 8604
2409 8608
2410 8612
2411 8616
2412 8620
2413 8624
2414 8628
2415 8632
2416 8636
2417 8639
2418 8642
2419 8646
2420 8650
2421 8654
2422 8658
2423 8662
2424 8666
2425 8670
2426 8674
2427 8678
2428 8682
2429 8685
2430 8689
2431 8692
2432 8695
2433 8698
2434 8700
2435 8704
2436 8708
2437 8712
2438 8716
2439 8719
2440 8723
2441 8727
2442 8731
2443 8735
2444 8739
2445 8743
2446 8747
2447 8751
2448 8755
2449 8759
2450 8763
2451 8767
2452 8771
2453 8775
2454 8779
2455 8783
2456 8787
2457 8791
2458 8794
2459 8798
2460 8802
2461 8805
2462 8808
2463 8812
2464 8816
2465 8820
2466 8824
2467 8828
2468 8832
2469 8836
2470 8840
2471 8844
2472 8848
2473 8852
2474 8855
2475 8858
2476 8862
2477 8866
2478 8870
2479 8874
2480 8878
2481 8882
2482 8886
2483 8890
2484 8894
2485 8898
2486 8902
2487 8905
2488 8909
2489 8913
2490 8916
2491 8919
2492 8923
2493 8926
2494 8928
2495 8931
2496 8934
2497 8937
2498 8941
2499 8945
2500 8949
2501 8952
2502 8956
2503 8960
2504 8964
2505 8967
2506 8971
2507 8974
2508 8978
2509 8982
2510 8986
2511 8990
2512 8994
2513 8998
2514 9002
2515 9005
2516 9008
2517 9012
2518 9016
2519 9020
2520 9024
2521 9027
2522 9031
2523 9035
2524 9039
2525 9043
2526 9047
2527 9050
2528 9054
2529 9058
2530 9061
2531 9065
2532 9068
2533 9071
2534 9074
2535 9078
2536 9081
2537 9084
2538 9088
2539 9092
2540 9096
2541 9100
2542 9104
2543 9108
2544 9112
2545 9116
2546 9120
2547 9124
2548 9128
2549 9132
2550 9136
2551 9140
2552 9144
2553 9148
2554 9152
2555 9156
2556 9160
2557 9164
2558 9168
2559 9172
2560 9176
2561 9180
2562 9184
2563 9188
2564 9192
2565 9196
2566 9200
2567 9203
2568 9207
2569 9211
2570 9215
2571 9218
2572 9222
2573 9226
2574 9230
2575 9234
2576 9238
2577 9242
2578 9246
2579 9249
2580 9253
2581 9257
2582 9261
2583 9264
2584 9268
2585 9271
2586 9275
2587 9279
2588 9283
2589 9286
2590 9290
2591 9294
2592 9298
2593 9302
2594 9305
2595 9309
2596 9313
2597 9315
2598 9318
2599 9322
2600 9326
2601 9330
2602 9333
2603 9337
2604 9341
2605 9345
2606 9349
2607 9353
2608 9357
2609 9361
2610 9365
2611 9369
2612 9373
2613 9377
2614 9381
2615 9385
2616 9389
2617 9393
2618 9397
2619 9401
2620 9405
2621 9409
2622 9413
2623 9417
2624 9420
2625 9423
2626 9427
2627 9431
2628 9435
2629 9439
2630 9443
2631 9446
2632 9450
2633 9454
2634 9458
2635 9462
2636 9466
2637 9470
2638 9474
2639 9478
2640 9482
2641 9486
2642 9490
2643 9494
2644 9498
2645 9502
2646 9506
2647 9510
2648 9514
2649 9518
2650 9522
2651 9526
2652 9530
2653 9534
2654 9538
2655 9542
2656 9546
2657 9550
2658 9554
2659 9558
2660 9562
2661 9566
2662 9570
2663 9574
2664 9578
2665 9582
2666 9586
2667 9590
2668 9594
2669 9598
2670 9602
2671 9606
2672 9610
2673 9614
2674 9618
2675 9622
2676 9626
2677 9630
2678 9634
2679 9638
2680 9642
2681 9646
2682 9650
2683 9654
2684 9658
2685 9662
2686 9666
2687 9670
2688 9674
2689 9678
2690 9682
2691 9686
2692 9690
2693 9694
2694 9698
2695 9702
2696 9706
2697 9710
2698 9714
2699 9718
2700 9722
2701 9726
2702 9730
2703 9734
2704 9738
2705 9742
2706 9746
2707 9750
2708 9754
2709 9758
2710 9762
2711 9766
2712 9770
2713 9774
2714 9778
2715 9782
2716 9786
2717 9790
2718 9792
2719 9794
2720 9797
2721 9801
2722 9805
2723 9809
2724 9813
2725 9817
2726 9821
2727 9825
2728 9828
2729 9832
2730 9836
2731 9840
2732 9844
2733 9848
2734 9852
2735 9856
2736 9860
2737 9864
2738 9868
2739 9872
2740 9876
2741 9880
2742 9883
2743 9887
2744 9889
2745 9891
2746 9893
2747 9894
2748 9897
2749 9900
2750 9904
2751 9908
2752 9912
2753 9916
2754 9920
2755 9924
2756 9928
2757 9931
2758 9935
2759 9938
2760 9941
2761 9944
2762 9947
2763 9950
2764 9953
2765 9957
2766 9961
2767 9964
2768 9967
2769 9971
2770 9975
2771 9979
2772 9983
2773 9987
2774 9991
2775 9995
2776 9999
2777 10003
2778 10006
2779 10010
2780 10014
2781 10018
2782 10022
2783 10026
2784 10030
2785 10034
2786 10038
2787 10042
2788 10046
2789 10050
2790 10054
2791 10058
2792 10062
2793 10066
2794 10070
2795 10073
2796 10077
2797 10081
2798 10085
2799 10089
2800 10093
2801 10097
2802 10100
2803 10101
2804 10104
2805 10106
2806 10108
2807 10111
2808 10112
2809 10113
2810 10115
2811 10116
2812 10118
2813 10121
2814 10125
2815 10128
2816 10131
2817 10135
2818 10138
2819 10140
2820 10143
2821 10145
2822 10149
2823 10152
2824 10153
2825 10156
2826 10158
2827 10161
2828 10163
2829 10166
2830 10168
2831 10169
2832 10171
2833 10173
2844 10174
2852 10175
2854 10176
2855 10177
2856 10179
2858 10180
2860 10181
2861 10183
2868 10184
2869 10185
2871 10186
2872 10189
2873 10193
2874 10197
2875 10201
2876 10205
2877 10209
2878 10213
2879 10217
2880 10221
2881 10225
2882 10229
2883 10233
2884 10237
2885 10241
2886 10245
2887 10249
2888 10253
2889 10257
2890 10261
2891 10264
2892 10268
2893 10272
2894 10274
2895 10278
2896 10282
2897 10285
2898 10286
2899 10290
2908 10292
2910 10293
2911 10296
2912 10299
2913 10303
2914 10307
2915 10311
2916 10315
2917 10318
2918 10319
2919 10321
2920 10323
2921 10327
2922 10331
2923 10335
2924 10339
2925 10341
2928 10342
2929 10344
2930 10345
2931 10348
2932 10350
2933 10354
2934 10358
2935 10362
2936 10365
2937 10367
2938 10370
2939 10374
2940 10378
2941 10381
2942 10384
2943 10388
2944 10392
2945 10396
2946 10400
2947 10404
2948 10408
2949 10412
2950 10416
2951 10420
2952 10424
2953 10428
2954 10432
2955 10436
2956 10440
2957 10444
2958 10448
2959 10452
2960 10456
2961 10460
2962 10464
2963 10468
2964 10472
2965 10476
2966 10480
2967 10484
2968 10488
2969 10492
2970 10496
2971 10499
2972 10503
2973 10507
2974 10511
2975 10514
2976 10518
2977 10522
2978 10525
2979 10529
2980 10533
2981 10537
2982 10541
2983 10545
2984 10549
2985 10553
2986 10557
2987 10561
2988 10565
2989 10569
2990 10573
2991 10577
2992 10581
2993 10585
2994 10589
2995 10593
2996 10597
2997 10601
2998 10605
2999 10609
3000 10613
3001 10617
3002 10621
3003 10625
3004 10629
3005 10633
3006 10637
3007 10641
3008 10645
3009 10649
3010 10653
3011 10657
3012 10661
3013 10665
3014 10669
3015 10673
3016 10677
3017 10681
3018 10685
3019 10689
3020 10693
3021 10697
3022 10701
3023 10705
3024 10709
3025 10713
3026 10717
3027 10721
3028 10725
3029 10729
3030 10733
3031 10737
3032 10741
3033 10745
3034 10749
3035 10753
3036 10757
3037 10761
3038 10765
3039 10769
3040 10773
3041 10777
3042 10781
3043 10785
3044 10789
3045 10793
3046 10797
3047 10801
3048 10805
3049 10808
3050 10812
3051 10816
3052 10820
3053 10822
3057 10823
3058 10824
3059 10826
3060 10828
3061 10830
3064 10832
3065 10834
3066 10836
3067 10840
3068 10844
3069 10848
3070 10852
3071 10856
3072 10860
3073 10864
3074 10868
3075 10870
3088 10872
3089 10876
3090 10878
3091 10882
3092 10884
3093 10885
3094 10887
3095 10890
3096 10893
3097 10896
3098 10899
3099 10902
3100 10906
3101 10907
3102 10910
3103 10914
3104 10918
3105 10922
3106 10926
3107 10928
3108 10932
3109 10935
3110 10937
3111 10939
3114 10940
3115 10941
3116 10943
3117 10946
3118 10950
3119 10953
3120 10956
3121 10959
3122 10963
3123 10967
3124 10971
3125 10975
3126 10979
3127 10983
3128 10987
3129 10991
3130 10995
3131 10999
3132 11003
3133 11007
3134 11011
3135 11015
3136 11019
3137 11022
3138 11025
3139 11026
3140 11027
3141 11031
3142 11035
3143 11039
3144 11043
3145 11047
3146 11051
3147 11055
3148 11059
3149 11062
3150 11065
3151 11069
3152 11073
3153 11077
3154 11080
3155 11084
3156 11088
3157 11092
3158 11096
3159 11100
3160 11104
3161 11108
3162 11112
3163 11116
3164 11120
3165 11124
3166 11128
3167 11132
3168 11136
3169 11140
3170 11144
3171 11148
3172 11152
3173 11156
3174 11160
3175 11164
3176 11168
3177 11172
3178 11176
3179 11180
3180 11184
3181 11188
3182 11192
3183 11196
3184 11200
3185 11204
3186 11208
3187 11212
3188 11216
3189 11220
3190 11224
3191 11228
3192 11232
3193 11236
3194 11240
3195 11244
3196 11248
3197 11252
3198 11256
3199 11260
3200 11264
3201 11268
3202 11272
3203 11276
3204 11280
3205 11284
3206 11288
3207 11292
3208 11296
3209 11300
3210 11304
3211 11308
3212 11312
3213 11316
3214 11320
3215 11324
3216 11328
3217 11332
3218 11336
3219 11340
3220 11344
3221 11348
3222 11351
3223 11355
3224 11359
3225 11363
3226 11367
3227 11371
3228 11375
3229 11379
3230 11383
3231 11387
3232 11391
3233 11395
3234 11399
3235 11403
3236 11407
3237 11411
3238 11415
3239 11419
3240 11423
3241 11427
3242 11431
3243 11435
3244 11439
3245 11443
3246 11447
3247 11451
3248 11455
3249 11459
3250 11463
3251 11467
3252 11471
3253 11475
3254 11479
3255 11483
3256 11487
3257 11491
