308 0
309 2
310 6
311 10
312 14
313 18
314 22
315 26
316 30
317 34
318 38
319 42
320 46
321 50
322 54
323 58
324 62
325 66
326 70
327 74
328 78
329 82
330 86
331 90
332 94
333 98
334 102
335 106
336 110
337 114
338 118
339 122
340 126
341 130
342 134
343 138
344 142
345 146
346 150
347 154
348 158
349 162
350 166
351 170
352 174
353 178
354 182
355 186
356 190
357 194
358 198
359 202
360 206
361 210
362 214
363 218
364 222
365 226
366 229
367 233
368 237
369 241
370 245
371 249
372 253
373 257
374 261
375 264
376 268
377 271
378 274
379 278
380 281
381 285
382 288
383 292
384 295
385 299
386 303
387 307
388 311
389 315
390 319
391 322
392 326
393 330
394 334
395 338
396 342
397 346
398 350
399 354
400 358
401 362
402 366
403 370
404 374
405 378
406 382
407 386
408 390
409 394
410 398
411 401
412 404
413 408
414 412
415 416
416 420
417 423
418 426
419 430
420 433
421 436
422 440
423 444
424 447
425 451
426 455
427 457
428 461
429 464
430 468
431 471
432 475
433 479
434 481
435 485
436 489
437 492
438 495
439 498
440 501
441 505
442 508
443 512
444 516
445 520
446 524
447 527
448 531
449 534
450 537
451 541
452 545
453 549
454 553
455 557
456 561
457 565
458 569
459 573
460 577
461 581
462 585
463 588
464 592
465 596
466 600
467 604
468 608
469 612
470 616
471 620
472 624
473 628
474 632
475 636
476 640
477 644
478 648
479 652
480 656
481 660
482 663
483 666
484 669
485 672
486 674
487 676
490 677
491 678
492 679
493 682
494 686
495 690
496 694
497 698
498 702
499 706
500 710
501 714
502 718
503 722
504 726
505 730
506 734
507 738
508 742
509 746
510 750
511 754
512 758
513 762
514 766
515 770
516 774
517 778
518 780
519 784
520 788
521 792
522 796
523 800
524 804
525 808
526 811
527 815
528 819
529 823
530 827
531 831
532 835
533 839
534 843
535 847
536 851
537 855
538 859
539 863
540 867
541 870
542 872
543 874
544 877
545 878
547 879
554 881
555 883
556 886
557 889
558 892
559 896
560 900
561 904
562 908
563 912
564 916
565 920
566 924
567 928
568 932
569 936
570 940
571 944
572 948
573 952
574 956
575 960
576 964
577 968
578 972
579 976
580 980
581 984
582 988
583 992
584 996
585 1000
586 1004
587 1008
588 1012
589 1016
590 1020
591 1024
592 1028
593 1032
594 1036
595 1040
596 1044
597 1048
598 1052
599 1056
600 1060
601 1064
602 1068
603 1072
604 1076
605 1080
606 1084
607 1088
608 1092
609 1096
610 1100
611 1104
612 1108
613 1112
614 1116
615 1120
616 1124
617 1128
618 1132
619 1136
620 1140
621 1144
622 1148
623 1152
624 1156
625 1160
626 1164
627 1168
628 1172
629 1176
630 1180
631 1184
632 1188
633 1192
634 1196
635 1200
636 1204
637 1208
638 1212
639 1216
640 1220
641 1224
642 1228
643 1232
644 1236
645 1240
646 1244
647 1248
648 1252
649 1256
650 1260
651 1264
652 1268
653 1272
654 1276
655 1280
656 1284
657 1288
658 1292
659 1296
660 1300
661 1304
662 1308
663 1312
664 1316
665 1320
666 1324
667 1328
668 1332
669 1336
670 1340
671 1344
672 1348
673 1352
674 1356
675 1360
676 1363
677 1366
678 1369
679 1372
680 1375
681 1379
682 1383
683 1387
684 1391
685 1395
686 1399
687 1403
688 1407
689 1411
690 1415
691 1419
692 1423
693 1427
694 1431
695 1435
696 1439
697 1443
698 1447
699 1451
700 1455
701 1459
702 1463
703 1467
704 1471
705 1475
706 1479
707 1483
708 1487
709 1491
710 1495
711 1499
712 1503
713 1507
714 1511
715 1515
716 1519
717 1523
718 1527
719 1531
720 1535
721 1539
722 1543
723 1547
724 1551
725 1555
726 1559
727 1563
728 1567
729 1571
730 1575
731 1579
732 1583
733 1587
734 1591
735 1595
736 1599
737 1603
738 1607
739 1611
740 1615
741 1619
742 1623
743 1627
744 1631
745 1634
746 1638
747 1641
748 1645
749 1649
750 1653
751 1657
752 1661
753 1665
754 1669
755 1673
756 1677
757 1681
758 1685
759 1689
760 1693
761 1697
762 1701
763 1705
764 1709
765 1713
766 1717
767 1721
768 1725
769 1729
770 1733
771 1737
772 1741
773 1745
774 1749
775 1753
776 1756
777 1759
778 1762
779 1766
780 1770
781 1773
782 1775
783 1778
784 1780
785 1783
786 1784
787 1787
788 1791
789 1795
790 1799
791 1803
792 1807
793 1811
794 1814
795 1818
796 1822
797 1826
798 1830
799 1834
800 1838
801 1842
802 1846
803 1850
804 1854
805 1858
806 1862
807 1866
808 1870
809 1874
810 1878
811 1882
812 1886
813 1890
814 1894
815 1898
816 1901
817 1905
818 1909
819 1913
820 1917
821 1921
822 1925
823 1929
824 1933
825 1937
826 1941
827 1945
828 1949
829 1953
830 1957
831 1961
832 1965
833 1969
834 1973
835 1977
836 1981
837 1985
838 1989
839 1993
840 1997
841 2001
842 2004
843 2008
844 2012
845 2016
846 2020
847 2024
848 2028
849 2032
850 2036
851 2039
852 2043
853 2047
854 2050
855 2052
856 2056
857 2060
858 2064
859 2067
860 2071
861 2075
862 2079
863 2083
864 2086
865 2090
866 2094
867 2097
868 2101
869 2105
870 2109
871 2112
872 2116
873 2120
874 2124
875 2128
876 2132
877 2136
878 2139
879 2143
880 2146
881 2150
882 2154
883 2158
884 2162
885 2166
886 2170
887 2174
888 2178
889 2182
890 2186
891 2190
892 2194
893 2198
894 2202
895 2205
896 2209
897 2213
898 2217
899 2221
900 2224
901 2228
902 2232
903 2236
904 2240
905 2243
906 2246
907 2250
908 2252
909 2256
910 2259
911 2262
912 2265
913 2269
914 2272
915 2275
916 2278
917 2281
918 2285
919 2287
920 2291
921 2295
922 2298
923 2301
924 2305
925 2309
926 2313
927 2317
928 2321
929 2325
930 2329
931 2332
932 2334
933 2337
934 2341
935 2345
936 2349
937 2353
938 2357
939 2361
940 2365
941 2369
942 2373
943 2377
944 2381
945 2385
946 2389
947 2393
948 2397
949 2400
965 2402
966 2406
967 2409
968 2413
969 2417
970 2421
971 2425
972 2429
973 2432
974 2434
975 2437
976 2439
977 2441
979 2445
980 2447
981 2449
982 2453
983 2455
984 2457
985 2460
986 2462
987 2465
988 2467
989 2469
990 2473
991 2475
992 2479
993 2483
994 2487
995 2491
996 2495
997 2499
998 2503
999 2507
1000 2511
1001 2515
1002 2519
1003 2523
1004 2526
1005 2530
1006 2534
1007 2538
1008 2542
1009 2545
1010 2549
1011 2553
1012 2557
1013 2561
1014 2565
1015 2569
1016 2573
1017 2577
1018 2581
1019 2585
1020 2589
1021 2593
1022 2597
1023 2601
1024 2605
1025 2609
1026 2613
1027 2617
1028 2621
1029 2625
1030 2629
1031 2633
1032 2637
1033 2641
1034 2645
1035 2649
1036 2653
1037 2657
1038 2660
1039 2664
1040 2667
1041 2671
1042 2675
1043 2679
1044 2683
1045 2687
1046 2691
1047 2695
1048 2699
1049 2703
1050 2707
1051 2711
1052 2715
1053 2719
1054 2723
1055 2727
1056 2731
1057 2735
1058 2739
1059 2743
1060 2747
1061 2751
1062 2755
1063 2759
1064 2763
1065 2767
1066 2771
1067 2775
1068 2779
1069 2783
1070 2786
1071 2789
1072 2793
1073 2797
1074 2801
1075 2805
1076 2809
1077 2813
1078 2817
1079 2821
1080 2825
1081 2829
1082 2833
1083 2837
1084 2841
1085 2845
1086 2849
1087 2853
1088 2857
1089 2861
1090 2864
1091 2866
1092 2869
1093 2872
1094 2876
1095 2879
1096 2881
1097 2885
1098 2889
1099 2893
1100 2897
1101 2901
1102 2905
1103 2909
1104 2913
1105 2917
1106 2921
1107 2925
1108 2929
1109 2933
1110 2937
1111 2941
1112 2945
1113 2949
1114 2953
1115 2957
1116 2961
1117 2965
1118 2969
1119 2973
1120 2977
1121 2981
1122 2985
1123 2989
1124 2993
1125 2997
1126 3001
1127 3005
1128 3009
1129 3013
1130 3017
1131 3021
1132 3025
1133 3029
1134 3033
1135 3037
1136 3039
1138 3040
1139 3041
1140 3042
1141 3044
1142 3046
1143 3047
1144 3049
1145 3050
1146 3051
1147 3052
1148 3053
1154 3054
1155 3055
1157 3056
1158 3057
1159 3061
1160 3064
1161 3067
1162 3070
1163 3074
1164 3078
1165 3082
1166 3086
1167 3090
1168 3094
1169 3098
1170 3102
1171 3106
1172 3110
1173 3114
1174 3118
1175 3122
1176 3126
1177 3130
1178 3134
1179 3138
1180 3142
1181 3146
1182 3150
1183 3154
1184 3158
1185 3162
1186 3166
1187 3170
1188 3174
1189 3178
1190 3182
1191 3186
1192 3190
1193 3194
1194 3198
1195 3202
1196 3206
1197 3210
1198 3214
1199 3218
1200 3222
1201 3226
1202 3230
1203 3234
1204 3238
1205 3242
1206 3246
1207 3250
1208 3254
1209 3258
1210 3262
1211 3266
1212 3270
1213 3274
1214 3278
1215 3282
1216 3286
1217 3290
1218 3294
1219 3298
1220 3302
1221 3305
1222 3310
1223 3314
1224 3318
1225 3322
1226 3326
1227 3330
1228 3334
1229 3338
1230 3341
1231 3345
1232 3349
1233 3354
1234 3358
1235 3361
1236 3364
1237 3368
1238 3372
1239 3375
1240 3379
1241 3383
1242 3387
1243 3392
1244 3396
1245 3400
1246 3404
1247 3407
1248 3411
1249 3415
1250 3419
1251 3423
1252 3427
1253 3432
1254 3436
1255 3439
1256 3443
1257 3447
1258 3450
1259 3452
1260 3453
1261 3456
1262 3460
1263 3464
1264 3468
1265 3472
1266 3476
1267 3480
1268 3484
1269 3488
1270 3492
1271 3496
1272 3500
1273 3504
1274 3508
1275 3512
1276 3516
1277 3520
1278 3524
1279 3528
1280 3532
1281 3536
1282 3540
1283 3544
1284 3548
1285 3552
1286 3556
1287 3560
1288 3564
1289 3568
1290 3572
1291 3576
1292 3580
1293 3584
1294 3588
1295 3592
1296 3596
1297 3600
1298 3604
1299 3608
1300 3612
1301 3616
1302 3620
1303 3624
1304 3628
1305 3632
1306 3636
1307 3640
1308 3644
1309 3648
1310 3652
1311 3656
1312 3660
1313 3664
1314 3668
1315 3672
1316 3676
1317 3680
1318 3684
1319 3688
1320 3692
1321 3696
1322 3700
1323 3704
1324 3708
1325 3712
1326 3716
1327 3720
1328 3724
1329 3728
1330 3732
1331 3736
1332 3740
1333 3744
1334 3748
1335 3752
1336 3756
1337 3760
1338 3764
1339 3768
1340 3771
1341 3775
1342 3779
1343 3783
1344 3787
1345 3791
1346 3795
1347 3799
