68 1
69 5
70 9
71 13
72 17
73 21
74 25
75 29
76 33
77 37
78 41
79 45
80 49
81 53
82 57
83 61
84 65
85 69
86 73
87 77
88 81
89 85
90 89
91 93
92 97
93 101
94 105
95 109
96 113
97 117
98 121
99 125
100 129
101 133
102 137
103 141
104 145
105 149
106 153
107 157
108 161
109 165
110 169
111 171
112 175
113 179
114 183
115 187
116 191
117 195
118 199
119 203
120 206
121 209
122 213
123 217
124 221
125 224
126 225
127 227
128 228
129 231
130 233
131 234
132 236
133 237
134 238
135 240
136 241
137 243
138 245
140 247
141 249
142 250
143 252
144 253
145 254
147 255
149 256
150 259
151 260
152 261
154 263
155 265
156 268
157 269
158 270
159 272
160 275
161 277
162 279
163 282
164 284
165 286
166 289
167 291
168 295
169 299
170 303
171 307
172 311
173 315
174 319
175 323
176 327
177 331
178 335
179 339
180 343
181 347
182 351
183 355
184 359
185 363
186 367
187 371
188 375
189 379
190 383
191 387
192 391
193 395
194 399
195 403
196 407
197 411
198 415
199 419
200 423
201 427
202 431
203 435
204 439
205 443
206 447
207 451
208 455
209 459
210 463
211 467
212 471
213 475
214 479
215 483
216 487
217 491
218 495
219 499
220 503
221 507
222 511
223 515
224 519
225 523
226 527
227 530
228 534
229 538
230 542
231 546
232 550
233 553
234 557
235 561
236 565
237 569
238 573
239 577
240 581
241 585
242 589
243 593
244 597
245 600
246 604
247 608
248 612
249 616
250 620
251 624
252 628
253 632
254 636
255 640
256 644
257 648
258 652
259 656
260 660
261 664
262 668
263 672
264 676
265 680
266 684
267 688
268 692
269 696
270 700
271 704
272 708
273 712
274 716
275 720
276 724
277 728
278 732
279 736
280 740
281 744
282 748
283 752
284 756
285 760
286 764
287 768
288 772
289 776
290 780
291 784
292 788
293 792
294 796
295 800
296 804
297 808
298 812
299 816
300 820
301 824
302 828
303 832
304 836
305 840
306 844
307 848
308 852
309 856
310 860
311 864
312 868
313 872
314 876
315 880
316 884
317 888
318 892
319 896
320 900
321 904
322 908
323 912
324 916
325 920
326 924
327 928
328 932
329 936
330 940
331 944
332 948
333 952
334 956
335 960
336 964
337 968
338 972
339 976
340 980
341 984
342 988
343 992
344 996
345 1000
346 1004
347 1008
348 1012
349 1016
350 1020
351 1024
352 1028
353 1032
354 1036
355 1040
356 1044
357 1048
358 1052
359 1056
360 1060
361 1064
362 1068
363 1072
364 1076
365 1080
366 1084
367 1088
368 1092
369 1096
370 1100
371 1104
372 1108
373 1112
374 1116
375 1120
376 1124
377 1127
378 1131
379 1135
380 1139
381 1143
382 1147
383 1151
384 1155
385 1159
386 1163
387 1167
388 1171
389 1175
390 1179
391 1183
392 1187
393 1191
394 1195
395 1199
396 1203
397 1207
398 1211
399 1215
400 1219
401 1223
402 1227
403 1231
404 1235
405 1239
406 1243
407 1247
408 1251
409 1255
410 1259
411 1263
412 1267
413 1271
414 1275
415 1279
416 1283
417 1287
418 1291
419 1295
420 1299
421 1303
422 1307
423 1311
424 1315
425 1319
426 1323
427 1327
428 1331
429 1335
430 1339
431 1343
432 1347
433 1351
434 1355
435 1359
436 1363
437 1367
438 1371
439 1375
440 1379
441 1383
442 1387
443 1391
444 1395
445 1399
446 1403
447 1407
448 1411
449 1415
450 1419
451 1423
452 1427
453 1431
454 1435
455 1439
456 1443
457 1447
458 1451
459 1455
460 1459
461 1463
462 1467
463 1471
464 1474
465 1478
466 1482
467 1486
468 1490
469 1494
470 1498
471 1502
472 1506
473 1510
474 1514
475 1518
476 1522
477 1526
478 1530
479 1534
480 1538
481 1542
482 1546
483 1550
484 1554
485 1558
486 1562
487 1566
488 1570
489 1574
490 1578
491 1582
492 1586
493 1590
494 1594
495 1598
496 1602
497 1606
498 1610
499 1614
500 1618
501 1622
502 1626
503 1630
504 1634
505 1638
506 1642
507 1646
508 1650
509 1654
510 1658
511 1662
512 1666
513 1670
514 1674
515 1678
516 1682
517 1686
518 1690
519 1694
520 1698
521 1702
522 1706
523 1710
524 1714
525 1718
526 1722
527 1726
528 1730
529 1734
530 1738
531 1742
532 1746
533 1750
534 1754
535 1758
536 1762
537 1766
538 1770
539 1774
540 1778
541 1782
542 1786
543 1790
544 1794
545 1798
546 1802
547 1806
548 1810
549 1814
550 1818
551 1822
552 1826
553 1830
554 1834
555 1838
556 1842
557 1846
558 1850
559 1854
560 1858
561 1862
562 1866
563 1870
564 1874
565 1878
566 1882
567 1886
568 1890
569 1894
570 1898
571 1902
572 1906
573 1910
574 1914
575 1918
576 1922
577 1926
578 1930
579 1934
580 1938
581 1942
582 1946
583 1950
584 1954
585 1958
586 1962
587 1966
588 1970
589 1974
590 1978
591 1982
592 1986
593 1990
594 1994
595 1997
596 2001
597 2005
598 2009
599 2013
600 2017
601 2021
602 2025
603 2029
604 2033
605 2037
606 2041
607 2045
608 2049
609 2053
610 2057
611 2061
612 2065
613 2069
614 2073
615 2077
616 2081
617 2085
618 2089
619 2093
620 2097
621 2101
622 2105
623 2109
624 2113
625 2117
626 2121
627 2125
628 2129
629 2133
630 2137
631 2141
632 2145
633 2149
634 2153
635 2157
636 2161
637 2165
638 2169
639 2173
640 2177
641 2181
642 2185
643 2189
644 2193
645 2197
646 2201
647 2205
648 2209
649 2213
650 2217
651 2221
652 2225
653 2228
654 2231
655 2235
656 2239
657 2243
658 2247
659 2251
660 2255
661 2259
662 2263
663 2267
664 2271
665 2275
666 2279
667 2283
668 2287
669 2291
670 2295
671 2299
672 2303
673 2307
674 2311
675 2315
676 2319
677 2323
678 2327
679 2331
680 2335
681 2339
682 2343
683 2347
684 2351
685 2355
686 2359
687 2363
688 2367
689 2371
690 2375
691 2378
692 2381
693 2385
694 2389
695 2393
696 2397
697 2401
698 2405
699 2408
700 2412
701 2416
702 2420
703 2424
704 2428
705 2432
706 2436
707 2440
708 2444
709 2448
710 2452
711 2456
712 2460
713 2464
714 2468
715 2472
716 2476
717 2480
718 2484
719 2488
720 2492
721 2495
722 2499
723 2503
724 2507
725 2511
726 2515
727 2519
728 2523
729 2527
730 2531
731 2535
732 2539
733 2543
734 2547
735 2551
736 2555
737 2559
738 2563
739 2567
740 2571
741 2575
742 2579
743 2583
744 2587
745 2591
746 2595
747 2599
748 2603
749 2607
750 2611
751 2615
752 2619
753 2623
754 2627
755 2630
756 2631
757 2633
759 2635
760 2637
761 2638
762 2639
763 2642
764 2645
765 2648
766 2650
767 2652
768 2655
769 2658
770 2662
771 2666
772 2670
773 2674
774 2678
775 2682
776 2686
777 2690
778 2694
779 2698
780 2702
781 2706
782 2710
783 2714
784 2718
785 2722
786 2726
787 2730
788 2734
789 2738
790 2742
791 2746
792 2750
793 2754
794 2758
795 2762
796 2766
797 2770
798 2774
799 2778
800 2782
801 2786
802 2790
803 2794
804 2798
805 2802
806 2806
807 2810
808 2814
809 2818
810 2822
811 2826
812 2830
813 2834
814 2838
815 2842
816 2846
817 2850
818 2854
819 2858
820 2862
821 2866
822 2870
823 2874
824 2878
825 2882
826 2886
827 2890
828 2894
829 2898
830 2902
831 2906
832 2910
833 2914
834 2918
835 2922
836 2926
837 2930
838 2934
839 2938
840 2942
841 2946
842 2950
843 2954
844 2958
845 2962
846 2966
847 2970
848 2974
849 2978
850 2982
851 2985
852 2989
853 2993
854 2997
855 3001
856 3005
857 3009
858 3011
859 3015
860 3019
861 3023
862 3027
863 3030
864 3034
865 3038
866 3042
867 3046
868 3050
869 3054
870 3058
871 3061
872 3065
873 3069
874 3073
875 3076
876 3079
877 3083
878 3085
879 3089
880 3093
881 3097
882 3101
883 3104
884 3107
885 3110
886 3113
887 3117
888 3121
889 3125
890 3128
891 3131
892 3134
893 3138
894 3142
895 3145
896 3148
897 3152
898 3156
899 3160
900 3163
901 3167
902 3171
903 3175
904 3179
905 3183
906 3187
907 3191
908 3195
909 3199
910 3203
911 3207
912 3211
913 3215
914 3219
915 3223
916 3227
917 3231
918 3235
919 3239
920 3243
921 3247
922 3251
923 3255
924 3259
925 3263
926 3267
927 3271
928 3275
929 3279
930 3283
931 3287
932 3291
933 3295
934 3299
935 3303
936 3307
937 3311
938 3315
939 3319
940 3323
941 3327
942 3331
943 3335
944 3339
945 3343
946 3347
947 3351
948 3355
949 3359
950 3363
951 3367
952 3371
953 3375
954 3379
955 3383
956 3387
957 3391
958 3394
959 3398
960 3402
961 3406
962 3410
963 3414
964 3418
965 3422
966 3426
967 3430
968 3434
969 3438
970 3442
971 3446
972 3450
973 3454
974 3458
975 3462
976 3466
977 3470
978 3474
979 3478
980 3482
981 3486
982 3490
983 3494
984 3498
985 3502
986 3506
987 3510
988 3514
989 3518
990 3522
991 3526
992 3530
993 3534
994 3538
995 3542
996 3546
997 3550
998 3554
999 3558
1000 3562
1001 3566
1002 3570
1003 3574
1004 3578
1005 3581
1006 3585
1007 3589
1008 3593
1009 3597
1010 3601
1011 3605
1012 3609
1013 3613
1014 3617
1015 3621
1016 3625
1017 3629
1018 3633
1019 3637
1020 3641
1021 3645
1022 3649
1023 3653
1024 3657
1025 3661
1026 3665
1027 3669
1028 3673
1029 3677
1030 3681
1031 3685
1032 3689
1033 3693
1034 3697
1035 3701
1036 3705
1037 3709
1038 3713
1039 3717
1040 3721
1041 3725
1042 3729
1043 3733
1044 3737
1045 3741
1046 3745
1047 3749
1048 3753
1049 3757
1050 3761
1051 3765
1052 3769
1053 3773
1054 3777
1055 3781
1056 3785
1057 3789
1058 3793
1059 3797
1060 3801
1061 3805
1062 3809
1063 3813
1064 3817
1065 3821
1066 3825
1067 3829
1068 3831
1069 3835
1070 3839
1071 3842
1072 3846
1073 3849
1074 3852
1075 3855
1076 3858
1077 3861
1078 3865
1079 3869
1080 3874
1081 3878
1082 3882
1083 3885
1084 3888
1085 3891
1086 3894
1087 3898
1088 3902
1089 3906
1090 3911
1091 3915
1092 3919
1093 3923
1094 3926
1095 3930
1096 3934
1097 3938
1098 3942
1099 3946
1100 3950
1101 3955
1102 3959
1103 3962
1104 3966
1105 3970
1106 3974
1107 3978
1108 3982
1109 3986
1110 3990
1111 3995
1112 3998
1113 4002
1114 4006
1115 4010
1116 4014
1117 4018
1118 4022
1119 4026
1120 4030
1121 4034
1122 4038
1123 4042
1124 4046
1125 4050
1126 4054
1127 4058
1128 4062
1129 4066
1130 4070
1131 4074
1132 4078
1133 4082
1134 4086
1135 4090
1136 4094
1137 4098
1138 4102
1139 4106
1140 4110
1141 4114
1142 4118
1143 4122
1144 4126
1145 4130
1146 4134
1147 4138
1148 4142
1149 4145
1150 4149
1151 4153
1152 4157
1153 4161
1154 4165
1155 4169
1156 4173
1157 4177
1158 4181
1159 4185
1160 4189
1161 4193
1162 4197
1163 4201
1164 4205
1165 4209
1166 4213
1167 4217
1168 4221
1169 4225
1170 4229
1171 4233
1172 4237
1173 4241
1174 4245
1175 4249
1176 4253
1177 4257
1178 4261
1179 4265
1180 4269
1181 4273
1182 4277
1183 4281
1184 4285
1185 4289
1186 4293
1187 4297
1188 4300
1189 4304
1190 4308
1191 4312
1192 4316
1193 4320
1194 4324
1195 4328
1196 4332
1197 4336
1198 4340
1199 4344
1200 4348
1201 4352
1202 4356
1203 4360
1204 4364
1205 4368
1206 4372
1207 4376
1208 4380
1209 4384
1210 4388
1211 4392
1212 4396
1213 4400
1214 4404
1215 4408
1216 4412
1217 4416
1218 4420
1219 4424
1220 4428
1221 4432
1222 4436
1223 4440
1224 4444
1225 4448
1226 4452
1227 4456
1228 4460
1229 4464
1230 4468
1231 4472
1232 4476
1233 4480
1234 4484
1235 4488
1236 4492
1237 4496
1238 4500
1239 4504
1240 4508
1241 4512
1242 4516
1243 4520
1244 4524
1245 4528
1246 4532
1247 4536
1248 4540
1249 4544
1250 4545
1251 4547
1252 4549
1253 4552
1254 4555
1255 4558
1256 4562
1257 4566
1258 4570
1259 4574
1260 4578
1261 4582
1262 4586
1263 4590
1264 4594
1265 4598
1266 4602
1267 4606
1268 4610
1269 4614
1270 4618
1271 4622
1272 4626
1273 4630
1274 4634
1275 4638
1276 4642
1277 4646
1278 4650
1279 4654
1280 4658
1281 4661
1282 4665
1283 4669
1284 4673
1285 4677
1286 4681
1287 4685
1288 4689
1289 4693
1290 4697
1291 4700
1292 4702
1293 4704
1294 4706
1295 4707
1296 4709
1297 4712
1298 4715
1299 4718
1300 4720
1301 4724
1302 4728
1303 4732
1304 4736
1305 4740
1306 4744
1307 4748
1308 4752
1309 4756
1310 4760
1311 4764
1312 4768
1313 4772
1314 4776
1315 4780
1316 4784
1317 4788
1318 4792
1319 4796
1320 4799
1321 4802
1322 4805
1323 4808
1324 4810
1325 4813
1326 4816
1327 4817
1328 4820
1329 4823
1330 4827
1331 4831
1332 4835
1333 4839
1334 4843
1335 4847
1336 4851
1337 4855
1338 4859
1339 4863
1340 4867
1341 4871
1342 4875
1343 4879
1344 4883
1345 4887
1346 4891
1347 4895
1348 4899
1349 4903
1350 4907
1351 4911
1352 4915
1353 4919
1354 4923
1355 4927
1356 4931
1357 4935
1358 4939
1359 4943
1360 4947
1361 4951
1362 4955
1363 4959
1364 4963
1365 4967
1366 4971
1367 4975
1368 4979
1369 4983
1370 4987
1371 4991
1372 4995
1373 4999
1374 5003
1375 5007
1376 5010
1377 5014
1378 5018
1379 5022
1380 5026
1381 5030
1382 5034
1383 5038
1384 5042
1385 5046
1386 5050
1387 5054
1388 5058
1389 5062
1390 5066
1391 5070
1392 5074
1393 5078
1394 5082
1395 5086
1396 5090
1397 5094
1398 5098
1399 5102
1400 5106
1401 5110
1402 5114
1403 5118
1404 5122
1405 5126
1406 5130
1407 5134
1408 5138
1409 5142
1410 5146
1411 5150
1412 5154
1413 5158
1414 5162
1415 5166
1416 5170
1417 5174
1418 5178
1419 5182
1420 5186
1421 5190
1422 5194
1423 5198
1424 5202
1425 5206
1426 5210
1427 5214
1428 5218
1429 5222
1430 5226
1431 5230
1432 5234
1433 5238
1434 5242
1435 5246
1436 5250
1437 5254
1438 5258
1439 5262
1440 5266
1441 5270
1442 5274
1443 5278
1444 5282
1445 5286
1446 5290
1447 5294
1448 5298
1449 5302
1450 5306
1451 5310
1452 5314
1453 5318
1454 5322
1455 5326
1456 5330
1457 5334
1458 5338
1459 5342
1460 5346
1461 5350
1462 5354
1463 5358
1464 5362
1465 5366
1466 5370
1467 5374
1468 5378
1469 5382
1470 5386
1471 5390
1472 5394
1473 5398
1474 5402
1475 5406
1476 5410
1477 5414
1478 5418
1479 5422
1480 5426
1481 5430
1482 5434
1483 5438
1484 5442
1485 5446
1486 5450
1487 5454
1488 5458
1489 5462
1490 5466
1491 5470
1492 5474
1493 5478
1494 5482
1495 5486
1496 5490
1497 5494
1498 5498
1499 5502
1500 5506
1501 5510
1502 5514
1503 5518
1504 5522
1505 5526
1506 5530
1507 5534
1508 5538
1509 5542
1510 5546
1511 5550
1512 5554
1513 5558
1514 5562
1515 5566
1516 5570
1517 5574
1518 5578
1519 5582
1520 5586
1521 5590
1522 5594
1523 5598
1524 5602
1525 5606
1526 5610
1527 5614
1528 5618
1529 5622
1530 5626
1531 5630
1532 5634
1533 5638
1534 5642
1535 5646
1536 5650
1537 5654
1538 5658
1539 5662
1540 5666
1541 5670
1542 5674
1543 5678
1544 5682
1545 5686
1546 5690
1547 5694
1548 5698
1549 5702
1550 5706
1551 5710
1552 5714
1553 5718
1554 5722
1555 5726
1556 5730
1557 5734
1558 5738
1559 5742
1560 5746
1561 5750
1562 5754
1563 5758
1564 5762
1565 5766
1566 5770
1567 5774
1568 5778
1569 5782
1570 5786
1571 5790
1572 5794
1573 5798
1574 5802
1575 5806
1576 5810
1577 5814
1578 5818
1579 5822
1580 5826
1581 5830
1582 5834
1583 5838
1584 5842
1585 5846
1586 5850
1587 5854
1588 5858
1589 5862
1590 5866
1591 5870
1592 5874
1593 5878
1594 5882
1595 5886
1596 5890
1597 5894
1598 5898
1599 5902
1600 5906
1601 5910
1602 5914
1603 5918
1604 5922
1605 5926
1606 5930
1607 5934
1608 5938
1609 5942
1610 5946
1611 5950
1612 5954
1613 5958
1614 5962
1615 5966
1616 5970
1617 5974
1618 5978
1619 5982
1620 5986
1621 5990
1622 5994
1623 5998
1624 6002
1625 6006
1626 6010
1627 6014
1628 6018
1629 6022
1630 6026
1631 6030
1632 6034
1633 6038
1634 6042
1635 6046
1636 6050
1637 6054
1638 6058
1639 6062
1640 6066
1641 6070
1642 6074
1643 6078
1644 6082
1645 6086
1646 6090
1647 6094
1648 6098
1649 6102
1650 6106
1651 6110
1652 6114
1653 6118
1654 6122
1655 6126
1656 6130
1657 6134
1658 6138
1659 6142
1660 6146
1661 6150
1662 6154
1663 6158
1664 6162
1665 6166
1666 6170
1667 6174
1668 6178
1669 6182
1670 6186
1671 6190
1672 6194
1673 6198
1674 6202
1675 6206
1676 6210
1677 6214
1678 6218
1679 6222
1680 6226
1681 6230
1682 6234
1683 6238
1684 6242
1685 6246
1686 6250
1687 6253
1688 6257
1689 6260
1690 6264
1691 6268
1692 6271
1693 6275
1694 6278
1695 6282
1696 6286
1697 6290
1698 6294
1699 6298
1700 6302
1701 6306
1702 6310
1703 6314
1704 6318
1705 6322
1706 6326
1707 6330
1708 6334
1709 6338
1710 6342
1711 6346
1712 6350
1713 6354
1714 6358
1715 6362
1716 6366
1717 6370
1718 6374
1719 6378
1720 6382
1721 6386
1722 6390
1723 6394
1724 6398
1725 6402
1726 6406
1727 6410
1728 6414
1729 6418
1730 6422
1731 6426
1732 6430
1733 6434
1734 6438
1735 6442
1736 6446
1737 6450
1738 6454
1739 6458
1740 6462
1741 6466
1742 6470
1743 6474
1744 6478
1745 6482
1746 6486
1747 6490
1748 6494
1749 6498
1750 6502
1751 6506
1752 6510
1753 6514
1754 6518
1755 6522
1756 6525
1757 6529
1758 6532
1759 6535
1760 6536
1761 6538
1762 6541
1763 6544
1764 6547
1765 6550
1766 6554
1767 6557
1768 6559
1769 6563
1770 6566
1771 6569
1772 6572
1773 6575
1774 6579
1775 6582
1776 6585
1777 6589
1778 6593
1779 6597
1780 6600
1781 6604
1782 6608
1783 6612
1784 6616
1785 6619
1786 6622
1787 6625
1788 6628
1789 6631
1790 6635
1791 6639
1792 6642
1793 6646
1794 6650
1795 6654
1796 6657
1797 6661
1798 6665
1799 6669
1800 6673
1801 6677
1802 6681
1803 6685
1804 6688
1805 6691
1806 6694
1807 6698
1808 6702
1809 6706
1810 6710
1811 6714
1812 6717
1813 6719
1814 6723
1815 6727
1816 6730
1817 6732
1818 6736
1819 6740
1820 6743
1821 6747
1822 6751
1823 6755
1824 6758
1825 6762
1826 6766
1827 6770
1828 6774
1829 6778
1830 6782
1831 6786
1832 6790
1833 6794
1834 6798
1835 6802
1836 6806
1837 6810
1838 6814
1839 6818
1840 6822
1841 6826
1842 6830
1843 6834
1844 6838
1845 6842
1846 6846
1847 6850
1848 6854
1849 6858
1850 6862
1851 6866
1852 6870
1853 6874
1854 6878
1855 6882
1856 6886
1857 6889
1858 6893
1859 6896
1860 6898
1861 6900
1862 6903
1863 6904
1864 6907
1865 6910
1866 6912
1867 6916
1868 6920
1869 6924
1870 6927
1871 6930
1872 6933
1873 6937
1874 6940
1875 6944
1876 6947
1877 6951
1878 6952
1879 6956
1880 6960
1881 6963
1882 6967
1883 6971
1884 6975
1885 6979
1886 6983
1887 6987
1888 6991
1889 6995
1890 6999
1891 7003
1892 7007
1893 7011
1894 7015
1895 7019
1896 7023
1897 7027
1898 7031
1899 7035
1900 7039
1901 7043
1902 7047
1903 7051
1904 7055
1905 7059
1906 7061
1907 7064
1908 7068
1909 7072
1910 7076
1911 7080
1912 7083
1913 7086
1914 7090
1915 7094
1916 7098
1917 7102
1918 7106
1919 7110
1920 7114
1921 7118
1922 7122
1923 7126
1924 7130
1925 7134
1926 7138
1927 7142
1928 7146
1929 7150
1930 7154
1931 7158
1932 7162
1933 7166
1934 7170
1935 7174
1936 7178
1937 7182
1938 7186
1939 7190
1940 7194
1941 7198
1942 7201
1943 7205
1944 7209
1945 7213
1946 7217
1947 7219
1948 7221
1949 7224
1950 7227
1951 7230
1952 7233
1953 7236
1954 7240
1955 7244
1956 7248
1957 7252
1958 7256
1959 7260
1960 7264
1961 7268
1962 7272
1963 7276
1964 7280
1965 7284
1966 7288
1967 7292
1968 7296
1969 7300
1970 7304
1971 7308
1972 7312
1973 7316
1974 7320
1975 7324
1976 7328
1977 7332
1978 7336
1979 7340
1980 7344
1981 7348
1982 7351
1983 7354
1984 7358
1985 7360
1986 7364
1987 7368
1988 7371
1989 7375
1990 7379
1991 7383
1992 7387
1993 7391
1994 7395
1995 7399
1996 7403
1997 7407
1998 7411
1999 7415
2000 7419
2001 7423
2002 7427
2003 7431
2004 7435
2005 7439
2006 7443
2007 7447
2008 7451
2009 7455
2010 7459
2011 7463
2012 7467
2013 7471
2014 7475
2015 7479
2016 7483
2017 7487
2018 7491
2019 7495
2020 7499
2021 7503
2022 7507
2023 7511
2024 7515
2025 7519
2026 7523
2027 7527
2028 7531
2029 7535
2030 7539
2031 7543
2032 7547
2033 7551
2034 7555
2035 7559
2036 7563
2037 7567
2038 7571
2039 7575
2040 7579
2041 7583
2042 7587
2043 7591
2044 7595
2045 7599
2046 7603
2047 7607
2048 7611
2049 7615
2050 7619
2051 7623
2052 7627
2053 7631
2054 7635
2055 7639
2056 7643
2057 7647
2058 7651
2059 7655
2060 7659
2061 7663
2062 7667
2063 7671
2064 7675
2065 7679
2066 7683
2067 7687
2068 7691
2069 7695
2070 7699
2071 7703
2072 7707
2073 7711
2074 7715
2075 7719
2076 7723
2077 7727
2078 7731
2079 7735
2080 7739
2081 7743
2082 7747
2083 7751
2084 7755
2085 7759
2086 7763
2087 7767
2088 7771
2089 7775
2090 7779
2091 7783
2092 7787
2093 7791
2094 7795
2095 7799
2096 7803
2097 7807
2098 7811
2099 7815
2100 7819
2101 7823
2102 7827
2103 7831
2104 7835
2105 7839
2106 7843
2107 7847
2108 7851
2109 7855
2110 7859
2111 7863
2112 7867
2113 7871
2114 7875
2115 7879
2116 7883
2117 7887
2118 7891
2119 7895
2120 7899
2121 7903
2122 7907
2123 7911
2124 7915
2125 7919
2126 7923
2127 7927
2128 7931
2129 7935
2130 7939
2131 7943
2132 7947
2133 7951
2134 7955
2135 7959
2136 7963
2137 7967
2138 7971
2139 7975
2140 7979
2141 7983
2142 7987
2143 7991
2144 7995
2145 7999
2146 8003
2147 8007
2148 8011
2149 8015
2150 8019
2151 8023
2152 8027
2153 8031
2154 8035
2155 8039
2156 8043
2157 8047
2158 8051
2159 8055
2160 8059
2161 8063
2162 8067
2163 8071
2164 8075
2165 8079
2166 8083
2167 8087
2168 8091
2169 8095
2170 8098
2171 8102
2172 8106
2173 8110
2174 8114
2175 8118
2176 8122
2177 8126
2178 8130
2179 8134
2180 8138
2181 8142
2182 8146
2183 8150
2184 8154
2185 8158
2186 8162
2187 8166
2188 8170
2189 8174
2190 8178
2191 8182
2192 8186
2193 8190
2194 8194
2195 8198
2196 8202
2197 8206
2198 8210
2199 8214
2200 8218
2201 8222
2202 8226
2203 8230
2204 8234
2205 8238
2206 8242
2207 8246
2208 8250
2209 8254
2210 8258
2211 8262
2212 8266
2213 8270
2214 8274
2215 8278
2216 8282
2217 8286
2218 8290
2219 8294
2220 8298
2221 8302
2222 8306
2223 8310
2224 8314
2225 8318
2226 8322
2227 8326
2228 8330
2229 8334
2230 8338
2231 8342
2232 8346
2233 8350
2234 8354
2235 8358
2236 8362
2237 8366
2238 8370
2239 8374
2240 8378
2241 8382
2242 8386
2243 8390
2244 8394
2245 8398
2246 8402
2247 8406
2248 8410
2249 8414
2250 8418
2251 8422
2252 8426
2253 8430
2254 8434
2255 8438
2256 8442
2257 8446
2258 8450
2259 8454
2260 8458
2261 8462
2262 8466
2263 8470
2264 8474
2265 8478
2266 8482
2267 8486
2268 8490
2269 8494
2270 8498
2271 8502
2272 8506
2273 8510
2274 8514
2275 8518
2276 8522
2277 8526
2278 8530
2279 8534
2280 8538
2281 8542
2282 8546
2283 8550
2284 8554
2285 8558
2286 8562
2287 8566
2288 8570
2289 8574
2290 8578
2291 8582
2292 8586
2293 8590
2294 8594
2295 8598
2296 8602
2297 8606
2298 8610
2299 8614
2300 8618
2301 8622
2302 8626
2303 8630
2304 8634
2305 8638
2306 8642
2307 8646
2308 8650
2309 8654
2310 8658
2311 8662
2312 8666
2313 8670
2314 8674
2315 8678
2316 8682
2317 8685
2318 8689
2319 8693
2320 8697
2321 8701
2322 8705
2323 8709
2324 8713
2325 8717
2326 8721
2327 8725
2328 8729
2329 8733
2330 8737
2331 8741
2332 8745
2333 8749
2334 8753
2335 8757
2336 8761
2337 8765
2338 8769
2339 8773
2340 8777
2341 8781
2342 8785
2343 8789
2344 8793
2345 8797
2346 8801
2347 8805
2348 8809
2349 8813
2350 8817
2351 8821
2352 8825
2353 8829
2354 8833
2355 8837
2356 8841
2357 8845
2358 8849
2359 8853
2360 8857
2361 8861
2362 8865
2363 8869
2364 8873
2365 8877
2366 8881
2367 8885
2368 8889
2369 8893
2370 8897
2371 8901
2372 8905
2373 8909
2374 8913
2375 8917
2376 8921
2377 8925
2378 8929
2379 8933
2380 8937
2381 8941
2382 8945
2383 8949
2384 8953
2385 8957
2386 8961
2387 8965
2388 8969
2389 8973
2390 8977
2391 8981
2392 8985
2393 8989
2394 8993
2395 8997
2396 9001
2397 9005
2398 9009
2399 9013
2400 9017
2401 9021
2402 9025
2403 9029
2404 9033
2405 9037
2406 9041
2407 9045
2408 9049
2409 9053
2410 9057
2411 9061
2412 9065
2413 9069
2414 9073
2415 9077
2416 9081
2417 9085
2418 9089
2419 9093
2420 9097
2421 9101
2422 9105
2423 9109
2424 9113
2425 9117
2426 9121
2427 9125
2428 9129
2429 9133
2430 9137
2431 9141
2432 9145
2433 9149
2434 9153
2435 9157
2436 9161
2437 9165
2438 9169
2439 9173
2440 9177
2441 9181
2442 9185
2443 9189
2444 9193
2445 9197
2446 9201
2447 9205
2448 9209
2449 9213
2450 9217
2451 9221
2452 9225
2453 9229
2454 9233
2455 9237
2456 9241
2457 9245
2458 9249
2459 9253
2460 9257
2461 9261
2462 9265
2463 9269
2464 9273
2465 9277
2466 9281
2467 9285
2468 9289
2469 9293
2470 9297
2471 9301
2472 9305
2473 9309
2474 9313
2475 9317
2476 9321
2477 9325
2478 9329
2479 9333
2480 9337
2481 9341
2482 9345
2483 9349
2484 9353
2485 9357
2486 9361
2487 9365
2488 9369
2489 9373
2490 9377
2491 9381
2492 9385
2493 9389
2494 9393
2495 9397
2496 9401
2497 9405
2498 9409
2499 9413
2500 9417
2501 9421
2502 9425
2503 9429
2504 9433
2505 9437
2506 9441
2507 9445
2508 9449
2509 9452
2510 9455
2511 9459
2512 9463
2513 9467
2514 9471
2515 9475
2516 9479
2517 9483
2518 9487
2519 9490
2520 9491
2521 9494
2522 9497
2523 9500
2524 9503
2525 9507
2526 9510
2527 9514
2528 9518
2529 9522
2530 9526
2531 9530
2532 9534
2533 9538
2534 9542
2535 9546
2536 9550
2537 9554
2538 9558
2539 9562
2540 9566
2541 9570
2542 9574
2543 9578
2544 9582
2545 9586
2546 9590
2547 9594
2548 9598
2549 9602
2550 9606
2551 9610
2552 9614
2553 9618
2554 9622
2555 9626
2556 9630
2557 9634
2558 9638
2559 9642
2560 9646
2561 9650
2562 9654
2563 9658
2564 9662
2565 9666
2566 9670
2567 9674
2568 9678
2569 9682
2570 9686
2571 9690
2572 9694
2573 9698
2574 9702
2575 9706
2576 9710
2577 9714
2578 9718
2579 9722
2580 9726
2581 9729
2582 9732
2583 9736
2584 9740
2585 9744
2586 9748
2587 9752
2588 9756
2589 9760
2590 9764
2591 9768
2592 9772
2593 9776
2594 9780
2595 9784
2596 9788
2597 9792
2598 9796
2599 9800
2600 9804
2601 9808
2602 9812
2603 9816
2604 9820
2605 9824
2606 9828
2607 9832
2608 9836
2609 9840
2610 9844
2611 9848
2612 9852
2613 9856
2614 9860
2615 9864
2616 9868
2617 9872
2618 9876
2619 9880
2620 9884
2621 9888
2622 9892
2623 9896
2624 9900
2625 9904
2626 9908
2627 9912
2628 9916
2629 9920
2630 9924
2631 9928
2632 9932
2633 9936
2634 9940
2635 9944
2636 9948
2637 9952
2638 9956
2639 9960
2640 9964
2641 9968
2642 9972
2643 9976
2644 9980
2645 9984
2646 9988
2647 9992
2648 9996
2649 10000
2650 10004
2651 10008
2652 10012
2653 10016
2654 10020
2655 10024
2656 10028
2657 10032
2658 10036
2659 10040
2660 10044
2661 10048
2662 10052
2663 10056
2664 10060
2665 10064
2666 10068
2667 10072
2668 10076
2669 10080
2670 10084
2671 10088
2672 10092
2673 10096
2674 10100
2675 10104
2676 10108
2677 10112
2678 10116
2679 10120
2680 10124
2681 10128
2682 10132
2683 10136
2684 10140
2685 10144
2686 10148
2687 10152
2688 10156
2689 10160
2690 10164
2691 10168
2692 10172
2693 10176
2694 10180
2695 10184
2696 10188
2697 10192
2698 10196
2699 10200
2700 10204
2701 10208
2702 10212
2703 10216
2704 10220
2705 10224
2706 10228
2707 10232
2708 10236
2709 10240
2710 10244
2711 10248
2712 10252
2713 10256
2714 10260
2715 10264
2716 10268
2717 10272
2718 10276
2719 10280
2720 10284
2721 10288
2722 10292
2723 10296
2724 10300
2725 10304
2726 10308
2727 10312
2728 10316
2729 10320
2730 10324
2731 10328
2732 10332
2733 10336
2734 10340
2735 10344
2736 10348
2737 10352
2738 10356
2739 10360
2740 10364
2741 10368
2742 10372
2743 10376
2744 10380
2745 10384
2746 10388
2747 10392
2748 10396
2749 10400
2750 10404
2751 10408
2752 10412
2753 10416
2754 10420
2755 10424
2756 10428
2757 10432
2758 10436
2759 10440
2760 10444
2761 10448
2762 10452
2763 10456
2764 10460
2765 10464
2766 10468
2767 10472
2768 10476
2769 10480
2770 10484
2771 10488
2772 10492
2773 10496
2774 10500
2775 10504
2776 10508
2777 10512
2778 10516
2779 10520
2780 10524
2781 10528
2782 10532
2783 10536
2784 10540
2785 10544
2786 10548
2787 10552
2788 10556
2789 10560
2790 10564
2791 10568
2792 10572
2793 10576
2794 10580
2795 10584
2796 10588
2797 10592
2798 10596
2799 10600
2800 10604
2801 10608
2802 10612
2803 10616
2804 10620
2805 10624
2806 10628
2807 10632
2808 10636
2809 10640
2810 10644
2811 10648
2812 10652
2813 10656
2814 10660
2815 10664
2816 10668
2817 10672
2818 10676
2819 10680
2820 10684
2821 10688
2822 10692
2823 10696
2824 10700
2825 10704
2826 10708
2827 10712
2828 10716
2829 10720
2830 10724
2831 10728
2832 10732
2833 10736
2834 10740
2835 10744
2836 10748
2837 10752
2838 10756
2839 10760
2840 10764
2841 10768
2842 10772
2843 10776
2844 10780
2845 10784
2846 10788
2847 10792
2848 10796
2849 10800
2850 10804
2851 10808
2852 10812
2853 10816
2854 10820
2855 10824
2856 10828
2857 10832
2858 10836
2859 10840
2860 10844
2861 10848
2862 10852
2863 10856
2864 10860
2865 10864
2866 10868
2867 10872
2868 10876
2869 10880
2870 10884
2871 10888
2872 10892
2873 10896
2874 10900
2875 10904
2876 10908
2877 10912
2878 10916
2879 10920
2880 10924
2881 10928
2882 10932
2883 10936
2884 10940
2885 10944
2886 10948
2887 10952
2888 10956
2889 10960
2890 10964
2891 10968
2892 10972
2893 10976
2894 10980
2895 10984
2896 10988
2897 10992
2898 10996
2899 11000
2900 11004
2901 11008
2902 11012
2903 11016
2904 11020
2905 11024
2906 11028
2907 11032
2908 11036
2909 11040
2910 11044
2911 11048
2912 11052
2913 11056
2914 11060
2915 11064
2916 11068
2917 11072
2918 11076
2919 11080
2920 11084
2921 11088
2922 11092
2923 11096
2924 11100
2925 11104
2926 11108
2927 11112
2928 11116
2929 11120
2930 11124
2931 11128
2932 11132
2933 11136
2934 11140
2935 11144
2936 11148
2937 11152
2938 11156
2939 11160
2940 11164
2941 11168
2942 11172
2943 11176
2944 11180
2945 11184
2946 11188
2947 11192
2948 11196
2949 11200
2950 11204
2951 11208
2952 11212
2953 11216
2954 11220
2955 11224
2956 11228
2957 11232
2958 11236
2959 11240
2960 11244
2961 11248
2962 11252
2963 11256
2964 11260
2965 11264
2966 11268
2967 11272
2968 11275
2969 11277
2970 11281
2973 11283
2974 11284
2978 11285
2982 11286
2983 11288
2984 11290
2985 11292
2988 11293
2989 11295
2990 11297
2993 11298
2994 11299
2995 11300
2996 11301
2997 11304
2998 11305
3001 11306
3002 11307
3003 11309
3006 11310
3007 11312
3008 11314
3009 11317
3011 11318
3012 11320
3014 11321
3015 11322
3016 11323
3017 11324
3018 11325
3020 11326
3022 11327
3023 11328
3024 11329
3025 11331
3028 11332
3030 11333
3031 11334
3033 11335
3035 11336
3036 11338
3040 11339
3042 11340
3044 11341
3051 11342
3052 11343
3053 11345
3054 11347
3055 11350
3056 11352
3057 11355
3058 11359
3059 11363
3060 11367
3061 11371
3062 11375
3063 11379
3064 11383
3065 11387
3066 11391
3067 11395
3068 11399
3069 11403
3070 11406
3071 11410
3072 11414
3073 11418
3074 11422
3075 11426
3076 11430
3077 11434
3078 11438
3079 11442
3080 11446
3081 11450
3082 11454
3083 11458
3084 11462
3085 11466
3086 11470
3087 11474
3088 11478
3089 11482
3090 11486
3091 11490
3092 11494
3093 11498
3094 11502
3095 11506
3096 11510
3097 11514
3098 11518
3099 11522
3100 11526
3101 11530
3102 11534
3103 11538
3104 11542
3105 11546
3106 11550
3107 11554
3108 11558
3109 11562
3110 11566
3111 11570
3112 11574
3113 11578
3114 11582
3115 11586
3116 11590
3117 11594
3118 11598
3119 11602
3120 11606
3121 11610
3122 11614
3123 11618
3124 11622
3125 11626
3126 11630
3127 11634
3128 11638
3129 11642
3130 11646
3131 11650
3132 11654
3133 11658
3134 11662
3135 11666
3136 11670
3137 11674
3138 11678
3139 11682
3140 11686
3141 11690
3142 11693
3143 11697
3144 11701
3145 11705
3146 11709
3147 11713
3148 11717
3149 11721
3150 11725
3151 11729
3152 11733
3153 11737
3154 11741
3155 11745
3156 11749
3157 11753
3158 11757
3159 11761
3160 11765
3161 11769
3162 11773
3163 11777
3164 11781
3165 11785
3166 11789
3167 11793
3168 11797
3169 11801
3170 11805
3171 11809
3172 11813
3173 11817
3174 11821
3175 11825
3176 11829
3177 11833
3178 11837
3179 11841
3180 11845
3181 11849
3182 11853
3183 11857
3184 11861
3185 11865
3186 11869
3187 11873
3188 11877
3189 11881
3190 11885
3191 11889
3192 11893
3193 11897
3194 11901
3195 11905
3196 11909
3197 11913
3198 11917
3199 11921
3200 11925
3201 11929
3202 11933
3203 11937
3204 11941
3205 11945
3206 11949
3207 11953
3208 11957
3209 11961
3210 11965
3211 11969
3212 11973
3213 11977
3214 11981
3215 11985
3216 11989
3217 11993
3218 11997
3219 12001
3220 12005
3221 12009
3222 12013
3223 12017
3224 12021
3225 12025
3226 12029
3227 12033
3228 12037
3229 12041
3230 12045
3231 12049
3232 12053
3233 12057
3234 12061
3235 12065
3236 12069
3237 12073
3238 12077
3239 12081
3240 12085
3241 12089
3242 12093
3243 12097
3244 12101
3245 12105
3246 12109
3247 12113
3248 12117
3249 12121
3250 12125
3251 12129
3252 12132
3253 12136
3254 12140
3255 12144
3256 12148
3257 12152
3258 12156
3259 12160
3260 12164
3261 12168
3262 12172
3263 12176
3264 12180
3265 12183
3266 12186
3267 12190
3268 12192
3269 12196
3270 12200
3271 12203
3272 12207
3273 12211
3274 12215
3275 12219
3276 12223
3277 12227
3278 12231
3279 12235
3280 12239
3281 12243
3282 12247
3283 12251
3284 12255
3285 12259
3286 12263
3287 12267
3288 12271
3289 12275
3290 12279
3291 12283
3292 12287
3293 12291
3294 12295
3295 12299
3296 12303
3297 12307
3298 12311
3299 12315
3300 12319
3301 12323
3302 12327
3303 12331
3304 12335
3305 12339
3306 12343
3307 12347
3308 12351
3309 12355
3310 12359
3311 12363
3312 12367
3313 12371
3314 12375
3315 12379
3316 12383
3317 12387
3318 12391
3319 12395
3320 12399
3321 12403
3322 12407
3323 12411
3324 12415
3325 12419
3326 12423
3327 12427
3328 12431
3329 12435
3330 12439
3331 12443
3332 12447
3333 12451
3334 12455
3335 12459
3336 12463
3337 12467
3338 12471
3339 12475
3340 12479
3341 12483
3342 12487
3343 12491
3344 12495
3345 12499
3346 12503
3347 12507
3348 12511
3349 12515
3350 12519
3351 12523
3352 12527
3353 12531
3354 12535
3355 12539
3356 12543
3357 12547
3358 12551
3359 12555
3360 12559
3361 12563
3362 12567
3363 12571
3364 12575
3365 12579
3366 12583
3367 12587
3368 12591
3369 12595
3370 12599
3371 12603
3372 12607
3373 12611
3374 12615
3375 12619
3376 12623
3377 12627
3378 12631
3379 12635
3380 12639
3381 12643
3382 12647
3383 12651
3384 12655
3385 12659
3386 12663
3387 12667
3388 12671
3389 12675
3390 12679
3391 12683
3392 12687
3393 12691
3394 12695
3395 12699
3396 12703
3397 12707
3398 12711
3399 12715
3400 12719
3401 12723
3402 12727
3403 12731
3404 12735
3405 12739
3406 12743
3407 12747
3408 12751
3409 12755
3410 12759
3411 12763
3412 12767
3413 12771
3414 12775
3415 12779
3416 12783
3417 12787
3418 12791
3419 12795
3420 12799
3421 12803
3422 12807
3423 12811
3424 12815
3425 12819
3426 12823
3427 12827
3428 12831
3429 12835
3430 12839
3431 12843
3432 12847
3433 12851
3434 12855
3435 12859
3436 12863
3437 12867
3438 12871
3439 12875
3440 12879
3441 12883
3442 12887
3443 12891
3444 12895
3445 12899
3446 12903
3447 12907
3448 12911
3449 12915
3450 12919
3451 12923
3452 12927
3453 12931
3454 12935
3455 12939
3456 12943
3457 12947
3458 12951
3459 12955
3460 12959
3461 12963
3462 12967
3463 12971
3464 12975
3465 12979
3466 12983
3467 12987
3468 12991
3469 12995
3470 12999
3471 13003
3472 13007
3473 13011
3474 13015
3475 13019
3476 13023
3477 13027
3478 13031
3479 13035
3480 13039
3481 13043
3482 13047
3483 13051
3484 13055
3485 13059
3486 13063
3487 13067
3488 13071
3489 13075
3490 13079
3491 13083
3492 13087
3493 13091
3494 13095
3495 13099
3496 13103
3497 13107
3498 13111
3499 13115
3500 13119
3501 13123
3502 13127
3503 13131
3504 13135
3505 13139
3506 13143
3507 13147
3508 13151
3509 13155
3510 13159
3511 13163
3512 13167
3513 13171
3514 13175
3515 13179
3516 13183
3517 13187
3518 13191
3519 13195
3520 13199
3521 13203
3522 13207
3523 13211
3524 13215
3525 13219
3526 13223
3527 13227
3528 13231
3529 13235
3530 13239
3531 13243
3532 13247
3533 13251
3534 13255
3535 13259
3536 13263
3537 13267
3538 13271
3539 13275
3540 13279
3541 13283
3542 13287
3543 13291
3544 13295
3545 13299
3546 13303
3547 13307
3548 13311
3549 13315
3550 13319
3551 13323
3552 13327
3553 13331
3554 13335
3555 13339
3556 13343
3557 13347
3558 13351
3559 13355
3560 13359
3561 13363
3562 13367
3563 13371
3564 13375
