0 387
1 390
2 394
3 398
4 401
5 404
6 407
7 410
8 413
9 416
10 418
11 422
12 424
13 427
14 430
15 433
16 436
17 439
18 442
19 445
20 448
21 451
22 455
23 459
24 463
25 467
26 471
27 475
28 478
29 481
30 485
31 489
32 492
33 496
34 498
35 499
36 501
37 503
38 507
39 509
40 510
41 512
42 513
43 514
46 515
49 516
50 517
51 518
52 520
55 521
56 522
57 523
58 526
59 530
60 534
61 538
62 542
63 546
64 550
65 554
66 558
67 562
68 566
69 570
70 574
71 578
72 582
73 586
74 590
75 594
76 598
77 602
78 606
79 610
80 614
81 618
82 622
83 626
84 629
85 632
86 634
87 637
88 638
89 640
90 641
94 642
99 643
100 644
101 645
102 647
104 648
105 651
106 655
107 659
108 663
109 667
110 671
111 675
112 679
113 683
114 687
115 691
116 695
117 699
118 703
119 707
120 711
121 715
122 719
123 723
124 727
125 731
126 735
127 739
128 743
129 747
130 751
131 755
132 759
133 762
134 766
135 769
136 771
137 774
138 778
139 782
140 783
141 785
142 787
143 790
145 791
146 792
147 793
150 794
153 795
155 797
156 798
159 799
160 800
161 801
162 803
163 805
164 809
165 813
166 817
167 820
168 824
169 827
170 831
171 835
172 837
173 840
174 844
175 848
176 851
177 855
178 859
179 863
180 867
181 871
182 875
183 879
184 883
185 887
186 890
187 893
188 897
189 899
190 902
191 904
192 906
193 908
194 911
195 912
196 914
198 916
199 918
200 919
201 920
205 921
206 922
207 923
208 925
209 926
210 929
211 932
212 935
213 939
214 942
215 945
216 949
217 953
218 957
219 961
220 965
221 968
222 971
223 974
224 978
225 982
226 986
227 990
228 994
229 998
230 1001
231 1003
232 1005
235 1007
236 1008
238 1010
239 1014
240 1015
241 1016
242 1018
243 1022
244 1025
245 1026
246 1029
247 1030
249 1031
251 1032
252 1033
253 1034
254 1035
255 1036
256 1037
259 1038
264 1039
265 1040
267 1041
268 1042
286 1043
293 1044
295 1045
298 1046
299 1048
300 1052
301 1056
302 1060
303 1064
304 1068
305 1072
306 1076
307 1080
308 1084
309 1088
310 1092
311 1096
312 1100
313 1104
314 1108
315 1112
316 1116
317 1120
318 1124
319 1128
320 1132
321 1136
322 1140
323 1144
324 1148
325 1152
326 1156
327 1160
328 1164
329 1168
330 1172
331 1176
332 1180
333 1184
334 1188
335 1192
336 1196
337 1200
338 1204
339 1208
340 1212
341 1216
342 1220
343 1224
344 1228
345 1232
360 1234
361 1236
362 1237
363 1239
364 1241
365 1244
366 1246
367 1247
368 1249
369 1250
370 1251
371 1252
372 1253
376 1254
380 1255
381 1257
382 1258
385 1260
389 1261
390 1262
391 1263
393 1264
394 1265
395 1266
396 1267
397 1268
398 1269
399 1271
400 1275
401 1279
402 1283
403 1287
404 1291
405 1295
406 1299
407 1303
408 1307
409 1310
410 1314
411 1317
412 1318
413 1319
414 1321
415 1324
416 1327
417 1329
418 1330
419 1332
420 1333
421 1335
422 1337
423 1340
424 1343
425 1347
426 1351
427 1355
428 1359
429 1362
430 1366
431 1370
432 1373
433 1376
434 1379
435 1383
436 1387
437 1389
438 1392
439 1394
440 1397
441 1401
442 1405
443 1409
444 1413
445 1417
450 1418
451 1419
452 1421
453 1424
454 1427
455 1428
456 1430
457 1432
458 1433
462 1434
463 1437
465 1439
468 1440
470 1442
474 1443
475 1444
478 1445
482 1446
484 1447
485 1448
490 1449
504 1450
506 1451
509 1455
510 1457
511 1460
512 1462
513 1465
514 1468
515 1472
516 1476
517 1480
518 1484
519 1488
520 1492
521 1495
522 1499
523 1502
524 1506
525 1510
526 1514
527 1518
528 1522
529 1526
530 1530
531 1534
532 1538
533 1542
534 1546
535 1550
536 1554
537 1558
538 1562
539 1564
540 1568
541 1572
542 1575
543 1579
544 1583
545 1587
546 1591
547 1595
548 1599
549 1603
550 1607
551 1611
552 1615
553 1619
554 1623
555 1627
556 1631
557 1635
558 1639
559 1643
560 1647
561 1651
562 1655
563 1659
564 1663
565 1667
566 1671
567 1675
568 1679
569 1683
570 1687
571 1691
572 1695
573 1699
574 1703
575 1705
576 1707
577 1709
578 1712
579 1715
580 1717
581 1721
582 1725
583 1729
584 1733
585 1737
586 1741
587 1745
588 1749
589 1752
590 1756
591 1760
592 1764
593 1768
594 1772
595 1776
596 1780
597 1784
598 1788
599 1792
600 1796
601 1800
602 1804
603 1808
604 1812
605 1816
606 1820
607 1824
608 1828
609 1832
610 1836
611 1840
612 1844
613 1848
614 1852
615 1856
616 1860
617 1864
618 1868
619 1872
620 1876
621 1880
622 1884
623 1888
624 1892
625 1896
626 1900
627 1904
628 1908
629 1912
630 1915
631 1919
632 1923
633 1927
634 1931
635 1934
636 1938
637 1942
638 1945
639 1949
640 1952
641 1954
642 1958
643 1961
644 1965
645 1969
646 1973
647 1976
648 1980
649 1984
650 1988
651 1991
652 1994
653 1997
654 2001
655 2004
656 2008
657 2012
658 2015
659 2018
660 2022
661 2025
662 2029
663 2033
664 2037
665 2041
666 2045
667 2049
668 2053
669 2057
670 2061
671 2065
672 2069
673 2073
674 2077
675 2081
676 2085
677 2089
678 2093
679 2097
680 2101
681 2105
682 2109
683 2112
684 2115
685 2119
686 2122
687 2126
688 2129
689 2132
690 2136
691 2139
692 2143
693 2146
694 2149
695 2152
696 2156
697 2160
698 2164
699 2168
700 2171
701 2175
702 2179
703 2183
704 2187
705 2190
706 2193
707 2195
708 2198
709 2202
710 2204
711 2208
712 2211
713 2215
714 2219
715 2223
716 2227
717 2230
718 2233
719 2237
720 2241
721 2244
722 2247
723 2250
724 2252
725 2254
726 2257
727 2258
728 2261
729 2265
730 2268
731 2270
732 2273
733 2276
734 2279
735 2283
736 2286
737 2288
738 2291
739 2293
740 2295
741 2297
742 2300
743 2303
744 2307
745 2310
746 2314
747 2318
748 2322
749 2327
750 2331
751 2335
752 2339
753 2343
754 2346
755 2350
756 2354
757 2358
758 2362
759 2367
760 2371
761 2375
762 2379
763 2382
764 2386
765 2390
766 2394
767 2398
768 2402
769 2406
770 2411
771 2415
772 2418
773 2422
774 2426
775 2430
776 2434
777 2438
778 2442
779 2446
780 2451
781 2454
782 2458
783 2462
784 2466
785 2470
786 2474
787 2478
788 2482
789 2486
790 2490
791 2494
792 2498
793 2502
794 2506
795 2510
796 2514
797 2518
798 2522
799 2526
800 2530
801 2534
802 2538
803 2542
804 2546
805 2550
806 2554
807 2558
808 2562
809 2566
810 2570
811 2574
812 2578
813 2582
814 2586
815 2590
816 2594
817 2598
818 2602
819 2606
820 2610
821 2614
822 2618
823 2622
824 2626
825 2630
826 2634
827 2638
828 2642
829 2646
830 2650
831 2654
832 2658
833 2662
834 2666
835 2670
836 2674
837 2678
838 2682
839 2686
840 2690
841 2694
842 2698
843 2702
844 2706
845 2709
846 2713
847 2717
848 2721
849 2725
850 2729
851 2733
852 2737
853 2741
854 2745
855 2749
856 2753
857 2757
858 2761
859 2765
860 2769
861 2773
862 2777
863 2781
864 2785
865 2789
866 2793
867 2797
868 2801
869 2805
870 2809
871 2813
872 2817
873 2821
874 2825
875 2829
876 2833
877 2837
878 2841
879 2845
880 2849
881 2853
882 2857
883 2861
884 2865
885 2869
886 2873
887 2877
888 2881
889 2885
890 2889
891 2893
892 2897
893 2901
894 2905
895 2909
896 2913
897 2917
898 2921
899 2925
900 2929
901 2933
902 2937
903 2941
904 2945
905 2949
906 2953
907 2957
908 2961
909 2965
910 2969
911 2973
912 2977
913 2981
914 2985
915 2989
916 2993
917 2997
918 3001
919 3005
920 3009
921 3013
922 3017
923 3021
924 3025
925 3029
926 3033
927 3037
928 3041
929 3045
930 3049
931 3053
932 3057
933 3061
934 3065
935 3069
936 3073
937 3077
938 3081
939 3085
940 3089
941 3093
942 3097
943 3101
944 3105
945 3107
946 3109
947 3111
948 3113
949 3114
951 3115
953 3116
954 3117
955 3119
956 3120
957 3122
958 3123
959 3125
961 3127
962 3129
963 3132
964 3133
965 3134
966 3137
967 3141
968 3145
969 3149
970 3153
971 3157
972 3160
973 3163
974 3166
976 3167
980 3168
981 3169
982 3170
983 3171
984 3172
985 3174
986 3176
987 3177
988 3178
989 3180
990 3181
991 3183
992 3184
994 3185
995 3186
996 3187
997 3189
998 3190
999 3193
1001 3195
1002 3196
1003 3197
1004 3198
1019 3199
1020 3202
1021 3206
1022 3209
1023 3213
1024 3217
1025 3221
1026 3225
1027 3229
1028 3233
1029 3236
1030 3238
1031 3241
1032 3245
1033 3248
1034 3251
1035 3254
1036 3258
1037 3262
1038 3265
1039 3267
1040 3271
1041 3275
1042 3278
1043 3281
1044 3285
1045 3289
1046 3293
1047 3297
1048 3301
1049 3305
1050 3309
1051 3313
1052 3316
1053 3319
1054 3322
1055 3326
1056 3329
1057 3332
1058 3335
1059 3338
1060 3341
1061 3344
1062 3347
1063 3350
1064 3353
1065 3356
1066 3359
1067 3362
1068 3365
1069 3368
1070 3371
1071 3374
1072 3377
1073 3381
1074 3385
1075 3389
1076 3392
1077 3395
1078 3397
1079 3400
1080 3403
1081 3406
1082 3409
1083 3412
1084 3415
1085 3418
1086 3422
1087 3425
1088 3429
1089 3432
1090 3436
1091 3440
1092 3443
1093 3447
1094 3451
1095 3455
1096 3459
1097 3463
1098 3467
1099 3471
1100 3475
1101 3479
1102 3483
1103 3487
1104 3491
1105 3495
1106 3499
1107 3503
1108 3507
1109 3511
1110 3515
1111 3517
1112 3521
1113 3525
1114 3529
1115 3532
1116 3535
1117 3538
1118 3542
1119 3546
1120 3550
1121 3554
1122 3558
1123 3562
1124 3566
1125 3570
1126 3574
1127 3578
1128 3582
1129 3586
1130 3590
1131 3594
1132 3598
1133 3602
1134 3606
1135 3610
1136 3614
1137 3618
1138 3622
1139 3626
1140 3630
1141 3634
1142 3638
1143 3642
1144 3646
1145 3650
1146 3654
1147 3658
1148 3662
1149 3666
1150 3670
1151 3674
1152 3678
1153 3682
1154 3686
1155 3690
1156 3694
1157 3698
1158 3702
1159 3706
1160 3710
1161 3714
1162 3718
1163 3722
1164 3726
1165 3730
1166 3734
1167 3738
1168 3742
1169 3746
1170 3750
1171 3754
1172 3758
1173 3762
1174 3766
1175 3770
1176 3774
1177 3778
1178 3782
1179 3786
1180 3790
1181 3794
1182 3798
1183 3802
1184 3806
1185 3810
1186 3814
1187 3818
1188 3822
1189 3826
1190 3830
1191 3834
1192 3838
1193 3842
1194 3846
1195 3850
1196 3854
1197 3858
1198 3862
1199 3866
1200 3870
1201 3874
1202 3878
1203 3882
1204 3886
1205 3890
1206 3894
1207 3898
1208 3902
1209 3906
1210 3910
1211 3914
1212 3918
1213 3922
1214 3926
1215 3930
1216 3934
1217 3938
1218 3942
1219 3946
1220 3950
1221 3954
1222 3958
1223 3962
1224 3966
1225 3970
1226 3974
1227 3978
1228 3982
1229 3986
1230 3990
1231 3994
1232 3997
1233 4001
1234 4004
1235 4007
1236 4010
1237 4013
1238 4017
1239 4020
1240 4023
1241 4026
1242 4029
1243 4031
1244 4035
1245 4037
1246 4038
1247 4039
1248 4043
1249 4046
1250 4050
1251 4054
1252 4058
1253 4062
1254 4066
1255 4070
1256 4074
1257 4078
1258 4082
1259 4086
1260 4090
1261 4094
1262 4098
1263 4102
1264 4106
1265 4110
1266 4114
1267 4118
1268 4122
1269 4126
1270 4130
1271 4134
1272 4138
1273 4142
1274 4146
1275 4150
1276 4153
1277 4157
1278 4160
1279 4164
1280 4168
1281 4172
1282 4176
1283 4180
1284 4184
1285 4188
1286 4192
1287 4196
1288 4200
1289 4204
1290 4208
1291 4212
1292 4216
1293 4220
1294 4224
1295 4228
1296 4232
1297 4236
1298 4240
1299 4244
1300 4248
1301 4252
1302 4256
1303 4260
1304 4264
1305 4268
1306 4272
1307 4276
1308 4280
1309 4284
1310 4288
1311 4292
1312 4296
1313 4300
1314 4304
1315 4308
1316 4312
1317 4316
1318 4320
1319 4324
1320 4328
1321 4332
1322 4336
1323 4340
1324 4344
1325 4348
1326 4352
1327 4356
1328 4360
1329 4364
1330 4368
1331 4372
1332 4376
1333 4380
1334 4384
1335 4388
1336 4392
1337 4396
1338 4400
1339 4404
1340 4408
1341 4412
1342 4416
1343 4420
1344 4424
1345 4428
1346 4432
1347 4436
1348 4440
1349 4444
1350 4448
1351 4452
1352 4455
1353 4459
1354 4463
1355 4467
1356 4471
1357 4475
1358 4479
1359 4483
1360 4487
1361 4491
1362 4495
1363 4499
1364 4503
1365 4507
1366 4511
1367 4515
1368 4519
1369 4523
1370 4527
1371 4531
1372 4534
1373 4538
1374 4542
1375 4546
1376 4550
1377 4554
1378 4558
1379 4562
1380 4566
1381 4570
1382 4574
1383 4578
1384 4582
1385 4586
1386 4589
1387 4593
1388 4597
1389 4601
1390 4604
1391 4607
1392 4608
1393 4609
1394 4610
1395 4612
1396 4615
1397 4617
1398 4619
1400 4620
1401 4623
1402 4625
1403 4626
1404 4627
1410 4628
1411 4629
1412 4630
1413 4631
1414 4632
1416 4634
1417 4635
1420 4636
1428 4637
1429 4639
1431 4640
1432 4641
1433 4643
1434 4647
1435 4651
1436 4655
1437 4659
1438 4663
1439 4667
1440 4671
1441 4675
1442 4679
1443 4683
1444 4687
1445 4691
1446 4695
1447 4699
1448 4703
1449 4707
1450 4711
1451 4715
1452 4719
1453 4723
1454 4727
1455 4731
1456 4735
1457 4739
1458 4743
1459 4747
1460 4751
1461 4755
1462 4759
1463 4761
1464 4763
1465 4765
1466 4767
1467 4770
1468 4773
1469 4775
1470 4777
1471 4779
1472 4781
1473 4785
1474 4786
1475 4788
1476 4792
1477 4794
1478 4798
1479 4802
1493 4803
1496 4804
1497 4807
1498 4810
1499 4814
1500 4818
1501 4820
1502 4823
1503 4826
1504 4830
1505 4834
1506 4838
1507 4841
1508 4845
1509 4849
1510 4853
1511 4857
1512 4861
1513 4865
1514 4869
1515 4873
1516 4877
1517 4881
1518 4885
1519 4889
1520 4893
1521 4897
1522 4901
1523 4905
1524 4909
1525 4913
1526 4917
1527 4921
1528 4925
1529 4929
1530 4933
1531 4937
1532 4941
1533 4945
1534 4949
1535 4953
1536 4957
1537 4961
1538 4965
1539 4969
1540 4973
1541 4977
1542 4981
1543 4985
1544 4989
1545 4993
1546 4997
1547 5001
1548 5005
1549 5009
1550 5013
1551 5017
1552 5021
1553 5025
1554 5029
1555 5033
1556 5036
1557 5040
1571 5042
1572 5046
1573 5050
1574 5054
1575 5058
1576 5062
1577 5066
1578 5069
1579 5073
1580 5077
1581 5080
1582 5083
1583 5087
1584 5091
1585 5094
1586 5097
1587 5100
1588 5104
1589 5108
1590 5112
1591 5116
1592 5118
1605 5120
1606 5124
1607 5128
1608 5132
1609 5136
1610 5140
1611 5144
1612 5148
1613 5152
1614 5156
1615 5160
1616 5164
1617 5168
1618 5172
1619 5176
1620 5179
1621 5183
1622 5186
1623 5188
1624 5192
1625 5195
1626 5199
1627 5202
1628 5206
1629 5210
1630 5213
1631 5216
1632 5219
1633 5223
1634 5226
1635 5229
1636 5232
1637 5236
1638 5240
1639 5244
1640 5248
1641 5251
1642 5255
1643 5258
1644 5260
1645 5264
1646 5268
1647 5272
1648 5276
1649 5280
1650 5284
1651 5288
1652 5292
1653 5296
1654 5300
1655 5304
1656 5308
1657 5312
1658 5316
1659 5320
1660 5324
1661 5328
1662 5332
1663 5336
1664 5340
1665 5344
1666 5348
1667 5352
1668 5356
1669 5360
1670 5364
1671 5368
1672 5372
1673 5376
1674 5380
1675 5384
1676 5388
1677 5392
1678 5396
1679 5400
1680 5404
1681 5408
1682 5412
1683 5416
1684 5420
1685 5424
1686 5428
1687 5432
1688 5436
1689 5440
1690 5444
1691 5448
1692 5452
1693 5456
1694 5460
1695 5464
1696 5468
1697 5472
1698 5476
1699 5480
1700 5484
1701 5488
1702 5492
1703 5496
1704 5500
1705 5504
1706 5508
1707 5512
1708 5516
1709 5520
1710 5524
1711 5528
1712 5532
1713 5536
1714 5540
1715 5544
1716 5548
1717 5552
1718 5556
1719 5560
1720 5564
1721 5568
1722 5572
1723 5576
1724 5580
1725 5584
1726 5588
1727 5592
1728 5596
1729 5600
1730 5604
1731 5608
1732 5612
1733 5616
1734 5620
1735 5624
1736 5628
1737 5632
1738 5636
1739 5640
1740 5644
1741 5648
1742 5652
1743 5656
1744 5660
1745 5664
1746 5668
1747 5672
1748 5676
1749 5680
1750 5684
1751 5688
1752 5692
1753 5696
1754 5700
1755 5704
1756 5708
1757 5712
1758 5716
1759 5720
1760 5724
1761 5728
1762 5732
1763 5736
1764 5740
1765 5744
1766 5748
1767 5752
1768 5756
1769 5760
1770 5764
1771 5768
1772 5772
1773 5776
1774 5780
1775 5784
1776 5788
1777 5792
1778 5796
1779 5800
1780 5804
1781 5808
1782 5812
1783 5816
1784 5820
1785 5824
1786 5828
1787 5832
1788 5836
1789 5840
1790 5844
1791 5848
1792 5852
1793 5856
1794 5860
1795 5864
1796 5868
1797 5871
1798 5875
1799 5879
1800 5883
1801 5887
1802 5891
1803 5895
1804 5899
1805 5903
1806 5907
1807 5911
1808 5915
1809 5919
1810 5923
1811 5927
1812 5931
1813 5935
1814 5939
1815 5943
1816 5947
1817 5951
1818 5955
1819 5959
1820 5963
1821 5967
1822 5971
1823 5975
1824 5979
1825 5983
1826 5987
1827 5991
1828 5995
1829 5999
1830 6003
1831 6007
1832 6011
1833 6015
1834 6019
1835 6023
1836 6027
1837 6031
1838 6035
1839 6039
1840 6043
1841 6047
1842 6051
1843 6055
1844 6059
1845 6063
1846 6067
1847 6071
1848 6075
1849 6079
1850 6083
1851 6087
1852 6091
1853 6095
1854 6099
1855 6103
1856 6107
1857 6111
1858 6115
1859 6119
1860 6123
1861 6127
1862 6131
1863 6135
1864 6139
1865 6143
1866 6147
1867 6151
1868 6155
1869 6159
1870 6163
1871 6167
1872 6171
1873 6175
1874 6179
1875 6183
1876 6187
1877 6191
1878 6195
1879 6199
1880 6203
1881 6207
1882 6211
1883 6214
1884 6217
1885 6220
1886 6224
1887 6227
1888 6229
1889 6233
1890 6235
1891 6239
1892 6243
1893 6247
1894 6250
1895 6254
1896 6257
1897 6261
1898 6265
1899 6269
1900 6272
1901 6276
1902 6280
1903 6284
1904 6288
1905 6292
1906 6296
1907 6299
1908 6303
1909 6307
1910 6311
1911 6315
1912 6318
1913 6321
1914 6324
1915 6328
1916 6332
1917 6335
1918 6339
1919 6342
1920 6346
1921 6350
1922 6354
1923 6358
1924 6362
1925 6366
1926 6370
1927 6374
1928 6378
1929 6382
1930 6385
1931 6389
1932 6393
1933 6397
1934 6401
1935 6405
1936 6409
1937 6413
1938 6417
1939 6421
1940 6425
1941 6429
1942 6433
1943 6437
1944 6441
1945 6444
1946 6447
1947 6449
1952 6451
1953 6455
1954 6459
1955 6463
1956 6466
1957 6470
1958 6474
1959 6478
1960 6482
1961 6484
1969 6485
1970 6487
1971 6491
1972 6494
1973 6498
1974 6502
1975 6506
1976 6509
1977 6513
1978 6517
1979 6521
1980 6525
1981 6529
1982 6533
1983 6537
1984 6541
1985 6545
1986 6549
1987 6553
1988 6557
1989 6561
1990 6565
1991 6569
1992 6573
1993 6577
1994 6581
1995 6585
1996 6589
1997 6593
1998 6597
1999 6600
2000 6604
2001 6608
2002 6612
2003 6616
2004 6620
2005 6624
2006 6628
2007 6632
2008 6636
2009 6640
2010 6644
2011 6648
2012 6652
2013 6656
2014 6660
2015 6664
2016 6668
2017 6672
2018 6676
2019 6680
2020 6684
2021 6688
2022 6692
2023 6693
2024 6696
2025 6700
2026 6704
2027 6706
2028 6709
2029 6711
2030 6714
2031 6716
2032 6718
2033 6721
2034 6724
2035 6728
2036 6732
2037 6736
2038 6740
2039 6744
2040 6748
2041 6752
2042 6756
2043 6759
2044 6763
2045 6767
2046 6771
2047 6775
2048 6779
2049 6782
2050 6786
2051 6790
2052 6794
2053 6798
2054 6802
2055 6806
2056 6810
2057 6814
2058 6818
2059 6822
2060 6826
2061 6830
2062 6834
2063 6838
2064 6842
2065 6846
2066 6850
2067 6854
2068 6858
2069 6862
2070 6866
2071 6870
2072 6874
2073 6878
2074 6882
2075 6886
2076 6890
2077 6894
2078 6898
2079 6902
2080 6906
2081 6910
2082 6914
2083 6918
2084 6922
2085 6926
2086 6930
2087 6934
2088 6938
2089 6942
2090 6946
2091 6950
2092 6954
2093 6958
2094 6962
2095 6966
2096 6970
2097 6974
2098 6978
2099 6982
2100 6986
2101 6990
2102 6994
2103 6998
2104 7002
2105 7006
2106 7010
2107 7014
2108 7018
2109 7022
2110 7024
2111 7028
2112 7032
2113 7036
2114 7040
2115 7044
2116 7048
2117 7052
2118 7056
2119 7060
2120 7064
2121 7068
2122 7072
2123 7076
2124 7080
2125 7084
2126 7088
2127 7092
2128 7095
2129 7099
2130 7103
2131 7107
2132 7111
2133 7115
2134 7119
2135 7123
2136 7127
2137 7131
2138 7135
2139 7139
2140 7143
2141 7147
2142 7151
2143 7155
2144 7159
2145 7163
2146 7167
2147 7171
2148 7175
2149 7179
2150 7183
2151 7187
2152 7191
2153 7195
2154 7199
2155 7203
2156 7207
2157 7211
2158 7215
2159 7219
2160 7223
2161 7227
2162 7231
2163 7235
2164 7239
2165 7243
2166 7247
2167 7251
2168 7255
2169 7259
2170 7263
2171 7267
2172 7271
2173 7275
2174 7279
2175 7283
2176 7287
2177 7291
2178 7295
2179 7299
2180 7303
2181 7307
2182 7311
2183 7315
2184 7319
2185 7323
2186 7327
2187 7331
2188 7335
2189 7339
2190 7343
2191 7347
2192 7351
2193 7355
2194 7359
2195 7363
2196 7367
2197 7371
2198 7375
2199 7379
2200 7383
2201 7387
2202 7391
2203 7395
2204 7399
2205 7403
2206 7407
2207 7411
2208 7415
2209 7419
2210 7423
2211 7427
2212 7431
2213 7435
2214 7439
2215 7443
2216 7447
2217 7451
2218 7455
2219 7459
2220 7463
2221 7467
2222 7471
2223 7475
2224 7479
2225 7483
2226 7487
2227 7491
2228 7495
2229 7499
2230 7503
2231 7507
2232 7511
2233 7515
2234 7519
2235 7523
2236 7527
2237 7531
2238 7535
2239 7539
2240 7543
2241 7547
2242 7551
2243 7555
2244 7559
2245 7563
2246 7567
2247 7571
2248 7575
2249 7579
2250 7583
2251 7587
2252 7591
2253 7595
2254 7599
2255 7603
2256 7607
2257 7611
2258 7615
2259 7619
2260 7623
2261 7627
2262 7631
2263 7635
2264 7639
2265 7643
2266 7647
2267 7651
2268 7655
2269 7659
2270 7663
2271 7667
2272 7671
2273 7675
2274 7679
2275 7683
2276 7687
2277 7691
2278 7695
2279 7699
2280 7703
2281 7707
2282 7711
2283 7715
2284 7719
2285 7723
2286 7727
2287 7731
2288 7735
2289 7739
2290 7743
2291 7747
2292 7750
2293 7754
2294 7758
2295 7761
2296 7763
2297 7764
2298 7765
2299 7766
2300 7768
2301 7769
2302 7770
2303 7772
2304 7774
2305 7775
2306 7776
2307 7777
2308 7779
2309 7782
2310 7786
2312 7789
2313 7790
2314 7794
2315 7797
2316 7801
2317 7802
2318 7804
2319 7806
2320 7809
2321 7813
2322 7817
2323 7821
2324 7825
2325 7828
2326 7832
2327 7835
2328 7838
2329 7841
2330 7845
2331 7849
2332 7853
2333 7857
2334 7859
2335 7863
2336 7866
2337 7869
2339 7871
2340 7872
2341 7873
2342 7875
2343 7879
2344 7882
2345 7883
2347 7884
2348 7886
2350 7888
2351 7891
2352 7893
2353 7895
2354 7899
2355 7903
2356 7907
2357 7911
2358 7915
2359 7919
2360 7922
2361 7926
2362 7930
2363 7934
2364 7938
2365 7942
2366 7946
2367 7950
2368 7954
2369 7958
2370 7962
2371 7966
2372 7970
2373 7974
2374 7977
2375 7980
2376 7984
2377 7988
2378 7992
2379 7996
2380 8000
2381 8004
2382 8008
2383 8012
2384 8016
2385 8020
2386 8024
2387 8028
2388 8032
2389 8036
2390 8040
2391 8044
2392 8048
2393 8052
2394 8056
2395 8060
2396 8064
2397 8068
2398 8072
2399 8076
2400 8080
2401 8084
2402 8088
2403 8092
2404 8096
2405 8100
2406 8104
2407 8108
2408 8112
2409 8116
2410 8120
2411 8124
2412 8128
2413 8132
2414 8136
2415 8140
2416 8144
2417 8148
2418 8152
2419 8156
2420 8160
2421 8164
2422 8168
2423 8172
2424 8176
2425 8180
2426 8184
2427 8188
2428 8192
2429 8196
2430 8200
2431 8204
2432 8208
2433 8212
2434 8216
2435 8220
2436 8224
2437 8228
2438 8232
2439 8235
2440 8239
2441 8243
2442 8247
2443 8251
2444 8255
2445 8259
2446 8263
2447 8267
2448 8271
2449 8275
2450 8279
2451 8283
2452 8287
2453 8291
2454 8295
2455 8299
2456 8303
2457 8307
2458 8311
2459 8315
2460 8319
2461 8323
2462 8327
2463 8331
2464 8335
2465 8338
2466 8342
2467 8346
2468 8350
2469 8354
2470 8358
2471 8362
2472 8366
2473 8370
2474 8374
2475 8378
2476 8382
2477 8386
2478 8390
2479 8394
2480 8397
2481 8400
2482 8403
2483 8407
2484 8411
2485 8415
2486 8419
2487 8423
2488 8427
2489 8431
2490 8435
2491 8439
2492 8441
2493 8445
2494 8447
2495 8448
2496 8450
2497 8454
2498 8458
2499 8461
2500 8463
2502 8465
2504 8466
2506 8467
2507 8470
2508 8473
2509 8476
2510 8478
2511 8480
2512 8483
2513 8486
2514 8490
2515 8494
2516 8498
2517 8502
2518 8506
2519 8510
2520 8514
2521 8518
2522 8522
2523 8526
2524 8529
2525 8533
2526 8537
2527 8541
2528 8545
2529 8549
2530 8553
2531 8557
2532 8561
2533 8565
2534 8569
2535 8573
2536 8577
2537 8581
2538 8585
2539 8589
2540 8593
2541 8597
2542 8600
2543 8604
2544 8607
2545 8611
2546 8615
2547 8619
2548 8622
2549 8624
2550 8628
2551 8631
2552 8635
2553 8637
2554 8640
2555 8643
2556 8647
2557 8650
2558 8654
2559 8658
2560 8662
2561 8666
2562 8670
2563 8674
2564 8678
2565 8682
2566 8686
2567 8690
2568 8694
2569 8698
2570 8702
2571 8706
2572 8710
2573 8714
2574 8717
2575 8721
2576 8725
2577 8728
2578 8731
2579 8735
2580 8738
2581 8742
2582 8746
2583 8750
2584 8754
2585 8758
2586 8762
2587 8766
2588 8770
2589 8774
2590 8778
2591 8782
2592 8786
2593 8790
2594 8794
2595 8798
2596 8802
2597 8806
2598 8810
2599 8814
2600 8818
2601 8822
2602 8826
2603 8830
2604 8834
2605 8838
2606 8842
2607 8846
2608 8850
2609 8854
2610 8858
2611 8862
2612 8866
2613 8870
2614 8874
2615 8878
2616 8882
2617 8886
2618 8890
2619 8894
2620 8898
2621 8902
2622 8906
2623 8910
2624 8914
2625 8918
2626 8922
2627 8926
2628 8930
2629 8934
2630 8938
2631 8942
2632 8946
2633 8950
2634 8954
2635 8958
2636 8962
2637 8966
2638 8970
2639 8974
2640 8978
2641 8982
2642 8986
2643 8990
2644 8994
2645 8998
2646 9002
2647 9006
2648 9010
2649 9014
2650 9018
2651 9022
2652 9026
2653 9030
2654 9034
2655 9038
2656 9042
2657 9046
2658 9050
2659 9054
2660 9058
2661 9062
2662 9066
2663 9070
2664 9074
2665 9078
2666 9082
2667 9086
2668 9090
2669 9094
2670 9098
2671 9102
2672 9106
2673 9110
2674 9114
2675 9118
2676 9122
2677 9126
2678 9130
2679 9134
2680 9138
2681 9142
2682 9146
2683 9150
2684 9154
2685 9158
2686 9162
2687 9166
2688 9170
2689 9174
2690 9178
2691 9182
2692 9186
2693 9190
2694 9194
2695 9197
2696 9200
2697 9204
2698 9208
2699 9212
2700 9214
2701 9218
2702 9221
2703 9224
2704 9227
2705 9230
2706 9233
2707 9236
2708 9239
2709 9243
2710 9245
2711 9248
2712 9251
2713 9254
2714 9258
2715 9261
2716 9265
2717 9268
2718 9271
2719 9275
2720 9279
2721 9283
2722 9287
2723 9289
2724 9292
2725 9296
2726 9300
2727 9304
2728 9308
2729 9312
2730 9316
2731 9320
2732 9324
2733 9328
2734 9332
2735 9336
2736 9340
2737 9344
2738 9348
2739 9352
2740 9356
2741 9360
2742 9364
2743 9368
2744 9372
2745 9376
2746 9380
2747 9384
2748 9388
2749 9392
2750 9396
2751 9400
2752 9404
2753 9408
2754 9412
2755 9416
2756 9420
2757 9424
2758 9428
2759 9432
2760 9436
2761 9440
2762 9444
2763 9448
2764 9452
2765 9456
2766 9460
2767 9464
2768 9468
2769 9472
2770 9476
2771 9480
2772 9484
2773 9488
2774 9492
2775 9496
2776 9500
2777 9504
2778 9508
2779 9512
2780 9516
2781 9520
2782 9524
2783 9528
2784 9532
2785 9536
2786 9540
2787 9544
2788 9548
2789 9552
2790 9556
2791 9560
2792 9564
2793 9568
2794 9572
2795 9576
2796 9580
2797 9584
2798 9588
2799 9592
2800 9596
2801 9600
2802 9604
2803 9608
2804 9612
2805 9616
2806 9619
2807 9621
2808 9622
2810 9624
2812 9626
2813 9627
2814 9628
2815 9630
2816 9632
2817 9635
2818 9638
2819 9642
2820 9646
2821 9649
2822 9652
2823 9656
2824 9660
2825 9664
2826 9668
2827 9671
2828 9674
2829 9678
2830 9681
2831 9685
2832 9689
2833 9693
2834 9697
2835 9701
2836 9705
2837 9709
2838 9713
2839 9717
2840 9720
2841 9723
2842 9727
2843 9730
2844 9733
2845 9736
2846 9739
2847 9743
2848 9747
2849 9750
2850 9754
2851 9758
2852 9762
2853 9766
2854 9770
2855 9774
2856 9778
2857 9782
2858 9786
2859 9790
2860 9794
2861 9798
2862 9802
2863 9806
2864 9810
2865 9814
2866 9818
2867 9822
2868 9826
2869 9830
2870 9834
2871 9838
2872 9842
2873 9846
2874 9849
2875 9853
2876 9857
2877 9861
2878 9865
2879 9869
2880 9873
2881 9877
2882 9881
2883 9885
2884 9889
2885 9893
2886 9897
2887 9901
2888 9905
2889 9909
2890 9913
2891 9917
2892 9921
2893 9925
2894 9929
2895 9933
2896 9937
2897 9941
2898 9945
2899 9949
2900 9953
2901 9957
2902 9961
2903 9965
2904 9969
2905 9973
2906 9977
2907 9981
2908 9985
2909 9989
2910 9993
2911 9997
2912 10000
2913 10004
2914 10008
2915 10012
2916 10016
2917 10020
2918 10024
2919 10028
2920 10032
2921 10036
2922 10040
2923 10044
2924 10047
2925 10051
2926 10055
2927 10059
2928 10063
2929 10067
2930 10071
2931 10073
2932 10076
2933 10080
2934 10084
2935 10085
2936 10088
2937 10090
2938 10092
2939 10093
2940 10094
2941 10097
2942 10101
2943 10104
2944 10108
2945 10112
2946 10116
2947 10120
2948 10124
2949 10127
2950 10130
2951 10133
2952 10137
2953 10141
2954 10145
2955 10148
2956 10152
2957 10156
2958 10160
2959 10164
2960 10168
2961 10171
2962 10175
2963 10179
2964 10183
2965 10187
2966 10191
2967 10195
2968 10199
2969 10203
2970 10207
2971 10211
2972 10215
2973 10219
2974 10223
2975 10226
2976 10230
2977 10234
2978 10238
2979 10241
2980 10244
2981 10247
2982 10250
2983 10253
2984 10257
2985 10261
2986 10265
2987 10268
2988 10272
2989 10276
2990 10280
2991 10284
2992 10288
2993 10291
2994 10295
2995 10299
2996 10302
2997 10306
2998 10310
2999 10314
3000 10318
3001 10322
3002 10326
3003 10329
3004 10333
3005 10336
3006 10340
3007 10344
3008 10348
3009 10352
3010 10356
3011 10360
3012 10364
3013 10368
3014 10372
3015 10376
3016 10380
3017 10384
3018 10388
3019 10392
3020 10396
3021 10400
3022 10404
3023 10408
3024 10412
3025 10416
3026 10419
3027 10423
3028 10427
3029 10431
3030 10435
3031 10439
3032 10443
3033 10447
3034 10451
3035 10455
3036 10459
3037 10463
3038 10467
3039 10471
3040 10475
3041 10479
3042 10483
3043 10487
3044 10491
3045 10495
3046 10499
3047 10503
3048 10507
3049 10511
3050 10514
3051 10518
3052 10522
3053 10526
3054 10530
3055 10534
3056 10538
3057 10542
3058 10546
3059 10550
3060 10554
3061 10558
3062 10562
3063 10565
3064 10569
3065 10573
3066 10577
3067 10580
3068 10584
3069 10588
3070 10592
3071 10596
3072 10599
3073 10603
3074 10607
3075 10611
3076 10615
3077 10619
3078 10623
3079 10627
3080 10631
3081 10635
3082 10639
3083 10643
3084 10647
3085 10651
3086 10655
3087 10659
3088 10663
3089 10667
3090 10671
3091 10675
3092 10679
3093 10683
3094 10687
3095 10691
3096 10695
3097 10699
3098 10703
3099 10707
3100 10711
3101 10715
3102 10719
3103 10723
3104 10727
3105 10731
3106 10735
3107 10739
3108 10743
3109 10747
3110 10751
3111 10755
3112 10759
3113 10763
3114 10767
3115 10771
3116 10775
3117 10779
3118 10783
3119 10787
3120 10791
3121 10795
3122 10799
3123 10803
3124 10807
3125 10811
3126 10815
3127 10819
3128 10823
3129 10827
3130 10831
3131 10835
3132 10839
3133 10843
3134 10847
3135 10851
3136 10855
3137 10859
3138 10863
3139 10867
3140 10871
3141 10875
3142 10879
3143 10883
3144 10887
3145 10891
3146 10895
3147 10899
3148 10903
3149 10907
3150 10911
3151 10915
3152 10919
3153 10923
3154 10927
3155 10931
3156 10935
3157 10939
3158 10943
3159 10947
3160 10951
3161 10955
3162 10959
3163 10963
3164 10967
3165 10971
3166 10975
3167 10979
3168 10983
3169 10987
3170 10991
3171 10995
3172 10999
3173 11003
3174 11007
3175 11011
3176 11015
3177 11019
3178 11023
3179 11027
3180 11031
3181 11035
3182 11039
3183 11043
3184 11047
3185 11051
3186 11055
3187 11059
3188 11063
3189 11067
3190 11071
3191 11075
3192 11079
3193 11083
3194 11087
3195 11091
3196 11095
3197 11099
3198 11103
3199 11107
3200 11111
3201 11115
3202 11119
3203 11123
3204 11127
3205 11131
3206 11135
3207 11139
3208 11143
3209 11147
3210 11151
3211 11155
3212 11159
3213 11163
3214 11167
3215 11171
3216 11175
3217 11179
3218 11183
3219 11187
3220 11191
3221 11195
3222 11199
3223 11203
3224 11207
3225 11211
3226 11215
3227 11219
3228 11223
3229 11227
3230 11231
3231 11235
3232 11239
3233 11243
3234 11247
3235 11251
3236 11255
3237 11259
3238 11263
3239 11267
3240 11271
3241 11275
3242 11279
3243 11283
3244 11287
3245 11291
3246 11295
3247 11299
3248 11303
3249 11307
3250 11311
3251 11315
3252 11319
3253 11323
3254 11327
3255 11331
3256 11335
3257 11339
3258 11343
3259 11347
3260 11351
3261 11355
3262 11359
3263 11363
3264 11367
3265 11371
3266 11375
3267 11379
3268 11383
3269 11387
3270 11391
3271 11395
3272 11399
3273 11403
3274 11407
3275 11411
3276 11415
3277 11419
3278 11423
3279 11427
3280 11431
3281 11435
3282 11439
3283 11443
3284 11447
3285 11451
3286 11455
3287 11459
3288 11463
3289 11467
3290 11471
3291 11475
3292 11479
3293 11483
3294 11487
3295 11491
3296 11495
3297 11499
3298 11503
3299 11507
3300 11511
3301 11515
3302 11519
3303 11523
3304 11527
3305 11531
3306 11535
3307 11539
3308 11543
3309 11547
3310 11551
3311 11555
3312 11559
3313 11563
3314 11567
3315 11571
3316 11575
3317 11579
3318 11583
3319 11587
3320 11590
3321 11594
3322 11598
3323 11602
3324 11606
3325 11610
3326 11614
3327 11618
3328 11622
3329 11626
3330 11630
3331 11634
3332 11638
3333 11642
3334 11645
3335 11646
3336 11648
3337 11652
3338 11656
3339 11660
3340 11662
3341 11666
3342 11670
3343 11674
3344 11678
3345 11682
3346 11686
3347 11689
3350 11690
3351 11693
3352 11697
3353 11701
3354 11705
3355 11709
3356 11713
3357 11717
3358 11721
3359 11725
3360 11729
3361 11733
3362 11737
3363 11741
3364 11745
3365 11749
3366 11753
3367 11757
3368 11761
3369 11765
3370 11769
3371 11773
3372 11777
3373 11781
3374 11785
3375 11789
3376 11793
3377 11797
3378 11801
3379 11805
3380 11809
3381 11813
3382 11817
3383 11821
3384 11825
3385 11829
3386 11833
3387 11837
3388 11841
3389 11845
3390 11849
3391 11853
3392 11857
3393 11861
3394 11865
3395 11869
3396 11873
3397 11877
3398 11881
3399 11885
3400 11889
3401 11893
3402 11897
3403 11901
3404 11905
3405 11909
3406 11913
3407 11917
3408 11921
3409 11925
3410 11929
3411 11933
3412 11937
3413 11941
3414 11945
3415 11949
3416 11953
3417 11957
3418 11961
3419 11965
3420 11969
3421 11973
3422 11977
3423 11981
3424 11985
3425 11989
3426 11993
3427 11997
3428 12001
3429 12005
3430 12009
3431 12013
3432 12017
3433 12021
3434 12025
3435 12029
3436 12033
3437 12037
3438 12041
3439 12045
3440 12049
3441 12053
3442 12057
3443 12061
3444 12065
3445 12069
3446 12073
3447 12077
3448 12081
3449 12085
3450 12089
3451 12093
3452 12097
3453 12101
3454 12105
3455 12109
3456 12113
3457 12117
3458 12121
3459 12125
