329 0
330 2
331 6
332 10
333 14
334 18
335 22
336 26
337 30
338 33
339 37
340 41
341 45
342 49
343 52
344 56
345 60
346 64
347 68
348 71
349 75
350 79
351 83
352 87
353 91
354 95
355 98
356 102
357 106
358 110
359 114
360 118
361 122
362 126
363 130
364 134
365 138
366 142
367 146
368 150
369 154
370 158
371 162
372 166
373 170
374 174
375 178
376 182
377 185
378 189
379 193
380 197
381 201
382 205
383 209
384 213
385 217
386 221
387 225
388 229
389 233
390 237
391 241
392 245
393 249
394 253
395 257
396 261
397 265
398 269
399 273
400 277
401 281
402 285
403 289
404 293
405 297
406 301
407 305
408 309
409 313
410 317
411 321
412 325
413 329
414 333
415 337
416 341
417 345
418 349
419 353
420 356
421 360
422 364
423 368
424 372
425 376
426 380
427 384
428 388
429 392
430 396
431 400
432 404
433 408
434 412
435 416
436 420
437 424
438 428
439 432
440 436
441 440
442 443
443 445
444 449
445 452
446 454
447 455
448 457
449 460
450 462
451 464
452 466
453 468
454 472
455 475
456 478
457 482
458 485
459 486
460 488
461 490
462 493
463 496
464 499
465 503
466 507
467 511
468 515
469 519
470 523
471 527
472 531
473 535
474 539
475 543
476 547
477 551
478 555
479 559
480 563
481 567
482 571
483 575
484 579
485 583
486 587
487 591
488 595
489 599
490 603
491 607
492 611
493 615
494 619
495 623
496 627
497 631
498 635
499 639
500 643
501 647
502 651
503 655
504 659
505 663
506 667
507 671
508 675
509 679
510 683
511 687
512 691
513 695
514 699
515 703
516 707
517 711
518 715
519 719
520 723
521 727
522 731
523 735
524 739
525 743
526 747
527 751
528 755
529 759
530 763
531 767
532 771
533 774
534 778
535 782
536 786
537 790
538 794
539 798
540 802
541 806
542 810
543 814
544 818
545 822
546 826
547 830
548 834
549 838
550 842
551 846
552 850
553 854
554 858
555 862
556 865
557 869
558 873
559 877
560 881
561 884
562 888
563 892
564 896
565 900
566 904
567 908
568 912
569 916
570 920
571 924
572 927
573 931
574 935
575 939
576 943
577 947
578 951
579 955
580 959
581 963
582 967
583 970
584 974
585 978
586 982
587 985
588 988
589 992
590 996
591 1000
592 1004
593 1008
594 1012
595 1016
596 1020
597 1023
598 1025
599 1027
600 1030
601 1033
602 1037
603 1041
604 1045
605 1049
606 1052
607 1056
608 1060
609 1064
610 1066
611 1069
612 1073
613 1077
614 1081
615 1085
616 1089
617 1093
618 1097
619 1101
620 1104
621 1107
622 1111
623 1115
624 1119
625 1123
626 1127
627 1131
628 1135
629 1139
630 1143
631 1147
632 1151
633 1155
634 1159
635 1163
636 1167
637 1171
638 1175
639 1179
640 1183
641 1187
642 1191
643 1195
644 1199
645 1203
646 1207
647 1211
648 1215
649 1219
650 1221
651 1223
652 1225
653 1226
654 1227
655 1228
656 1230
657 1233
658 1237
659 1240
660 1244
661 1248
662 1252
663 1256
664 1259
665 1262
666 1266
667 1270
668 1274
669 1278
670 1282
671 1284
672 1288
673 1292
674 1293
675 1297
676 1301
677 1305
678 1309
679 1313
680 1316
681 1320
682 1324
683 1328
684 1331
685 1334
686 1338
687 1341
688 1344
689 1346
690 1349
691 1353
692 1357
693 1361
694 1365
695 1369
696 1372
697 1376
698 1380
699 1384
700 1388
701 1392
702 1396
703 1400
704 1403
705 1407
706 1411
707 1415
708 1418
709 1422
710 1426
711 1429
712 1431
713 1434
714 1438
715 1442
716 1446
717 1450
718 1453
719 1456
720 1460
721 1464
722 1468
723 1472
724 1476
725 1480
726 1484
727 1488
728 1492
729 1496
730 1500
731 1504
732 1508
733 1512
734 1516
735 1520
736 1524
737 1528
738 1532
739 1536
740 1540
741 1544
742 1548
743 1552
744 1556
745 1560
746 1564
747 1568
748 1572
749 1576
750 1580
751 1584
752 1588
753 1592
754 1596
755 1600
756 1604
757 1608
758 1612
759 1616
760 1620
761 1624
762 1628
763 1632
764 1636
765 1640
766 1644
767 1648
768 1652
769 1656
770 1660
771 1664
772 1668
773 1672
774 1676
775 1680
776 1684
777 1688
778 1692
779 1696
780 1700
781 1704
782 1708
783 1712
784 1716
785 1720
786 1724
787 1728
788 1732
789 1736
790 1740
791 1744
792 1747
793 1749
794 1752
795 1755
796 1757
797 1761
798 1765
799 1768
800 1771
801 1775
802 1779
803 1783
804 1787
805 1791
806 1795
807 1799
808 1803
809 1807
810 1811
811 1815
812 1819
813 1823
814 1827
815 1831
816 1835
817 1839
818 1843
819 1847
820 1850
821 1851
822 1853
823 1857
824 1861
825 1865
826 1869
827 1873
828 1877
829 1881
830 1885
831 1889
832 1893
833 1897
834 1901
835 1905
836 1909
837 1913
838 1917
839 1921
840 1925
841 1929
842 1933
843 1937
844 1941
845 1945
846 1949
847 1953
848 1957
849 1961
850 1965
851 1969
852 1973
853 1977
854 1981
855 1985
856 1989
857 1993
858 1997
859 2001
860 2005
861 2009
862 2013
863 2017
864 2021
865 2025
866 2029
867 2033
868 2037
869 2041
870 2045
871 2049
872 2053
873 2057
874 2061
875 2065
876 2069
877 2073
878 2077
879 2081
880 2085
881 2089
882 2093
883 2097
884 2101
885 2105
886 2109
887 2113
888 2117
889 2121
890 2125
891 2129
892 2133
893 2137
894 2141
895 2145
896 2149
897 2153
898 2157
899 2161
900 2164
901 2167
902 2171
903 2174
904 2178
905 2182
906 2186
907 2190
908 2193
909 2197
910 2201
911 2205
912 2209
913 2213
914 2217
915 2221
916 2225
917 2229
918 2233
919 2237
920 2241
921 2245
922 2249
923 2253
924 2257
925 2260
926 2264
927 2266
929 2268
930 2272
931 2275
932 2279
933 2283
934 2286
935 2288
936 2292
937 2296
938 2298
939 2302
940 2305
941 2309
942 2313
943 2317
944 2321
945 2325
946 2329
947 2333
948 2337
949 2341
950 2345
951 2349
952 2353
953 2357
954 2361
955 2365
956 2368
957 2372
958 2376
959 2380
960 2384
961 2386
962 2390
963 2394
964 2397
965 2401
966 2405
967 2408
968 2411
969 2413
970 2417
971 2420
972 2424
973 2428
974 2432
975 2436
976 2440
977 2444
978 2448
979 2451
980 2455
981 2458
982 2461
983 2464
984 2468
985 2472
986 2476
987 2480
988 2484
989 2488
990 2492
991 2496
992 2500
993 2504
994 2508
995 2511
996 2515
997 2519
998 2523
999 2527
1000 2531
1001 2535
1002 2539
1003 2543
1004 2547
1005 2551
1006 2554
1007 2558
1008 2562
1009 2566
1010 2570
1011 2574
1012 2578
1013 2582
1014 2586
1015 2590
1016 2594
1017 2598
1018 2602
1019 2606
1020 2610
1021 2614
1022 2618
1023 2622
1024 2626
1025 2630
1026 2634
1027 2638
1028 2642
1029 2646
1030 2650
1031 2654
1032 2658
1033 2662
1034 2664
1037 2665
1047 2666
1048 2667
1049 2668
1054 2669
1055 2670
1059 2671
1060 2672
1061 2675
1062 2677
1063 2679
1064 2683
1065 2687
1066 2691
1067 2695
1068 2699
1069 2703
1070 2707
1071 2711
1072 2715
1073 2719
1074 2723
1075 2727
1076 2731
1077 2735
1078 2739
1079 2743
1080 2747
1081 2751
1082 2755
1083 2759
1084 2763
1085 2767
1086 2771
1087 2775
1088 2779
1089 2783
1090 2787
1091 2791
1092 2795
1093 2799
1094 2803
1095 2807
1096 2811
1097 2815
1098 2819
1099 2823
1100 2827
1101 2831
1102 2834
1103 2836
1104 2838
1105 2842
1106 2846
1107 2850
1108 2853
1109 2856
1110 2859
1111 2862
1112 2866
1113 2870
1114 2874
1115 2878
1116 2882
1117 2886
1118 2889
1119 2893
1120 2897
1121 2901
1122 2905
1123 2909
1124 2913
1125 2917
1126 2921
1127 2925
1128 2929
1129 2933
1130 2937
1131 2941
1132 2945
1133 2949
1134 2953
1135 2957
1136 2961
1137 2965
1138 2969
1139 2973
1140 2977
1141 2981
1142 2985
1143 2989
1144 2993
1145 2997
1146 3001
1147 3005
1148 3009
1149 3013
1150 3017
1151 3021
1152 3025
1153 3029
1154 3033
1155 3037
1156 3041
1157 3045
1158 3049
1159 3053
1160 3057
1161 3061
1162 3065
1163 3069
1164 3073
1165 3077
1166 3081
1167 3085
1168 3089
1169 3093
1170 3097
1171 3101
1172 3105
1173 3109
1174 3113
1175 3117
1176 3120
1177 3124
1178 3128
1179 3132
1180 3136
1181 3140
1182 3144
1183 3148
1184 3152
1185 3156
1186 3160
1187 3164
1188 3168
1189 3172
1190 3176
1191 3180
1192 3184
1193 3188
1194 3192
1195 3196
1196 3200
1197 3204
1198 3208
1199 3212
1200 3216
1201 3220
1202 3223
1203 3227
1204 3231
1205 3235
1206 3239
1207 3243
1208 3246
1209 3250
1210 3254
1211 3257
1212 3260
1213 3264
1214 3268
1215 3272
1216 3276
1217 3280
1218 3284
1219 3288
1220 3292
1221 3296
1222 3300
1223 3304
1224 3308
1225 3312
1226 3316
1227 3320
1228 3324
1229 3328
1230 3332
1231 3336
1232 3340
1233 3344
1234 3346
1235 3350
1236 3354
1237 3358
1238 3362
1239 3366
1240 3370
1241 3374
1242 3378
1243 3382
1244 3386
1245 3390
1246 3394
1247 3398
1248 3402
1249 3406
1250 3410
1251 3414
1252 3418
1253 3422
1254 3426
1255 3430
1256 3434
1258 3435
1259 3438
1260 3441
1261 3445
1262 3449
1263 3453
1264 3457
1265 3461
1266 3465
1267 3468
1268 3473
1269 3477
1270 3481
1271 3485
1272 3489
1273 3493
1274 3497
1275 3500
1276 3504
1277 3508
1278 3512
1279 3517
1280 3521
1281 3525
1282 3529
1283 3533
1284 3536
1285 3540
1286 3544
1287 3548
1288 3552
1289 3557
1290 3561
1291 3565
1292 3569
1293 3572
1294 3576
1295 3580
1296 3584
1297 3588
1298 3592
1299 3596
1300 3601
1301 3605
1302 3608
1303 3612
1304 3616
1305 3620
1306 3624
1307 3628
1308 3632
1309 3636
1310 3641
1311 3644
1312 3648
1313 3652
1314 3656
1315 3660
1316 3664
1317 3668
1318 3672
1319 3676
1320 3680
1321 3684
1322 3688
1323 3692
1324 3696
1325 3700
1326 3704
1327 3708
1328 3712
1329 3716
1330 3720
1331 3724
1332 3728
1333 3732
1334 3736
1335 3740
1336 3744
1337 3747
1338 3751
1339 3755
1340 3759
1341 3763
1342 3767
1343 3771
1344 3775
1345 3779
1346 3783
1347 3786
1348 3790
1349 3794
1350 3798
1351 3802
1352 3806
1353 3810
1354 3814
1355 3818
1356 3822
1357 3826
1358 3830
1359 3834
1360 3838
1361 3842
1362 3846
1363 3850
1364 3854
1365 3858
1366 3862
1367 3866
1368 3870
1369 3874
1370 3878
1371 3882
1372 3886
1373 3890
1374 3894
1375 3898
1376 3902
1377 3906
1378 3910
1379 3914
1380 3918
1381 3922
1382 3926
1383 3930
1384 3934
1385 3938
1386 3942
1387 3946
1388 3950
1389 3954
1390 3958
1391 3962
1392 3965
1393 3969
1394 3973
1395 3977
1396 3981
1397 3985
1398 3988
1399 3992
1400 3996
1401 4000
1402 4004
1403 4008
1404 4012
1405 4016
1406 4020
1407 4024
1408 4028
1409 4032
1410 4036
1411 4040
1412 4044
1413 4048
1414 4052
1415 4056
1416 4060
1417 4064
1418 4068
1419 4072
1420 4076
1421 4080
1422 4084
1423 4088
1424 4092
1425 4096
1426 4100
1427 4104
1428 4108
1429 4112
1430 4116
1431 4120
1432 4124
1433 4128
1434 4132
1435 4136
1436 4140
1437 4144
1438 4148
1439 4151
1440 4155
1441 4159
1442 4163
1443 4167
1444 4170
1445 4174
1446 4178
1447 4182
1448 4186
1449 4190
1450 4193
1451 4196
1452 4200
1453 4204
1454 4206
1455 4209
1456 4212
1457 4215
1458 4218
1459 4222
1460 4225
1461 4226
1462 4229
1463 4231
1464 4232
1465 4235
1466 4239
1467 4242
1468 4246
1469 4250
1470 4253
1471 4257
1472 4261
1473 4265
1474 4269
1475 4270
1476 4274
1477 4275
1479 4278
1480 4280
1481 4282
1482 4283
1483 4286
1484 4288
1485 4291
1486 4294
1487 4297
1488 4301
1489 4305
1490 4309
1491 4313
1492 4317
1493 4321
1494 4325
1495 4329
1496 4333
1497 4337
1498 4341
1499 4345
1500 4349
1501 4353
1502 4357
1503 4361
1504 4365
1505 4369
1506 4373
1507 4377
1508 4381
1509 4385
1510 4389
1511 4393
1512 4397
1513 4401
1514 4405
1515 4409
1516 4413
1517 4417
1518 4421
1519 4425
1520 4429
1521 4433
1522 4437
1523 4441
1524 4445
1525 4449
1526 4453
1527 4457
1528 4461
1529 4465
1530 4469
1531 4473
1532 4477
1533 4481
1534 4485
1535 4489
1536 4493
1537 4497
1538 4501
1539 4505
1540 4509
1541 4513
1542 4517
1543 4521
1544 4525
1545 4529
1546 4533
1547 4537
1548 4541
1549 4545
1550 4549
1551 4553
1552 4557
1553 4561
1554 4565
1555 4569
1556 4573
1557 4577
1558 4581
1559 4585
1560 4589
1561 4593
1562 4597
1563 4601
1564 4605
1565 4609
1566 4613
1567 4617
1568 4621
1569 4625
1570 4629
1571 4633
1572 4637
1573 4641
1574 4645
1575 4649
1576 4653
1577 4657
1578 4661
1579 4665
1580 4669
1581 4673
1582 4677
1583 4681
1584 4685
1585 4689
1586 4693
1587 4697
1588 4701
1589 4705
1590 4709
1591 4713
1592 4717
1593 4721
1594 4725
1595 4729
