0 51
6 60
7 65
8 69
9 77
10 87
12 96
13 107
14 117
15 127
16 139
17 149
18 160
19 168
20 176
21 185
22 194
23 205
24 214
25 224
26 229
28 233
29 239
30 245
31 253
32 260
33 272
34 284
35 293
36 302
37 307
42 316
43 321
45 323
47 326
48 330
49 336
50 345
51 354
52 362
53 369
54 377
55 384
56 391
57 397
64 403
66 406
67 407
72 410
73 416
75 422
77 430
78 432
79 438
80 441
81 442
82 444
111 450
112 451
113 455
114 459
115 469
117 481
118 492
119 504
120 514
121 526
122 537
123 547
124 556
125 563
126 571
127 580
128 586
129 597
130 609
131 621
132 633
133 645
134 657
135 665
139 671
140 683
141 695
142 707
143 719
144 731
145 743
146 755
147 767
148 779
149 791
150 803
151 815
152 827
153 839
154 851
155 863
156 875
157 887
158 899
159 911
160 923
161 935
162 947
163 959
164 971
165 983
166 995
167 1007
168 1019
169 1031
170 1043
171 1055
172 1067
173 1079
174 1091
175 1103
178 1115
179 1122
180 1130
185 1135
187 1137
188 1146
189 1158
190 1170
191 1179
192 1189
193 1199
194 1210
195 1221
196 1232
197 1240
202 1242
203 1250
204 1262
205 1272
206 1284
207 1296
208 1308
209 1320
210 1332
211 1344
212 1355
213 1367
214 1378
215 1388
216 1398
217 1410
218 1420
221 1422
224 1423
225 1429
226 1435
227 1443
228 1454
229 1465
230 1476
231 1488
232 1500
233 1512
234 1524
235 1536
236 1548
237 1560
238 1572
239 1584
240 1596
241 1608
242 1620
243 1632
244 1642
245 1650
246 1658
247 1665
248 1672
249 1680
250 1691
251 1699
252 1709
253 1719
254 1729
255 1739
256 1751
257 1763
258 1773
259 1785
260 1797
261 1805
262 1815
263 1823
264 1834
265 1844
271 1848
272 1855
273 1859
275 1872
276 1876
277 1879
278 1886
279 1896
280 1906
281 1918
282 1930
283 1940
284 1951
285 1961
286 1973
287 1985
288 1997
289 2008
290 2019
291 2031
292 2042
293 2054
294 2065
295 2077
296 2089
297 2101
298 2113
299 2124
300 2136
301 2148
302 2159
303 2171
304 2183
305 2195
306 2207
307 2219
308 2231
309 2243
310 2255
311 2266
312 2278
313 2287
314 2295
315 2305
316 2317
317 2329
318 2341
319 2352
320 2362
321 2374
322 2385
323 2396
324 2407
325 2417
326 2428
327 2439
328 2450
329 2461
330 2471
331 2483
332 2494
333 2505
334 2517
335 2529
336 2541
337 2553
338 2565
339 2577
340 2589
341 2601
342 2613
343 2625
344 2637
345 2649
346 2661
347 2673
348 2685
349 2697
350 2709
351 2721
352 2733
353 2745
354 2757
355 2769
356 2781
357 2793
358 2805
359 2817
360 2828
361 2840
362 2852
363 2864
364 2876
365 2888
366 2900
367 2912
368 2924
369 2936
370 2948
371 2960
372 2972
373 2984
374 2996
375 3008
376 3020
377 3030
378 3042
379 3053
380 3064
381 3074
382 3086
383 3098
384 3110
385 3122
386 3134
387 3146
388 3158
389 3169
390 3181
391 3193
392 3205
393 3217
394 3229
395 3241
396 3252
397 3264
398 3276
399 3288
400 3300
401 3312
402 3324
403 3336
404 3348
405 3360
406 3372
407 3384
408 3396
409 3408
410 3419
411 3429
412 3441
413 3452
414 3464
415 3476
416 3488
417 3500
418 3512
419 3523
420 3535
421 3547
422 3559
423 3570
424 3580
425 3592
426 3604
427 3616
428 3627
429 3639
430 3651
431 3663
432 3675
433 3687
434 3699
435 3711
436 3722
437 3733
438 3744
439 3750
440 3762
441 3772
442 3783
443 3788
446 3799
447 3810
448 3819
449 3830
450 3842
451 3853
452 3865
453 3876
454 3887
455 3897
456 3907
457 3918
458 3930
459 3940
460 3951
461 3963
462 3975
463 3987
464 3999
465 4011
466 4023
467 4035
468 4047
469 4059
470 4071
471 4083
472 4095
473 4107
474 4119
475 4131
476 4143
477 4154
478 4166
479 4178
480 4190
481 4202
482 4214
483 4226
484 4238
485 4250
486 4262
487 4274
488 4286
489 4298
490 4310
491 4322
492 4334
493 4346
494 4358
495 4370
496 4382
497 4394
498 4406
499 4418
500 4430
501 4442
502 4454
503 4464
504 4476
505 4488
506 4500
507 4510
508 4522
509 4534
510 4546
511 4558
512 4570
513 4580
514 4591
515 4603
516 4615
517 4627
518 4639
519 4651
520 4663
521 4675
522 4687
523 4699
524 4711
525 4723
526 4735
527 4747
528 4759
529 4771
530 4783
531 4795
532 4806
533 4817
534 4829
535 4841
536 4853
537 4863
538 4875
539 4887
540 4899
541 4911
542 4923
543 4935
544 4947
545 4959
546 4970
547 4982
548 4994
549 5006
550 5018
551 5029
552 5041
553 5053
554 5065
555 5077
556 5089
557 5101
558 5113
559 5125
560 5135
561 5146
562 5158
563 5170
564 5181
565 5193
566 5205
567 5217
568 5229
569 5241
570 5253
571 5265
572 5277
573 5289
574 5301
575 5313
576 5325
577 5337
578 5349
579 5360
580 5369
581 5381
582 5393
583 5405
584 5417
585 5429
586 5441
587 5453
588 5465
589 5477
590 5489
591 5499
592 5511
593 5523
594 5535
595 5547
596 5559
597 5571
598 5583
599 5595
600 5605
625 5606
626 5607
628 5614
630 5620
631 5624
632 5629
634 5634
636 5643
637 5648
638 5657
639 5666
640 5678
641 5690
642 5701
643 5713
644 5723
645 5733
646 5745
647 5756
648 5768
649 5780
650 5789
651 5799
652 5811
653 5818
654 5822
655 5827
656 5831
657 5832
658 5836
659 5838
660 5843
661 5849
662 5854
663 5858
664 5862
665 5868
666 5874
667 5883
668 5892
669 5899
670 5905
671 5916
672 5922
673 5928
674 5934
676 5937
680 5944
681 5954
682 5964
683 5976
684 5986
685 5998
686 6010
687 6022
688 6033
689 6045
690 6057
691 6069
692 6081
693 6093
694 6105
695 6117
696 6129
697 6141
698 6153
699 6162
700 6172
701 6179
702 6180
703 6188
704 6196
705 6203
706 6207
707 6213
708 6219
709 6225
710 6228
712 6237
713 6243
714 6248
715 6254
716 6258
717 6261
718 6268
719 6274
720 6279
721 6285
722 6294
723 6297
724 6304
725 6313
726 6324
727 6334
728 6342
729 6349
730 6356
731 6363
732 6369
733 6374
734 6379
737 6381
739 6384
746 6396
747 6404
748 6414
749 6423
750 6432
752 6438
753 6443
754 6449
758 6455
759 6459
761 6463
765 6468
766 6472
767 6483
768 6491
769 6503
770 6514
771 6525
772 6536
773 6548
774 6560
775 6572
776 6584
777 6596
778 6608
779 6620
780 6630
781 6641
782 6653
783 6665
784 6676
785 6685
786 6696
787 6708
788 6717
789 6728
790 6739
791 6750
792 6760
793 6770
794 6781
795 6790
796 6801
797 6813
798 6824
799 6835
800 6847
801 6858
802 6869
803 6881
804 6892
805 6904
806 6915
807 6925
808 6936
809 6948
810 6960
811 6971
812 6982
813 6994
814 7006
815 7018
816 7030
817 7042
818 7054
819 7066
820 7078
821 7090
822 7102
823 7114
824 7126
825 7138
826 7148
827 7160
828 7172
829 7184
830 7196
831 7208
832 7220
833 7232
834 7244
835 7256
836 7268
837 7279
838 7291
839 7302
840 7314
841 7326
842 7338
843 7350
844 7362
845 7373
846 7385
847 7396
848 7408
849 7420
850 7432
851 7444
852 7456
853 7468
854 7480
855 7492
856 7504
857 7516
858 7527
859 7539
860 7551
861 7563
862 7575
863 7586
864 7596
865 7605
866 7614
870 7615
871 7619
872 7622
873 7624
874 7627
875 7629
876 7630
877 7632
880 7634
884 7637
885 7638
886 7639
891 7642
892 7645
896 7647
899 7651
900 7653
901 7656
902 7657
903 7663
905 7668
906 7669
907 7675
908 7680
909 7687
910 7694
911 7703
912 7713
913 7724
914 7735
915 7747
916 7759
917 7771
918 7783
919 7795
920 7807
921 7819
922 7831
923 7843
924 7855
925 7867
926 7879
927 7891
928 7903
929 7914
930 7926
931 7938
932 7950
933 7962
934 7974
935 7986
936 7998
937 8010
938 8022
939 8034
940 8046
941 8058
942 8070
943 8082
944 8094
945 8106
946 8118
947 8130
948 8142
949 8154
950 8166
951 8178
952 8190
953 8202
954 8213
955 8225
956 8233
957 8242
958 8249
959 8255
960 8262
961 8268
962 8276
963 8284
964 8296
965 8305
966 8315
967 8327
968 8339
969 8350
970 8359
971 8370
972 8381
973 8391
974 8401
975 8411
976 8422
977 8431
978 8443
979 8453
980 8464
981 8473
982 8484
983 8491
984 8501
985 8506
986 8512
987 8517
991 8522
992 8525
993 8533
994 8540
995 8550
997 8565
998 8574
999 8584
1000 8593
1001 8605
1002 8617
1003 8628
1004 8637
1005 8647
1006 8656
1007 8667
1008 8678
1009 8689
1010 8699
1011 8710
1012 8720
1013 8730
1014 8740
1015 8749
1016 8761
1017 8772
1018 8782
1019 8794
1020 8804
1021 8814
1022 8824
1023 8835
1024 8845
1025 8855
1026 8864
1027 8875
1028 8887
1029 8899
1030 8911
1031 8923
1032 8935
1033 8947
1034 8959
1035 8971
1036 8983
1037 8995
1038 9006
1039 9016
1040 9027
1041 9037
1042 9046
1043 9056
1044 9065
1045 9075
1046 9087
1047 9099
1048 9111
1049 9123
1050 9135
1051 9147
1052 9159
1053 9171
1054 9183
1055 9194
1056 9205
1057 9216
1058 9222
1059 9233
1060 9244
1061 9256
1062 9268
1063 9280
1064 9292
1065 9304
1066 9316
1067 9327
1068 9333
1069 9337
1071 9346
1072 9356
1073 9368
1074 9380
1075 9392
1076 9404
1077 9416
1078 9428
1079 9440
1080 9450
1081 9457
1082 9464
1083 9467
1084 9471
1085 9474
1086 9480
1087 9487
1088 9496
1090 9504
1091 9515
1092 9527
1094 9542
1095 9554
1096 9566
1097 9578
1098 9590
1099 9600
1100 9607
1101 9618
1102 9630
1103 9642
1104 9654
1105 9666
1106 9678
1107 9690
1108 9702
1109 9714
1110 9726
1111 9738
1112 9750
1113 9762
1114 9774
1115 9786
1116 9798
1117 9810
1118 9822
1119 9834
1120 9846
1121 9858
1122 9870
1123 9882
1124 9894
1125 9906
1126 9917
1127 9929
1128 9941
1129 9953
1130 9962
1131 9966
1132 9975
1133 9984
1134 9996
1135 10007
1136 10018
1137 10029
1138 10039
1139 10050
1140 10058
1141 10066
1142 10076
1143 10088
1144 10100
1145 10112
1146 10124
1147 10136
1148 10146
1149 10157
1150 10167
1151 10176
1153 10182
1156 10192
1157 10204
1158 10213
1159 10225
1160 10234
1161 10245
1162 10257
1163 10269
1164 10280
1165 10292
1166 10303
1167 10314
1168 10325
1169 10337
1170 10349
1171 10361
1172 10373
1173 10385
1174 10396
1175 10407
1176 10418
1177 10430
1178 10442
1179 10454
1180 10466
1181 10477
1182 10489
1183 10501
1184 10513
1185 10525
1186 10537
1187 10549
1188 10561
1189 10573
1190 10585
1191 10597
1192 10609
1193 10620
1194 10629
1195 10641
1196 10652
1197 10663
1198 10674
1199 10686
1200 10698
1201 10710
1202 10722
1203 10734
1204 10746
1205 10758
1206 10770
1207 10780
1208 10792
1209 10803
1210 10815
1211 10825
1212 10837
1213 10847
1214 10856
1221 10859
1222 10862
1223 10869
1224 10878
1225 10887
1226 10895
1227 10904
1228 10915
1229 10927
1230 10937
1231 10947
1232 10957
1233 10966
1234 10972
1235 10978
1236 10981
1238 10986
1239 10990
1240 11002
1241 11014
1242 11026
1243 11038
1244 11050
1245 11062
1246 11074
1247 11086
1249 11094
1251 11100
1252 11112
1253 11124
1255 11127
1256 11139
1257 11151
1258 11163
1259 11171
