0 323
1 327
2 331
3 335
4 339
5 343
6 347
7 351
8 355
9 359
10 363
11 367
12 371
13 375
14 379
15 383
16 387
17 391
18 395
19 399
20 403
21 407
22 411
23 415
24 419
25 423
26 427
27 431
28 435
29 439
30 443
31 447
32 451
33 455
34 459
35 463
36 467
37 471
38 475
39 479
40 483
41 487
42 491
43 495
44 499
45 503
46 507
47 511
48 515
49 519
50 523
51 527
52 531
53 535
54 539
55 543
56 547
57 551
58 555
59 559
60 563
61 567
62 571
63 575
64 579
65 583
66 587
67 591
68 595
69 599
70 603
71 607
72 611
73 615
74 619
75 623
76 627
77 631
78 635
79 639
80 643
81 647
82 651
83 655
84 659
85 663
86 667
87 671
88 675
89 679
90 683
91 687
92 691
93 695
94 699
95 703
96 707
97 711
98 715
99 719
100 723
101 727
102 731
103 735
104 739
105 743
106 747
107 751
108 755
109 759
110 763
111 767
112 771
113 775
114 779
115 783
116 787
117 791
118 795
119 799
120 803
121 807
122 811
123 815
124 819
125 823
126 827
127 831
128 835
129 839
130 843
131 847
132 851
133 855
134 859
135 862
136 866
137 870
138 874
139 878
140 882
141 886
142 890
143 894
144 898
145 902
146 906
147 910
148 914
149 918
150 922
151 926
152 930
153 934
154 938
155 942
156 946
157 950
158 954
159 958
160 962
161 966
162 970
163 974
164 978
165 982
166 986
167 990
168 994
169 998
170 1002
171 1006
172 1010
173 1014
174 1018
175 1022
176 1026
177 1030
178 1034
179 1038
180 1042
181 1046
182 1050
183 1054
184 1058
185 1062
186 1066
187 1070
188 1074
189 1078
190 1082
191 1086
192 1090
193 1094
194 1098
195 1102
196 1106
197 1110
198 1114
199 1118
200 1122
201 1126
202 1130
203 1134
204 1138
205 1142
206 1146
207 1150
208 1154
209 1158
210 1162
211 1166
212 1170
213 1174
214 1178
215 1182
216 1186
217 1190
218 1194
219 1198
220 1202
221 1206
222 1210
223 1214
224 1218
225 1222
226 1226
227 1230
228 1234
229 1238
230 1242
231 1246
232 1250
233 1254
234 1258
235 1262
236 1266
237 1270
238 1274
239 1278
240 1282
241 1286
242 1290
243 1294
244 1298
245 1302
246 1306
247 1310
248 1314
249 1318
250 1322
251 1326
252 1330
253 1334
254 1338
255 1342
256 1346
257 1350
258 1354
259 1358
260 1362
261 1366
262 1370
263 1374
264 1378
265 1382
266 1386
267 1390
268 1394
269 1398
270 1402
271 1406
272 1410
273 1414
274 1418
275 1422
276 1426
277 1430
278 1434
279 1438
280 1442
281 1446
282 1450
283 1454
284 1458
285 1462
286 1466
287 1470
288 1474
289 1478
290 1482
291 1486
292 1490
293 1494
294 1498
295 1502
296 1506
297 1510
298 1514
299 1518
300 1522
301 1526
302 1530
303 1534
304 1538
305 1542
306 1546
307 1550
308 1554
309 1558
310 1562
311 1566
312 1570
313 1574
314 1578
315 1582
316 1586
317 1590
318 1594
319 1598
320 1602
321 1606
322 1610
323 1614
324 1618
325 1622
326 1626
327 1630
328 1634
329 1638
330 1642
331 1646
332 1650
333 1654
334 1658
335 1662
336 1666
337 1670
338 1674
339 1678
340 1682
341 1686
342 1690
343 1694
344 1698
345 1702
346 1706
347 1710
348 1714
349 1718
350 1722
351 1726
352 1730
353 1734
354 1738
355 1742
356 1746
357 1750
358 1754
359 1758
360 1762
361 1766
362 1770
363 1774
364 1778
365 1782
366 1786
367 1790
368 1794
369 1798
370 1802
371 1806
372 1810
373 1814
374 1818
375 1822
376 1826
377 1830
378 1834
379 1838
380 1842
381 1846
382 1850
383 1854
384 1858
385 1862
386 1866
387 1870
388 1874
389 1878
390 1882
391 1886
392 1890
393 1894
394 1898
395 1902
396 1906
397 1910
398 1914
399 1918
400 1922
401 1926
402 1930
403 1934
404 1938
405 1942
406 1946
407 1950
408 1954
409 1958
410 1962
411 1966
412 1970
413 1974
414 1978
415 1982
416 1986
417 1990
418 1994
419 1998
420 2002
421 2006
422 2010
423 2014
424 2018
425 2022
426 2026
427 2030
428 2034
429 2038
430 2042
431 2046
432 2050
433 2054
434 2058
435 2062
436 2066
437 2070
438 2074
439 2078
440 2082
441 2086
442 2090
443 2094
444 2098
445 2102
446 2106
447 2110
448 2114
449 2118
450 2122
451 2126
452 2130
453 2134
454 2138
455 2142
456 2146
457 2150
458 2154
459 2158
460 2162
461 2166
462 2170
463 2174
464 2178
465 2182
466 2186
467 2190
468 2194
469 2198
470 2202
471 2206
472 2210
473 2214
474 2218
475 2222
476 2226
477 2230
478 2234
479 2238
480 2242
481 2246
482 2250
483 2254
484 2258
485 2262
486 2266
487 2270
488 2274
489 2278
490 2282
491 2286
492 2290
493 2294
494 2298
495 2302
496 2306
497 2310
498 2314
499 2318
500 2322
501 2326
502 2330
503 2334
504 2338
505 2342
506 2346
507 2350
508 2354
509 2358
510 2362
511 2366
512 2370
513 2374
514 2378
515 2382
516 2386
517 2390
518 2394
519 2398
520 2402
521 2406
522 2410
523 2414
524 2418
525 2422
526 2426
527 2430
528 2434
529 2438
530 2442
531 2446
532 2450
533 2454
534 2458
535 2462
536 2466
537 2470
538 2474
539 2478
540 2482
541 2486
542 2490
543 2494
544 2498
545 2502
546 2506
547 2510
548 2514
549 2518
550 2522
551 2526
552 2530
553 2534
554 2538
555 2542
556 2546
557 2550
558 2554
559 2558
560 2562
561 2566
562 2570
563 2574
564 2578
565 2582
566 2586
567 2590
568 2594
569 2598
570 2602
571 2606
572 2610
573 2614
574 2618
575 2622
576 2626
577 2630
578 2634
579 2638
580 2642
581 2646
582 2650
583 2654
584 2658
585 2662
586 2666
587 2670
588 2674
589 2678
590 2682
591 2686
592 2690
593 2694
594 2698
595 2702
596 2706
597 2710
598 2714
599 2718
600 2722
601 2726
602 2730
603 2734
604 2738
605 2742
606 2746
607 2750
608 2754
609 2758
610 2762
611 2766
612 2770
613 2774
614 2778
615 2782
616 2786
617 2790
618 2794
619 2798
620 2802
621 2806
622 2810
623 2814
624 2818
625 2822
626 2826
627 2830
628 2834
629 2838
630 2842
631 2846
632 2850
633 2854
634 2858
635 2862
636 2866
637 2870
638 2874
639 2878
640 2882
641 2886
642 2890
643 2894
644 2898
645 2902
646 2906
647 2910
648 2914
649 2918
650 2922
651 2926
652 2930
653 2934
654 2938
655 2942
656 2946
657 2950
658 2954
659 2957
660 2961
661 2962
662 2963
663 2964
666 2965
668 2966
669 2967
671 2968
672 2969
673 2971
674 2973
675 2975
676 2977
677 2978
678 2979
679 2980
680 2983
681 2986
682 2990
683 2993
684 2995
685 2999
686 3001
687 3005
688 3009
689 3013
690 3016
691 3020
692 3024
693 3027
694 3030
695 3034
696 3037
697 3041
698 3045
699 3049
700 3053
701 3057
702 3061
703 3065
704 3069
705 3073
706 3077
707 3081
708 3085
709 3089
710 3093
711 3097
712 3101
713 3105
714 3109
715 3113
716 3117
717 3121
718 3125
719 3129
720 3133
721 3137
722 3141
723 3145
724 3149
725 3153
726 3157
727 3161
728 3165
729 3169
730 3173
731 3177
732 3181
733 3185
734 3189
735 3193
736 3197
737 3201
738 3205
739 3209
740 3213
741 3217
742 3221
743 3225
744 3229
745 3233
746 3237
747 3241
748 3245
749 3249
750 3253
751 3257
752 3261
753 3265
754 3269
755 3273
756 3277
757 3281
758 3285
759 3289
760 3293
761 3297
762 3301
763 3305
764 3309
765 3313
766 3317
767 3321
768 3325
769 3329
770 3333
771 3337
772 3341
773 3345
774 3349
775 3353
776 3357
777 3361
778 3365
779 3369
780 3373
781 3377
782 3381
783 3385
784 3389
785 3393
786 3397
787 3401
788 3405
789 3409
790 3413
791 3417
792 3421
793 3425
794 3429
795 3433
796 3437
797 3441
798 3445
799 3449
800 3453
801 3457
802 3461
803 3465
804 3469
805 3473
806 3477
807 3481
808 3485
809 3489
810 3493
811 3497
812 3501
813 3505
814 3509
815 3513
816 3517
817 3521
818 3525
819 3529
820 3533
821 3537
822 3541
823 3545
824 3549
825 3553
826 3557
827 3561
828 3565
829 3569
830 3573
831 3577
832 3581
833 3585
834 3589
835 3593
836 3597
837 3601
838 3605
839 3609
840 3613
841 3617
842 3621
843 3625
844 3629
845 3633
846 3637
847 3640
848 3644
849 3648
850 3652
851 3656
852 3660
853 3664
854 3668
855 3672
856 3676
857 3680
858 3684
859 3688
860 3692
861 3696
862 3700
863 3704
864 3708
865 3712
866 3716
867 3720
868 3724
869 3728
870 3732
871 3736
872 3740
873 3743
874 3747
875 3751
876 3755
877 3759
878 3763
879 3767
880 3771
881 3775
882 3779
883 3783
884 3787
885 3791
886 3795
887 3799
888 3803
889 3807
890 3811
891 3815
892 3819
893 3823
894 3827
895 3831
896 3835
897 3839
898 3843
899 3847
900 3851
901 3855
902 3859
903 3863
904 3867
905 3871
906 3875
907 3879
908 3883
909 3887
910 3891
911 3895
912 3899
913 3903
914 3907
915 3911
916 3915
917 3919
918 3923
919 3927
920 3931
921 3935
922 3939
923 3943
924 3947
925 3951
926 3955
927 3959
928 3963
929 3967
930 3971
931 3975
932 3979
933 3983
934 3987
935 3991
936 3995
937 3999
938 4003
939 4007
940 4011
941 4015
942 4019
943 4023
944 4027
945 4031
946 4035
947 4039
948 4043
949 4047
950 4051
951 4055
952 4059
953 4063
954 4067
955 4071
956 4075
957 4079
958 4083
959 4087
960 4091
961 4095
962 4099
963 4103
964 4107
965 4111
966 4115
967 4119
968 4123
969 4127
970 4131
971 4135
972 4139
973 4143
974 4147
975 4151
976 4155
977 4159
978 4163
979 4167
980 4171
981 4175
982 4179
983 4183
984 4187
985 4191
986 4195
987 4199
988 4203
989 4207
990 4211
991 4215
992 4219
993 4223
994 4227
995 4231
996 4235
997 4239
998 4243
999 4247
1000 4251
1001 4255
1002 4259
1003 4263
1004 4267
1005 4271
1006 4275
1007 4279
1008 4283
1009 4287
1010 4291
1011 4295
1012 4299
1013 4303
1014 4307
1015 4311
1016 4315
1017 4319
1018 4323
1019 4327
1020 4331
1021 4335
1022 4339
1023 4343
1024 4347
1025 4351
1026 4355
1027 4359
1028 4363
1029 4367
1030 4371
1031 4375
1032 4379
1033 4383
1034 4387
1035 4391
1036 4395
1037 4399
1038 4403
1039 4407
1040 4411
1041 4415
1042 4419
1043 4423
1044 4427
1045 4431
1046 4435
1047 4439
1048 4443
1049 4447
1050 4451
1051 4455
1052 4459
1053 4463
1054 4467
1055 4471
1056 4475
1057 4479
1058 4483
1059 4487
1060 4491
1061 4495
1062 4499
1063 4503
1064 4507
1065 4511
1066 4515
1067 4519
1068 4523
1069 4527
1070 4531
1071 4535
1072 4539
1073 4543
1074 4547
1075 4551
1076 4555
1077 4559
1078 4563
1079 4567
1080 4571
1081 4575
1082 4579
1083 4583
1084 4587
1085 4591
1086 4595
1087 4599
1088 4603
1089 4607
1090 4611
1091 4615
1092 4619
1093 4623
1094 4627
1095 4631
1096 4635
1097 4639
1098 4643
1099 4647
1100 4651
1101 4655
1102 4659
1103 4663
1104 4667
1105 4671
1106 4675
1107 4679
1108 4683
1109 4686
1110 4690
1111 4694
1112 4698
1113 4702
1114 4706
1115 4710
1116 4714
1117 4718
1118 4722
1119 4726
1120 4730
1121 4734
1122 4738
1123 4742
1124 4746
1125 4750
1126 4754
1127 4758
1128 4762
1129 4766
1130 4770
1131 4774
1132 4778
1133 4782
1134 4786
1135 4790
1136 4794
1137 4798
1138 4802
1139 4806
1140 4810
1141 4814
1142 4818
1143 4822
1144 4826
1145 4830
1146 4834
1147 4838
1148 4842
1149 4846
1150 4850
1151 4854
1152 4858
1153 4862
1154 4866
1155 4870
1156 4874
1157 4878
1158 4882
1159 4886
1160 4890
1161 4894
1162 4898
1163 4902
1164 4906
1165 4910
1166 4914
1167 4918
1168 4922
1169 4926
1170 4930
1171 4934
1172 4938
1173 4942
1174 4946
1175 4950
1176 4954
1177 4958
1178 4962
1179 4966
1180 4970
1181 4974
1182 4978
1183 4982
1184 4986
1185 4990
1186 4994
1187 4998
1188 5002
1189 5006
1190 5010
1191 5014
1192 5018
1193 5022
1194 5026
1195 5030
1196 5034
1197 5038
1198 5042
1199 5046
1200 5050
1201 5054
1202 5058
1203 5062
1204 5066
1205 5070
1206 5074
1207 5078
1208 5082
1209 5086
1210 5090
1211 5094
1212 5098
1213 5102
1214 5106
1215 5110
1216 5114
1217 5118
1218 5122
1219 5126
1220 5130
1221 5134
1222 5138
1223 5142
1224 5146
1225 5150
1226 5154
1227 5158
1228 5162
1229 5166
1230 5170
1231 5174
1232 5178
1233 5182
1234 5186
1235 5190
1236 5194
1237 5198
1238 5202
1239 5206
1240 5210
1241 5214
1242 5218
1243 5222
1244 5226
1245 5230
1246 5234
1247 5238
1248 5242
1249 5246
1250 5250
1251 5254
1252 5258
1253 5262
1254 5266
1255 5270
1256 5274
1257 5278
1258 5282
1259 5286
1260 5290
1261 5294
1262 5298
1263 5302
1264 5306
1265 5310
1266 5314
1267 5318
1268 5322
1269 5326
1270 5330
1271 5334
1272 5338
1273 5342
1274 5346
1275 5350
1276 5354
1277 5358
1278 5362
1279 5366
1280 5370
1281 5374
1282 5378
1283 5382
1284 5386
1285 5390
1286 5394
1287 5398
1288 5402
1289 5406
1290 5410
1291 5414
1292 5418
1293 5422
1294 5426
1295 5430
1296 5434
1297 5438
1298 5442
1299 5446
1300 5450
1301 5454
1302 5458
1303 5462
1304 5466
1305 5470
1306 5474
1307 5478
1308 5482
1309 5486
1310 5490
1311 5494
1312 5498
1313 5502
1314 5506
1315 5510
1316 5514
1317 5518
1318 5522
1319 5526
1320 5530
1321 5534
1322 5538
1323 5542
1324 5546
1325 5550
1326 5554
1327 5558
1328 5562
1329 5566
1330 5570
1331 5574
1332 5578
1333 5582
1334 5586
1335 5590
1336 5594
1337 5598
1338 5602
1339 5606
1340 5610
1341 5614
1342 5618
1343 5622
1344 5626
1345 5630
1346 5634
1347 5638
1348 5642
1349 5646
1350 5650
1351 5654
1352 5658
1353 5662
1354 5666
1355 5670
1356 5674
1357 5678
1358 5682
1359 5686
1360 5690
1361 5694
1362 5698
1363 5702
1364 5706
1365 5710
1366 5714
1367 5718
1368 5722
1369 5726
1370 5730
1371 5734
1372 5738
1373 5742
1374 5746
1375 5750
1376 5754
1377 5758
1378 5762
1379 5766
1380 5770
1381 5774
1382 5778
1383 5782
1384 5786
1385 5790
1386 5794
1387 5798
1388 5802
1389 5806
1390 5810
1391 5814
1392 5818
1393 5822
1394 5826
1395 5830
1396 5834
1397 5838
1398 5842
1399 5846
1400 5850
1401 5854
1402 5858
1403 5862
1404 5866
1405 5870
1406 5874
1407 5878
1408 5882
1409 5886
1410 5890
1411 5894
1412 5898
1413 5902
1414 5906
1415 5910
1416 5914
1417 5918
1418 5922
1419 5926
1420 5930
1421 5934
1422 5938
1423 5942
1424 5946
1425 5950
1426 5954
1427 5958
1428 5962
1429 5966
1430 5970
1431 5974
1432 5978
1433 5982
1434 5986
1435 5990
1436 5994
1437 5998
1438 6002
1439 6006
1440 6010
1441 6014
1442 6018
1443 6022
1444 6026
1445 6030
1446 6034
1447 6038
1448 6042
1449 6046
1450 6050
1451 6054
1452 6058
1453 6062
1454 6066
1455 6070
1456 6074
1457 6078
1458 6082
1459 6086
1460 6090
1461 6093
1462 6096
1463 6100
1464 6103
1465 6104
1466 6108
1468 6111
1469 6113
1470 6116
1471 6119
1472 6120
1473 6122
1475 6123
1476 6125
1477 6127
1478 6129
1482 6131
1483 6134
1484 6138
1487 6140
1488 6142
1489 6143
1490 6145
1492 6146
1503 6147
1509 6148
1515 6149
1516 6150
1520 6151
1522 6152
1523 6153
1524 6157
1525 6158
1526 6159
1528 6160
1530 6161
1532 6163
1534 6164
1536 6165
1538 6166
1542 6167
1553 6168
1555 6169
1556 6170
1558 6171
1559 6172
1560 6173
1561 6174
1562 6176
1563 6177
1564 6178
1569 6179
1570 6180
1571 6181
1572 6183
1573 6185
1574 6187
1575 6188
1576 6190
1578 6191
1579 6193
1585 6195
1586 6196
1587 6197
1591 6198
1593 6199
1594 6201
1596 6202
1602 6203
1603 6204
1604 6205
1606 6208
1607 6209
1608 6210
1609 6211
1610 6212
1611 6214
1613 6215
1614 6216
1615 6217
1616 6219
1617 6221
1618 6223
1619 6224
1620 6225
1621 6227
1622 6229
1623 6232
1624 6235
1625 6236
1626 6239
1627 6242
1628 6244
1630 6246
1631 6247
1632 6248
1633 6249
1635 6250
1636 6251
1638 6252
1639 6253
1640 6254
1641 6255
1642 6256
1643 6257
1645 6259
1647 6260
1649 6261
1650 6262
1651 6263
1652 6264
1653 6265
1654 6269
1655 6271
1656 6272
1657 6274
1658 6277
1659 6281
1660 6285
1661 6289
1662 6293
1663 6297
1664 6301
1665 6305
1666 6309
1667 6313
1668 6317
1669 6321
1670 6325
1671 6329
1672 6333
1673 6337
1674 6341
1675 6345
1676 6349
1677 6353
1678 6357
1679 6361
1680 6365
1681 6369
1682 6372
1683 6376
1684 6380
1685 6384
1686 6388
1687 6392
1688 6396
1689 6400
1690 6404
1691 6408
1692 6412
1693 6416
1694 6420
1695 6424
1696 6428
1697 6432
1698 6436
1699 6440
1700 6444
1701 6448
1702 6452
1703 6456
1704 6460
1705 6464
1706 6468
1707 6472
1708 6476
1709 6480
1710 6484
1711 6488
1712 6492
1713 6496
1714 6500
1715 6504
1716 6508
1717 6512
1718 6516
1719 6520
1720 6524
1721 6528
1722 6532
1723 6536
1724 6540
1725 6544
1726 6548
1727 6552
1728 6556
1729 6560
1730 6564
1731 6568
1732 6572
1733 6576
1734 6580
1735 6584
1736 6588
1737 6592
1738 6596
1739 6600
1740 6604
1741 6608
1742 6612
1743 6616
1744 6620
1745 6624
1746 6628
1747 6632
1748 6636
1749 6640
1750 6644
1751 6648
1752 6652
1753 6656
1754 6660
1755 6664
1756 6668
1757 6672
1758 6676
1759 6680
1760 6684
1761 6688
1762 6692
1763 6696
1764 6700
1765 6704
1766 6708
1767 6712
1768 6716
1769 6720
1770 6724
1771 6728
1772 6732
1773 6736
1774 6740
1775 6744
1776 6748
1777 6752
1778 6756
1779 6760
1780 6764
1781 6768
1782 6772
1783 6776
1784 6780
1785 6784
1786 6788
1787 6792
1788 6796
1789 6800
1790 6804
1791 6808
1792 6812
1793 6816
1794 6820
1795 6824
1796 6828
1797 6832
1798 6836
1799 6840
1800 6844
1801 6848
1802 6852
1803 6856
1804 6860
1805 6864
1806 6868
1807 6872
1808 6876
1809 6880
1810 6884
1811 6888
1812 6892
1813 6896
1814 6900
1815 6904
1816 6908
1817 6912
1818 6916
1819 6920
1820 6924
1821 6928
1822 6932
1823 6936
1824 6940
1825 6944
1826 6948
1827 6952
1828 6956
1829 6960
1830 6964
1831 6968
1832 6972
1833 6976
1834 6980
1835 6984
1836 6988
1837 6992
1838 6996
1839 7000
1840 7004
1841 7008
1842 7012
1843 7016
1844 7020
1845 7024
1846 7028
1847 7032
1848 7036
1849 7040
1850 7044
1851 7048
1852 7051
1853 7055
1854 7059
1855 7063
1856 7067
1857 7071
1858 7075
1859 7079
1860 7083
1861 7087
1862 7091
1863 7095
1864 7099
1865 7103
1866 7107
1867 7111
1868 7115
1869 7119
1870 7123
1871 7127
1872 7131
1873 7135
1874 7139
1875 7143
1876 7147
1877 7151
1878 7155
1879 7159
1880 7163
1881 7167
1882 7171
1883 7175
1884 7179
1885 7183
1886 7187
1887 7191
1888 7195
1889 7199
1890 7203
1891 7207
1892 7211
1893 7215
1894 7219
1895 7222
1896 7226
1897 7230
1898 7234
1899 7238
1900 7242
1901 7246
1902 7250
1903 7254
1904 7258
1905 7262
1906 7266
1907 7270
1908 7274
1909 7278
1910 7282
1911 7286
1912 7290
1913 7294
1914 7298
1915 7302
1916 7306
1917 7310
1918 7314
1919 7318
1920 7322
1921 7326
1922 7330
1923 7333
1924 7337
1925 7340
1926 7344
1927 7348
1928 7352
1929 7356
1930 7359
1931 7363
1932 7367
1933 7371
1934 7375
1935 7379
1936 7383
1937 7387
1938 7391
1939 7395
1940 7398
1941 7403
1942 7407
1943 7411
1944 7414
1945 7417
1946 7420
1947 7422
1948 7426
1949 7429
1950 7433
1951 7438
1952 7442
1953 7446
1954 7450
1955 7454
1956 7458
1957 7462
1958 7465
1959 7469
1960 7473
1961 7477
1962 7482
1963 7486
1964 7490
1965 7494
1966 7498
1967 7501
1968 7505
1969 7509
1970 7513
1971 7517
1972 7522
1973 7526
1974 7530
1975 7533
1976 7537
1977 7541
1978 7545
1979 7549
1980 7553
1981 7557
1982 7562
1983 7566
1984 7569
1985 7573
1986 7577
1987 7581
1988 7585
1989 7589
1990 7593
1991 7597
1992 7601
1993 7605
1994 7609
1995 7613
1996 7617
1997 7621
1998 7625
1999 7629
2000 7633
2001 7637
2002 7641
2003 7645
2004 7649
2005 7653
2006 7657
2007 7661
2008 7665
2009 7669
2010 7673
2011 7677
2012 7681
2013 7685
2014 7689
2015 7693
2016 7697
2017 7701
2018 7705
2019 7709
2020 7713
2021 7717
2022 7721
2023 7725
2024 7729
2025 7733
2026 7737
2027 7741
2028 7745
2029 7749
2030 7753
2031 7757
2032 7761
2033 7765
2034 7769
2035 7773
2036 7777
2037 7781
2038 7785
2039 7789
2040 7793
2041 7797
2042 7801
2043 7805
2044 7809
2045 7813
2046 7817
2047 7821
2048 7825
2049 7829
2050 7833
2051 7837
2052 7841
2053 7845
2054 7849
2055 7853
2056 7857
2057 7861
2058 7865
2059 7869
2060 7873
2061 7877
2062 7881
2063 7885
2064 7889
2065 7893
2066 7897
2067 7901
2068 7905
2069 7909
2070 7913
2071 7917
2072 7921
2073 7925
2074 7929
2075 7933
2076 7937
2077 7941
2078 7945
2079 7949
2080 7953
2081 7957
2082 7961
2083 7965
