0 397
1 401
2 405
3 409
4 413
5 417
6 421
7 425
8 429
9 433
10 437
11 441
12 445
13 449
14 453
15 457
16 461
17 465
18 469
19 473
20 477
21 481
22 485
23 489
24 493
25 497
26 501
27 505
28 509
29 513
30 517
31 521
32 525
33 529
34 533
35 537
36 541
37 545
38 549
39 553
40 557
41 561
42 565
43 569
44 573
45 577
46 581
47 585
48 589
49 593
50 597
51 601
52 605
53 609
54 613
55 617
56 621
57 625
58 629
59 632
60 636
61 640
62 644
63 648
64 652
65 656
66 660
67 664
68 668
69 672
70 676
71 680
72 684
73 688
74 692
75 696
76 700
77 704
78 708
79 712
80 716
81 720
82 724
83 728
84 732
85 736
86 740
87 744
88 748
89 752
90 756
91 760
92 764
93 768
94 772
95 776
96 780
97 784
98 788
99 792
100 796
101 800
102 804
103 808
104 812
105 816
106 820
107 824
108 828
109 832
110 836
111 840
112 844
113 848
114 852
115 856
116 860
117 864
118 868
119 872
120 876
121 880
122 884
123 888
124 892
125 896
126 900
127 904
128 908
129 912
130 916
131 920
132 924
133 928
134 932
135 936
136 940
137 944
138 948
139 952
140 956
141 960
142 964
143 968
144 972
145 976
146 980
147 984
148 988
149 992
150 996
151 1000
152 1004
153 1008
154 1012
155 1016
156 1020
157 1024
158 1028
159 1032
160 1036
161 1040
162 1044
163 1048
164 1052
165 1056
166 1060
167 1064
168 1068
169 1072
170 1076
171 1080
172 1084
173 1088
174 1092
175 1096
176 1100
177 1104
178 1108
179 1112
180 1116
181 1120
182 1124
183 1128
184 1132
185 1136
186 1140
187 1144
188 1148
189 1152
190 1156
191 1160
192 1164
193 1168
194 1172
195 1176
196 1180
197 1184
198 1188
199 1192
200 1196
201 1200
202 1204
203 1208
204 1212
205 1216
206 1220
207 1224
208 1228
209 1232
210 1236
211 1240
212 1244
213 1248
214 1252
215 1256
216 1260
217 1264
218 1268
219 1272
220 1276
221 1280
222 1284
223 1288
224 1292
225 1296
226 1300
227 1304
228 1308
229 1312
230 1316
231 1320
232 1324
233 1328
234 1332
235 1336
236 1340
237 1344
238 1348
239 1352
240 1356
241 1360
242 1364
243 1368
244 1372
245 1376
246 1380
247 1384
248 1388
249 1392
250 1396
251 1400
252 1404
253 1408
254 1412
255 1416
256 1420
257 1424
258 1428
259 1432
260 1436
261 1440
262 1444
263 1448
264 1452
265 1456
266 1460
267 1464
268 1468
269 1472
270 1476
271 1480
272 1484
273 1488
274 1492
275 1496
276 1500
277 1504
278 1508
279 1512
280 1516
281 1520
282 1524
283 1527
284 1531
285 1535
286 1539
287 1543
288 1547
289 1551
290 1555
291 1559
292 1563
293 1567
294 1571
295 1575
296 1578
297 1582
298 1585
299 1589
300 1593
301 1597
302 1601
303 1605
304 1609
305 1613
306 1617
307 1621
308 1625
309 1629
310 1633
311 1637
312 1641
313 1645
314 1649
315 1653
316 1657
317 1661
318 1665
319 1669
320 1673
321 1677
322 1681
323 1685
324 1689
325 1693
326 1697
327 1701
328 1705
329 1709
330 1713
331 1717
332 1721
333 1725
334 1729
335 1733
336 1737
337 1741
338 1745
339 1749
340 1753
341 1757
342 1761
343 1765
344 1769
345 1773
346 1777
347 1781
348 1785
349 1789
350 1793
351 1797
352 1801
353 1805
354 1809
355 1813
356 1817
357 1821
358 1825
359 1829
360 1833
361 1837
362 1841
363 1845
364 1849
365 1853
366 1857
367 1861
368 1865
369 1869
370 1873
371 1877
372 1881
373 1885
374 1889
375 1893
376 1897
377 1901
378 1905
379 1909
380 1913
381 1917
382 1921
383 1925
384 1929
385 1933
386 1937
387 1941
388 1945
389 1949
390 1953
391 1957
392 1961
393 1965
394 1969
395 1973
396 1977
397 1981
398 1985
399 1989
400 1993
401 1997
402 2001
403 2005
404 2009
405 2013
406 2017
407 2021
408 2025
409 2029
410 2033
411 2037
412 2041
413 2045
414 2049
415 2053
416 2057
417 2061
418 2065
419 2069
420 2073
421 2077
422 2081
423 2085
424 2089
425 2093
426 2097
427 2101
428 2105
429 2109
430 2113
431 2117
432 2121
433 2125
434 2129
435 2133
436 2137
437 2141
438 2145
439 2149
440 2153
441 2157
442 2161
443 2165
444 2169
445 2173
446 2177
447 2181
448 2185
449 2189
450 2193
451 2197
452 2201
453 2205
454 2209
455 2213
456 2217
457 2221
458 2225
459 2229
460 2233
461 2237
462 2241
463 2245
464 2249
465 2253
466 2257
467 2261
468 2265
469 2269
470 2272
471 2276
472 2279
473 2283
474 2287
475 2291
476 2295
477 2299
478 2303
479 2307
480 2311
481 2315
482 2319
483 2323
484 2327
485 2331
486 2335
487 2339
488 2343
489 2347
490 2351
491 2355
492 2359
493 2363
494 2367
495 2371
496 2375
497 2379
498 2383
499 2387
500 2391
501 2395
502 2399
503 2403
504 2407
505 2411
506 2415
507 2419
508 2423
509 2427
510 2431
511 2435
512 2439
513 2443
514 2447
515 2451
516 2455
517 2459
518 2463
519 2467
520 2471
521 2475
522 2479
523 2483
524 2487
525 2491
526 2495
527 2499
528 2503
529 2507
530 2511
531 2515
532 2519
533 2523
534 2527
535 2531
536 2535
537 2539
538 2543
539 2547
540 2551
541 2555
542 2559
543 2563
544 2567
545 2571
546 2575
547 2579
548 2583
549 2587
550 2591
551 2595
552 2599
553 2603
554 2607
555 2611
556 2615
557 2619
558 2623
559 2627
560 2631
561 2635
562 2639
563 2643
564 2647
565 2651
566 2655
567 2659
568 2663
569 2667
570 2671
571 2675
572 2679
573 2683
574 2687
575 2691
576 2695
577 2699
578 2703
579 2707
580 2711
581 2715
582 2719
583 2723
584 2727
585 2731
586 2735
587 2739
588 2743
589 2747
590 2751
591 2754
592 2757
593 2761
594 2765
595 2769
596 2773
597 2777
598 2781
599 2785
600 2789
601 2793
602 2797
603 2801
604 2805
605 2809
606 2813
607 2817
608 2821
609 2825
610 2829
611 2833
612 2837
613 2841
614 2845
615 2849
616 2853
617 2857
618 2861
619 2865
620 2869
621 2873
622 2877
623 2881
624 2885
625 2889
626 2893
627 2897
628 2901
629 2905
630 2909
631 2913
632 2917
633 2921
634 2925
635 2929
636 2933
637 2937
638 2941
639 2945
640 2949
641 2953
642 2957
643 2961
644 2965
645 2969
646 2973
647 2977
648 2981
649 2985
650 2989
651 2993
652 2997
653 3001
654 3005
655 3009
656 3013
657 3017
658 3021
659 3025
660 3029
661 3033
662 3037
663 3041
664 3045
665 3049
666 3053
667 3057
668 3061
669 3065
670 3069
671 3073
672 3077
673 3081
674 3085
675 3089
676 3093
677 3097
678 3101
679 3105
680 3109
681 3113
682 3117
683 3121
684 3125
685 3129
686 3133
687 3137
688 3141
689 3145
690 3149
691 3153
692 3157
693 3161
694 3165
695 3169
696 3173
697 3177
698 3181
699 3185
700 3189
701 3193
702 3197
703 3201
704 3205
705 3209
706 3213
707 3217
708 3221
709 3225
710 3229
711 3233
712 3237
713 3241
714 3245
715 3249
716 3253
717 3257
718 3261
719 3265
720 3269
721 3273
722 3277
723 3281
724 3285
725 3289
726 3293
727 3297
728 3301
729 3305
730 3309
731 3313
732 3317
733 3321
734 3325
735 3329
736 3333
737 3337
738 3341
739 3345
740 3349
741 3353
742 3357
743 3361
744 3365
745 3369
746 3373
747 3377
748 3381
749 3385
750 3389
751 3393
752 3397
753 3401
754 3405
755 3409
756 3413
757 3417
758 3421
759 3425
760 3429
761 3433
762 3437
763 3441
764 3445
765 3449
766 3453
767 3457
768 3461
769 3465
770 3469
771 3473
772 3477
773 3481
774 3485
775 3489
776 3493
777 3497
778 3501
779 3505
780 3509
781 3513
782 3517
783 3521
784 3525
785 3529
786 3533
787 3537
788 3541
789 3545
790 3549
791 3553
792 3557
793 3561
794 3565
795 3569
796 3573
797 3577
798 3581
799 3585
800 3589
801 3593
802 3597
803 3601
804 3605
805 3609
806 3613
807 3617
808 3621
809 3625
810 3629
811 3633
812 3637
813 3641
814 3645
815 3649
816 3653
817 3657
818 3661
819 3665
820 3669
821 3673
822 3677
823 3681
824 3685
825 3689
826 3693
827 3697
828 3701
829 3705
830 3709
831 3713
832 3717
833 3721
834 3725
835 3729
836 3733
837 3737
838 3741
839 3745
840 3749
841 3753
842 3757
843 3761
844 3765
845 3769
846 3773
847 3777
848 3781
849 3785
850 3789
851 3793
852 3797
853 3801
854 3805
855 3809
856 3813
857 3817
858 3821
859 3825
860 3829
861 3833
862 3837
863 3841
864 3845
865 3849
866 3853
867 3857
868 3861
869 3865
870 3869
871 3873
872 3877
873 3881
874 3885
875 3889
876 3893
877 3897
878 3901
879 3905
880 3909
881 3913
882 3917
883 3921
884 3925
885 3929
886 3933
887 3937
888 3941
889 3945
890 3949
891 3953
892 3957
893 3961
894 3965
895 3969
896 3973
897 3977
898 3981
899 3985
900 3989
901 3993
902 3997
903 4001
904 4005
905 4009
906 4013
907 4017
908 4021
909 4025
910 4029
911 4033
912 4037
913 4041
914 4045
915 4049
916 4053
917 4057
918 4061
919 4065
920 4069
921 4073
922 4077
923 4081
924 4085
925 4089
926 4093
927 4097
928 4101
929 4105
930 4109
931 4113
932 4117
933 4121
934 4125
935 4129
936 4133
937 4137
938 4141
939 4145
940 4149
941 4153
942 4157
943 4161
944 4165
945 4169
946 4173
947 4177
948 4181
949 4185
950 4189
951 4193
952 4197
953 4201
954 4205
955 4209
956 4213
957 4217
958 4221
959 4225
960 4229
961 4233
962 4237
963 4241
964 4245
965 4249
966 4253
967 4257
968 4261
969 4265
970 4269
971 4273
972 4277
973 4281
974 4285
975 4289
976 4293
977 4297
978 4301
979 4305
980 4309
981 4313
982 4317
983 4321
984 4325
985 4329
986 4333
987 4337
988 4341
989 4345
990 4349
991 4353
992 4357
993 4361
994 4365
995 4369
996 4373
997 4377
998 4381
999 4385
1000 4388
1001 4392
1002 4396
1003 4400
1004 4404
1005 4408
1006 4412
1007 4416
1008 4420
1009 4424
1010 4428
1011 4432
1012 4435
1013 4439
1014 4443
1015 4447
1016 4451
1017 4455
1018 4459
1019 4463
1020 4467
1021 4471
1022 4474
1023 4477
1024 4480
1025 4484
1026 4487
1027 4490
1028 4493
1029 4497
1030 4500
1031 4503
1032 4506
1033 4509
1034 4513
1035 4517
1036 4521
1037 4525
1038 4529
1039 4533
1040 4537
1041 4540
1042 4544
1043 4547
1044 4550
1045 4553
1046 4556
1047 4560
1048 4563
1049 4566
1050 4570
1051 4573
1052 4577
1053 4580
1054 4583
1055 4586
1056 4590
1057 4593
1058 4596
1059 4600
1060 4604
1061 4607
1062 4610
1063 4613
1064 4616
1065 4619
1066 4622
1067 4625
1068 4628
1069 4631
1070 4634
1071 4637
1072 4640
1073 4644
1074 4647
1075 4651
1076 4654
1077 4657
1078 4660
1079 4664
1080 4668
1081 4672
1082 4675
1083 4679
1084 4682
1085 4686
1086 4690
1087 4693
1088 4696
1089 4700
1090 4704
1091 4707
1092 4711
1093 4715
1094 4719
1095 4723
1096 4726
1097 4730
1098 4734
1099 4738
1100 4742
1101 4745
1102 4748
1103 4752
1104 4756
1105 4760
1106 4764
1107 4767
1108 4770
1109 4773
1110 4776
1111 4779
1112 4782
1113 4785
1114 4789
1115 4792
1116 4795
1117 4798
1118 4801
1119 4804
1120 4807
1121 4811
1122 4815
1123 4818
1124 4821
1125 4824
1126 4828
1127 4831
1128 4834
1129 4837
1130 4840
1131 4843
1132 4846
1133 4849
1134 4853
1135 4857
1136 4861
1137 4865
1138 4869
1139 4873
1140 4877
1141 4881
1142 4885
1143 4889
1144 4893
1145 4897
1146 4901
1147 4905
1148 4909
1149 4913
1150 4917
1151 4921
1152 4925
1153 4929
1154 4933
1155 4937
1156 4940
1157 4944
1158 4948
1159 4952
1160 4956
1161 4960
1162 4963
1163 4966
1164 4970
1165 4973
1166 4976
1167 4979
1168 4983
1169 4987
1170 4990
1171 4993
1172 4997
1173 5001
1174 5004
1175 5008
1176 5012
1177 5016
1178 5020
1179 5023
1180 5027
1181 5030
1182 5034
1183 5037
1184 5039
1185 5042
1186 5047
1187 5050
1188 5054
1189 5057
1190 5060
1191 5063
1192 5067
1193 5070
1194 5074
1195 5078
1196 5083
1197 5087
1198 5091
1199 5095
1200 5099
1201 5103
1202 5106
1203 5110
1204 5114
1205 5118
1206 5122
1207 5127
1208 5131
1209 5135
1210 5138
1211 5142
1212 5146
1213 5150
1214 5154
1215 5158
1216 5162
1217 5167
1218 5171
1219 5174
1220 5178
1221 5182
1222 5186
1223 5190
1224 5194
1225 5198
1226 5202
1227 5206
1228 5210
1229 5214
1230 5218
1231 5222
1232 5226
1233 5230
1234 5234
1235 5238
1236 5242
1237 5246
1238 5250
1239 5254
1240 5258
1241 5262
1242 5266
1243 5270
1244 5274
1245 5278
1246 5282
1247 5286
1248 5290
1249 5294
1250 5298
1251 5302
1252 5306
1253 5310
1254 5314
1255 5318
1256 5322
1257 5326
1258 5330
1259 5334
1260 5338
1261 5342
1262 5346
1263 5350
1264 5354
1265 5358
1266 5362
1267 5366
1268 5370
1269 5374
1270 5378
1271 5382
1272 5386
1273 5390
1274 5394
1275 5398
1276 5402
1277 5406
1278 5410
1279 5414
1280 5418
1281 5422
1282 5426
1283 5430
1284 5434
1285 5438
1286 5442
1287 5446
1288 5450
1289 5454
1290 5458
1291 5462
1292 5466
1293 5470
1294 5474
1295 5478
1296 5482
1297 5486
1298 5490
1299 5494
1300 5498
1301 5502
1302 5506
1303 5510
1304 5514
1305 5518
1306 5522
1307 5526
1308 5530
1309 5534
1310 5538
1311 5542
1312 5546
1313 5550
1314 5554
1315 5558
1316 5562
1317 5566
1318 5570
1319 5574
1320 5578
1321 5582
1322 5586
1323 5590
1324 5594
1325 5598
1326 5602
1327 5606
1328 5610
1329 5614
1330 5618
1331 5622
1332 5626
1333 5630
1334 5634
1335 5638
1336 5642
1337 5646
1338 5650
1339 5654
1340 5658
1341 5662
1342 5666
1343 5670
1344 5674
1345 5678
1346 5682
1347 5686
1348 5690
1349 5694
1350 5698
1351 5702
1352 5706
1353 5710
1354 5714
1355 5718
1356 5722
1357 5726
1358 5730
1359 5734
1360 5738
1361 5742
1362 5746
1363 5750
1364 5754
1365 5758
1366 5762
1367 5766
1368 5770
1369 5774
1370 5778
1371 5782
1372 5786
1373 5790
1374 5794
1375 5798
1376 5802
1377 5806
1378 5810
1379 5814
1380 5818
1381 5822
1382 5826
1383 5830
1384 5834
1385 5838
1386 5842
1387 5846
1388 5850
1389 5854
1390 5858
1391 5862
1392 5863
1393 5867
1394 5871
1395 5875
1396 5879
1397 5883
1398 5886
1399 5890
1400 5894
1401 5898
1402 5902
1403 5905
1404 5909
1405 5913
1406 5917
1407 5921
1408 5925
1409 5929
1410 5933
1411 5937
1412 5941
1413 5945
1414 5949
1415 5952
1416 5956
1417 5959
1418 5962
1419 5966
1420 5970
1421 5974
1422 5978
1423 5982
1424 5985
1425 5989
1426 5993
1427 5994
1428 5997
1429 6001
1430 6005
1431 6008
1432 6012
1433 6016
1434 6020
1435 6024
1436 6028
1437 6031
1438 6035
1439 6039
1440 6043
1441 6047
1442 6051
1443 6055
1444 6058
1445 6061
1446 6064
1447 6067
1448 6070
1449 6073
1450 6076
1451 6080
1452 6083
1453 6087
1454 6091
1455 6095
1456 6099
1457 6103
1458 6107
1459 6111
1460 6115
1461 6119
1462 6123
1463 6127
1464 6131
1465 6135
1466 6139
1467 6143
1468 6147
1469 6151
1470 6155
1471 6159
1472 6163
1473 6167
1474 6171
1475 6175
1476 6179
1477 6183
1478 6187
1479 6191
1480 6195
1481 6199
1482 6203
1483 6205
1484 6208
1485 6211
1486 6215
1487 6217
1488 6220
1489 6223
1490 6226
1491 6229
1492 6233
1493 6237
1494 6241
1495 6245
1496 6249
1497 6251
1498 6254
1499 6258
1500 6262
1501 6266
1502 6270
1503 6274
1504 6278
1505 6282
1506 6286
1507 6290
1508 6294
1509 6298
1510 6302
1511 6306
1512 6310
1513 6314
1514 6318
1515 6322
1516 6326
1517 6330
1518 6334
1519 6338
1520 6342
1521 6346
1522 6350
1523 6354
1524 6358
1525 6362
1526 6366
1527 6370
1528 6374
1529 6378
1530 6382
1531 6386
1532 6390
1533 6394
1534 6398
1535 6402
1536 6406
1537 6410
1538 6414
1539 6418
1540 6422
1541 6426
1542 6430
1543 6434
1544 6438
1545 6442
1546 6446
1547 6450
1548 6454
1549 6458
1550 6462
1551 6466
1552 6470
1553 6474
1554 6478
1555 6482
1556 6486
1557 6490
1558 6494
1559 6498
1560 6502
1561 6506
1562 6510
1563 6514
1564 6518
1565 6522
1566 6526
1567 6530
1568 6534
1569 6538
1570 6542
1571 6546
1572 6550
1573 6554
1574 6557
1575 6561
1576 6565
1577 6568
1578 6572
1579 6575
1580 6578
1581 6582
1582 6584
1583 6587
1584 6591
1585 6593
1586 6596
1587 6600
1588 6604
1589 6608
1590 6612
1591 6616
1592 6620
1593 6624
1594 6628
1595 6632
1596 6636
1597 6640
1598 6644
1599 6648
1600 6652
1601 6656
1602 6660
1603 6664
1604 6668
1605 6672
1606 6676
1607 6680
1608 6684
1609 6688
1610 6692
1611 6696
1612 6700
1613 6704
1614 6708
1615 6712
1616 6716
1617 6720
1618 6724
1619 6728
1620 6732
1621 6736
1622 6740
1623 6744
1624 6748
1625 6752
1626 6756
1627 6760
1628 6764
1629 6768
1630 6772
1631 6776
1632 6780
1633 6784
1634 6788
1635 6792
1636 6795
1637 6799
1638 6803
1639 6807
1640 6811
1641 6814
1642 6818
1643 6822
1644 6826
1645 6830
1646 6834
1647 6838
1648 6842
1649 6846
1650 6850
1651 6854
1652 6858
1653 6862
1654 6866
1655 6870
1656 6874
1657 6878
1658 6882
1659 6886
1660 6890
1661 6894
1662 6898
1663 6902
1664 6906
1665 6910
1666 6914
1667 6918
1668 6922
1669 6926
1670 6930
1671 6934
1672 6938
1673 6942
1674 6946
1675 6950
1676 6954
1677 6958
1678 6962
1679 6966
1680 6970
1681 6974
1682 6978
1683 6982
1684 6986
1685 6990
1686 6994
1687 6998
1688 7002
1689 7006
1690 7010
1691 7014
1692 7018
1693 7022
1694 7026
1695 7030
1696 7034
1697 7038
1698 7042
1699 7046
1700 7050
1701 7054
1702 7058
1703 7062
1704 7066
1705 7070
1706 7074
1707 7078
1708 7082
1709 7086
1710 7090
1711 7094
1712 7098
1713 7102
1714 7106
1715 7110
1716 7114
1717 7118
1718 7122
1719 7126
1720 7130
1721 7134
1722 7138
1723 7142
1724 7146
1725 7150
1726 7154
1727 7158
1728 7162
1729 7166
1730 7170
1731 7174
1732 7178
1733 7182
1734 7186
1735 7190
1736 7194
1737 7198
1738 7202
1739 7206
1740 7210
1741 7214
1742 7218
1743 7222
1744 7226
1745 7230
1746 7234
1747 7238
1748 7242
1749 7246
1750 7250
1751 7254
1752 7258
1753 7262
1754 7266
1755 7270
1756 7274
1757 7278
1758 7282
1759 7286
1760 7290
1761 7294
1762 7298
1763 7301
1764 7305
1765 7308
1766 7312
1767 7316
1768 7320
1769 7324
1770 7327
1771 7331
1772 7335
1773 7339
1774 7343
1775 7347
1776 7351
1777 7355
1778 7359
1779 7363
1780 7367
1781 7371
1782 7375
1783 7379
1784 7383
1785 7387
1786 7391
1787 7395
1788 7399
1789 7403
1790 7407
1791 7411
1792 7415
1793 7419
1794 7423
1795 7427
1796 7431
1797 7435
1798 7439
1799 7443
1800 7447
1801 7451
1802 7455
1803 7459
1804 7463
1805 7467
1806 7471
1807 7475
1808 7479
1809 7483
1810 7487
1811 7491
1812 7495
1813 7499
1814 7503
1815 7507
1816 7511
1817 7515
1818 7519
1819 7523
1820 7527
1821 7531
1822 7535
1823 7539
1824 7543
1825 7547
1826 7551
1827 7555
1828 7559
1829 7563
1830 7567
1831 7571
1832 7575
1833 7579
1834 7583
1835 7587
1836 7591
1837 7595
1838 7599
1839 7603
1840 7607
1841 7611
1842 7615
1843 7619
1844 7623
1845 7627
1846 7631
1847 7635
1848 7639
1849 7643
1850 7647
1851 7651
1852 7655
1853 7659
1854 7663
1855 7667
1856 7671
1857 7675
1858 7679
1859 7683
1860 7687
1861 7691
1862 7695
1863 7699
1864 7703
1865 7707
1866 7711
1867 7715
1868 7719
1869 7723
1870 7727
1871 7731
1872 7735
1873 7739
1874 7743
1875 7746
1876 7749
1877 7753
1878 7756
1879 7759
1880 7762
1881 7763
1882 7766
1883 7770
1884 7774
1885 7778
1886 7781
1887 7784
1888 7787
1889 7790
1890 7794
1891 7798
1892 7802
1893 7806
1894 7810
1895 7814
1896 7818
1897 7822
1898 7826
1899 7830
1900 7834
1901 7838
1902 7842
1903 7846
1904 7850
1905 7854
1906 7858
1907 7862
1908 7866
1909 7870
1910 7874
1911 7878
1912 7882
1913 7885
1914 7889
1915 7892
1916 7895
1917 7899
1918 7903
1919 7907
1926 7909
1927 7912
1928 7915
1929 7917
1930 7920
1931 7923
1932 7927
1933 7931
1934 7935
1935 7939
1936 7942
1937 7945
1938 7948
1939 7950
1940 7951
1942 7952
1943 7954
1944 7957
1945 7960
1946 7962
1947 7965
1951 7966
1952 7969
1953 7971
1954 7972
1955 7976
1956 7980
1957 7984
1958 7988
1959 7992
1960 7995
1961 7999
1962 8003
1963 8007
1964 8011
1965 8015
1966 8019
1967 8023
1968 8027
1969 8031
1970 8035
1971 8039
1972 8043
1973 8047
1974 8051
1975 8055
1976 8059
1977 8063
1978 8067
1979 8071
1980 8075
1981 8079
1982 8083
1983 8087
1984 8091
1985 8095
1986 8099
1987 8103
1988 8107
1989 8111
1990 8115
1991 8119
1992 8123
1993 8127
1994 8131
1995 8135
1996 8139
1997 8143
1998 8147
1999 8151
2000 8155
2001 8159
2002 8163
2003 8167
2004 8171
2005 8175
2006 8179
2007 8183
2008 8187
2009 8191
2010 8195
2011 8199
2012 8203
2013 8207
2014 8211
2015 8215
2016 8219
2017 8223
2018 8227
2019 8231
2020 8235
2021 8239
2022 8243
2023 8247
2024 8251
2025 8255
2026 8259
2027 8263
2028 8267
2029 8271
2030 8275
2031 8279
2032 8283
2033 8287
2034 8291
2035 8295
2036 8299
2037 8303
2038 8307
2039 8311
2040 8315
2041 8319
2042 8323
2043 8327
2044 8331
2045 8335
2046 8339
2047 8343
2048 8347
2049 8351
2050 8355
2051 8359
2052 8363
2053 8367
2054 8371
2055 8375
2056 8379
2057 8383
2058 8387
2059 8391
2060 8395
2061 8399
2062 8403
2063 8407
2064 8411
2065 8415
2066 8419
2067 8423
2068 8427
2069 8431
2070 8435
2071 8439
2072 8443
2073 8447
2074 8451
2075 8455
2076 8459
2077 8463
2078 8467
2079 8471
2080 8475
2081 8479
2082 8483
2083 8487
2084 8491
2085 8495
2086 8499
2087 8503
2088 8507
2089 8511
2090 8515
2091 8519
2092 8523
2093 8527
2094 8531
2095 8535
2096 8539
2097 8543
2098 8547
2099 8551
2100 8555
2101 8559
2102 8563
2103 8567
2104 8571
2105 8575
2106 8579
2107 8583
2108 8587
2109 8591
2110 8595
2111 8599
2112 8603
2113 8607
2114 8611
2115 8615
2116 8619
2117 8623
2118 8627
2119 8631
2120 8635
2121 8639
2122 8643
2123 8647
2124 8651
2125 8655
2126 8659
2127 8663
2128 8667
2129 8671
2130 8675
2131 8679
2132 8683
2133 8687
2134 8691
2135 8695
2136 8699
2137 8703
2138 8707
2139 8711
2140 8715
2141 8719
2142 8723
2143 8727
2144 8731
2145 8735
2146 8739
2147 8743
2148 8747
2149 8751
2150 8755
2151 8759
2152 8763
2153 8767
2154 8771
2155 8775
2156 8779
2157 8783
2158 8787
2159 8791
2160 8795
2161 8799
2162 8803
2163 8807
2164 8811
2165 8815
2166 8819
2167 8823
2168 8827
2169 8831
2170 8835
2171 8839
2172 8843
2173 8847
2174 8851
2175 8855
2176 8859
2177 8863
2178 8867
2179 8871
2180 8875
2181 8879
2182 8883
2183 8887
2184 8891
2185 8895
2186 8899
2187 8903
2188 8907
2189 8911
2190 8915
2191 8919
2192 8923
2193 8927
2194 8931
2195 8935
2196 8939
2197 8943
2198 8947
2199 8951
2200 8955
2201 8959
2202 8963
2203 8967
2204 8971
2205 8975
2206 8979
2207 8983
2208 8987
2209 8991
2210 8995
2211 8999
2212 9003
2213 9007
2214 9010
2215 9014
2216 9018
2217 9022
2218 9025
2219 9029
2220 9033
2221 9035
2222 9039
2223 9043
2224 9047
2225 9051
2226 9055
2227 9059
2228 9063
2229 9067
2230 9071
2231 9075
2232 9079
2233 9083
2234 9087
2235 9091
2236 9095
2237 9099
2238 9103
2239 9107
2240 9111
2241 9115
2242 9119
2243 9123
2244 9127
2245 9131
2246 9135
2247 9139
2248 9143
2249 9147
2250 9151
2251 9155
2252 9159
2253 9163
2254 9167
2255 9171
2256 9175
2257 9179
2258 9183
2259 9187
2260 9191
2261 9195
2262 9199
2263 9203
2264 9207
2265 9211
2266 9215
2267 9219
2268 9223
2269 9227
2270 9231
2271 9235
2272 9239
2273 9243
2274 9247
2275 9251
2276 9255
2277 9259
2278 9263
2279 9267
2280 9271
2281 9275
2282 9279
2283 9283
2284 9287
2285 9291
2286 9295
2287 9299
2288 9303
2289 9307
2290 9311
2291 9315
2292 9319
2293 9323
2294 9327
2295 9331
2296 9335
2297 9339
2298 9343
2299 9347
2300 9351
2301 9355
2302 9359
2303 9363
2304 9367
2305 9371
2306 9375
2307 9379
2308 9383
2309 9387
2310 9391
2311 9395
2312 9399
2313 9403
2314 9407
2315 9411
2316 9415
2317 9419
2318 9423
2319 9427
2320 9431
2321 9435
2322 9439
2323 9443
2324 9447
2325 9451
2326 9455
2327 9459
2328 9463
2329 9467
2330 9471
2331 9475
2332 9479
2333 9483
2334 9487
2335 9491
2336 9495
2337 9499
2338 9503
2339 9507
2340 9511
2341 9515
2342 9519
2343 9523
2344 9527
2345 9531
2346 9535
2347 9539
2348 9543
2349 9547
2350 9551
2351 9555
2352 9559
2353 9563
2354 9567
2355 9571
2356 9575
2357 9579
2358 9583
2359 9587
2360 9591
2361 9595
2362 9599
2363 9603
2364 9607
2365 9611
2366 9615
2367 9619
2368 9623
2369 9627
2370 9631
2371 9635
2372 9639
2373 9643
2374 9647
2375 9651
2376 9655
2377 9659
2378 9663
2379 9667
2380 9671
2381 9675
2382 9679
2383 9683
2384 9687
2385 9691
2386 9695
2387 9699
2388 9703
2389 9707
2390 9711
2391 9715
2392 9719
2393 9723
2394 9727
2395 9731
2396 9735
2397 9739
2398 9743
2399 9747
2400 9751
2401 9755
2402 9759
2403 9763
2404 9767
2405 9771
2406 9775
2407 9779
2408 9783
2409 9787
2410 9791
2411 9795
2412 9799
2413 9803
2414 9807
2415 9811
2416 9815
2417 9819
2418 9823
2419 9827
2420 9831
2421 9835
2422 9839
2423 9843
2424 9847
2425 9851
2426 9855
2427 9859
2428 9863
2429 9867
2430 9871
2431 9875
2432 9879
2433 9883
2434 9887
2435 9891
2436 9895
2437 9899
2438 9903
2439 9907
2440 9911
2441 9915
2442 9919
2443 9923
2444 9927
2445 9931
2446 9935
2447 9939
2448 9943
2449 9947
2450 9951
2451 9955
2452 9959
2453 9963
2454 9967
2455 9971
2456 9975
2457 9979
2458 9983
2459 9987
2460 9991
2461 9995
2462 9999
2463 10003
2464 10007
2465 10011
2466 10015
2467 10019
2468 10023
2469 10027
2470 10031
2471 10035
2472 10039
2473 10043
2474 10047
2475 10051
2476 10055
2477 10059
2478 10063
2479 10067
2480 10071
2481 10075
2482 10079
2483 10083
2484 10087
2485 10091
2486 10095
2487 10099
2488 10103
2489 10107
2490 10111
2491 10115
2492 10119
2493 10123
2494 10127
2495 10131
2496 10135
2497 10139
2498 10143
2499 10147
2500 10151
2501 10155
2502 10159
2503 10163
2504 10167
2505 10171
2506 10175
2507 10179
2508 10183
2509 10187
2510 10191
2511 10195
2512 10199
2513 10203
2514 10207
2515 10211
2516 10215
2517 10219
2518 10223
2519 10227
2520 10231
2521 10235
2522 10239
2523 10243
2524 10247
2525 10251
2526 10255
2527 10259
2528 10263
2529 10267
2530 10271
2531 10275
2532 10279
2533 10283
2534 10287
2535 10291
2536 10295
2537 10299
2538 10303
2539 10307
2540 10311
2541 10315
2542 10319
2543 10323
2544 10327
2545 10331
2546 10335
2547 10339
2548 10343
2549 10347
2550 10351
2551 10355
2552 10359
2553 10363
2554 10367
2555 10371
2556 10375
2557 10379
2558 10383
2559 10387
2560 10391
2561 10395
2562 10399
2563 10403
2564 10407
2565 10411
2566 10415
2567 10419
2568 10423
2569 10427
2570 10431
2571 10435
2572 10439
2573 10443
2574 10447
2575 10451
2576 10455
2577 10459
2578 10463
2579 10466
2580 10468
2581 10471
2582 10473
2583 10476
2584 10480
2585 10484
2586 10488
2587 10492
2588 10496
2589 10500
2590 10504
2591 10508
2592 10511
2593 10513
2594 10516
2595 10519
2596 10523
2597 10527
2598 10531
2599 10535
2600 10539
2601 10543
2602 10547
2603 10551
2604 10555
2605 10559
2606 10563
2607 10567
2608 10571
2609 10575
2610 10579
2611 10583
2612 10587
2613 10591
2614 10595
2615 10599
2616 10603
2617 10607
2618 10611
2619 10615
2620 10619
2621 10623
2622 10627
2623 10631
2624 10635
2625 10639
2626 10643
2627 10647
2628 10651
2629 10655
2630 10659
2631 10663
2632 10667
2633 10671
2634 10675
2635 10679
2636 10683
2637 10687
2638 10691
2639 10695
2640 10699
2641 10703
2642 10707
2643 10711
2644 10715
2645 10719
2646 10723
2647 10727
2648 10731
2649 10735
2650 10739
2651 10743
2652 10747
2653 10751
2654 10755
2655 10759
2656 10763
2657 10767
2658 10771
2659 10775
2660 10779
2661 10783
2662 10787
2663 10791
2664 10795
2665 10799
2666 10803
2667 10807
2668 10811
2669 10815
2670 10819
2671 10823
2672 10827
2673 10831
2674 10835
2675 10839
2676 10843
2677 10847
2678 10851
2679 10855
2680 10859
2681 10863
2682 10867
2683 10870
2684 10872
2685 10876
2686 10880
2687 10884
2688 10888
2689 10892
2690 10896
2691 10900
2692 10904
2693 10908
2694 10912
2695 10916
2696 10918
2697 10922
2698 10926
2699 10930
2700 10934
2701 10938
2702 10942
2703 10946
2704 10950
2705 10954
2706 10957
2707 10960
2708 10964
2709 10967
2710 10971
2711 10975
2712 10979
2713 10983
2714 10987
2715 10991
2716 10995
2717 10999
2718 11002
2719 11006
2720 11010
2721 11014
2722 11018
2723 11022
2724 11026
2725 11030
2726 11034
2727 11038
2728 11042
2729 11046
2730 11050
2731 11054
2732 11058
2733 11062
2734 11066
2735 11070
2736 11074
2737 11078
2738 11082
2739 11086
2740 11090
2741 11094
2742 11098
2743 11102
2744 11106
2745 11110
2746 11114
2747 11118
2748 11122
2749 11126
2750 11130
2751 11134
2752 11138
2753 11142
2754 11146
2755 11150
2756 11154
2757 11158
2758 11162
2759 11166
2760 11170
2761 11174
2762 11178
2763 11182
2764 11186
2765 11190
2766 11194
2767 11198
2768 11202
2769 11206
2770 11210
2771 11214
2772 11218
2773 11222
2774 11226
2775 11230
2776 11234
2777 11238
2778 11242
2779 11244
2780 11247
2781 11250
2782 11252
2783 11256
2784 11258
2785 11262
2786 11265
2787 11269
2788 11273
2789 11277
2790 11281
2791 11285
2792 11289
2793 11293
2794 11297
2795 11301
2796 11305
2797 11309
2798 11313
2799 11317
2800 11321
2801 11325
2802 11329
2803 11333
2804 11337
2805 11341
2806 11345
2807 11349
2808 11353
2809 11357
2810 11361
2811 11365
2812 11369
2813 11373
2814 11377
2815 11381
2816 11385
2817 11389
2818 11393
2819 11397
2820 11401
2821 11405
2822 11409
2823 11413
2824 11417
2825 11421
2826 11425
2827 11429
2828 11433
2829 11437
2830 11441
2831 11445
2832 11449
2833 11453
2834 11457
2835 11461
2836 11465
2837 11466
2838 11469
2839 11471
2840 11472
2841 11475
2842 11478
2843 11480
2844 11483
2845 11484
2846 11486
2847 11489
2848 11492
2849 11495
2850 11499
2851 11503
2852 11507
2853 11511
2854 11515
2855 11519
2856 11523
2857 11527
2858 11531
2859 11535
2860 11539
2861 11543
2862 11547
2863 11551
2864 11555
2865 11559
2866 11563
2867 11567
2868 11571
2869 11575
2870 11579
2871 11583
2872 11586
2873 11590
2874 11591
2875 11595
2876 11598
2877 11602
2878 11606
2879 11610
2880 11614
2881 11618
2882 11622
2883 11626
2884 11630
2885 11634
2886 11638
2887 11642
2888 11646
2889 11650
2890 11654
2891 11658
2892 11662
2893 11666
2894 11670
2895 11674
2896 11678
2897 11682
2898 11686
2899 11690
2900 11694
2901 11698
2902 11702
2903 11704
2904 11708
2905 11711
2906 11713
2907 11717
2908 11720
2909 11724
2910 11728
2911 11732
2912 11736
2913 11740
2914 11744
2915 11748
2916 11752
2917 11756
2918 11760
2919 11764
2920 11768
2921 11772
2922 11776
2923 11780
2924 11784
2925 11788
2926 11792
2927 11796
2928 11800
2929 11804
2930 11808
2931 11812
2932 11816
2933 11820
2934 11824
2935 11828
2936 11832
2937 11836
2938 11840
2939 11844
2940 11848
2941 11852
2942 11856
2943 11860
2944 11864
2945 11868
2946 11872
2947 11876
2948 11880
2949 11884
2950 11888
2951 11892
2952 11896
2953 11900
2954 11904
2955 11908
2956 11912
2957 11916
2958 11920
2959 11924
2960 11928
2961 11932
2962 11936
2963 11940
2964 11944
2965 11948
2966 11952
2967 11956
2968 11960
2969 11964
2970 11968
2971 11972
2972 11976
2973 11980
2974 11984
2975 11988
2976 11992
2977 11996
2978 12000
2979 12004
2980 12008
2981 12012
2982 12016
2983 12020
2984 12024
2985 12028
2986 12032
2987 12036
2988 12040
2989 12044
2990 12048
2991 12052
2992 12056
2993 12060
2994 12064
2995 12068
2996 12072
2997 12076
2998 12080
2999 12084
3000 12088
3001 12092
3002 12096
3003 12100
3004 12104
3005 12108
3006 12112
3007 12116
3008 12120
3009 12124
3010 12128
3011 12132
3012 12136
3013 12140
3014 12144
3015 12148
3016 12152
3017 12156
3018 12160
3019 12163
3020 12166
3021 12170
3022 12174
3023 12177
3024 12180
3025 12183
3026 12187
3027 12191
3028 12195
3029 12199
3030 12203
3031 12207
3032 12211
3033 12215
3034 12219
3035 12223
3036 12227
3037 12231
3038 12235
3039 12239
3040 12243
3041 12247
3042 12250
3043 12254
3044 12258
3045 12262
3046 12266
3047 12270
3048 12274
3049 12278
3050 12282
3051 12286
3052 12290
3053 12294
3054 12297
3055 12301
3056 12305
3057 12309
3058 12313
3059 12317
3060 12321
3061 12325
3062 12329
3063 12333
3064 12337
3065 12341
3066 12345
3067 12349
3068 12353
3069 12356
3070 12360
3071 12364
3072 12368
3073 12372
3074 12376
3075 12380
3076 12384
3077 12388
3078 12392
3079 12396
3080 12400
3081 12404
3082 12408
3083 12412
3084 12416
3085 12420
3086 12424
3087 12428
3088 12432
3089 12436
3090 12440
3091 12444
3092 12448
3093 12452
3094 12456
3095 12460
3096 12464
3097 12468
3098 12472
3099 12476
3100 12480
3101 12484
3102 12488
3103 12492
3104 12496
3105 12500
3106 12504
3107 12508
3108 12512
3109 12516
3110 12520
3111 12524
3112 12528
3113 12532
3114 12536
3115 12540
3116 12544
3117 12548
3118 12552
3119 12556
3120 12560
3121 12564
3122 12568
3123 12572
3124 12576
3125 12580
3126 12584
3127 12588
3128 12592
3129 12596
3130 12600
3131 12604
3132 12608
3133 12612
3134 12616
3135 12620
3136 12624
3137 12628
3138 12632
3139 12636
3140 12640
3141 12644
3142 12648
3143 12652
3144 12656
3145 12660
3146 12664
3147 12668
3148 12672
3149 12676
3150 12680
3151 12684
3152 12688
3153 12692
3154 12696
3155 12700
3156 12704
3157 12708
3158 12712
3159 12716
3160 12720
3161 12724
3162 12728
3163 12732
3164 12736
3165 12740
3166 12744
3167 12748
3168 12752
3169 12756
3170 12760
3171 12764
3172 12768
3173 12772
3174 12776
3175 12780
3176 12784
3177 12788
3178 12792
3179 12796
3180 12800
3181 12804
3182 12808
3183 12812
3184 12816
3185 12820
3186 12824
3187 12828
3188 12832
3189 12836
3190 12840
3191 12844
3192 12848
3193 12852
3194 12856
3195 12860
3196 12864
