0 95
1 99
2 103
3 107
4 111
5 115
6 119
7 123
8 127
9 131
10 135
11 139
12 143
13 147
14 151
15 155
16 159
17 163
18 167
19 171
20 175
21 179
22 183
23 187
24 191
25 195
26 199
27 203
28 207
29 211
30 215
31 219
32 223
33 227
34 231
35 235
36 239
37 243
38 247
39 251
40 255
41 259
42 263
43 267
44 271
45 275
46 279
47 283
48 287
49 291
50 295
51 299
52 303
53 307
54 311
55 315
56 319
57 323
58 327
59 331
60 335
61 339
62 343
63 347
64 351
65 355
66 359
67 363
68 367
69 371
70 375
71 379
72 383
73 387
74 391
75 395
76 399
77 403
78 407
79 411
80 415
81 419
82 423
83 427
84 431
85 433
86 436
87 438
88 439
92 440
94 441
95 443
96 444
97 446
98 447
99 451
100 453
101 454
102 456
103 459
104 460
105 461
106 464
107 468
108 471
109 473
110 475
111 478
112 481
113 483
114 484
115 487
116 488
117 490
118 492
119 494
120 496
121 498
122 499
123 500
124 501
131 503
132 505
133 509
134 511
135 514
136 518
137 519
138 522
139 524
140 526
141 529
142 531
143 534
144 536
145 539
146 540
147 541
148 544
149 546
150 549
151 552
152 554
153 558
154 561
155 562
156 564
157 565
158 569
159 571
161 572
162 575
163 578
164 581
165 583
166 585
167 587
168 588
170 589
173 590
179 591
180 592
181 594
183 595
185 596
186 597
187 599
188 600
189 602
190 605
191 607
192 609
193 612
194 615
195 618
196 619
197 621
198 625
199 629
200 633
201 637
202 641
203 645
204 649
205 653
206 656
207 657
208 658
209 660
210 662
211 664
212 665
213 667
215 668
217 669
218 670
219 673
220 675
221 678
222 680
223 683
224 686
225 687
226 688
227 690
228 693
230 695
231 696
232 699
233 700
234 701
235 702
236 705
237 707
238 710
239 712
240 715
241 717
242 718
243 720
244 721
245 723
246 726
247 728
248 729
249 730
250 732
251 734
253 735
255 736
256 739
257 742
258 745
259 748
260 752
261 754
262 755
264 757
265 758
266 759
268 760
270 761
271 762
272 764
273 765
274 766
275 768
276 769
277 771
278 772
279 773
281 775
284 776
285 777
286 778
290 779
292 781
293 783
294 785
295 787
296 790
297 792
298 793
299 796
301 797
302 799
303 801
304 803
305 806
306 807
307 809
308 812
309 814
310 816
311 818
312 821
313 824
314 826
315 827
316 828
317 829
318 830
319 832
320 833
321 834
322 835
323 836
324 838
325 840
326 843
327 844
328 845
329 846
330 848
331 850
332 851
333 852
334 853
336 855
337 856
338 859
339 860
340 864
341 868
342 872
343 876
344 880
345 884
346 888
347 891
348 893
349 895
350 896
351 898
352 901
353 902
354 905
355 907
356 909
357 913
358 917
359 921
360 925
361 929
362 933
363 937
364 941
365 945
366 949
367 953
368 957
369 961
370 965
371 969
372 973
373 977
374 981
375 985
376 989
377 993
378 997
379 1001
380 1005
381 1009
382 1013
383 1017
384 1021
385 1025
386 1029
387 1033
388 1037
389 1041
390 1045
391 1049
392 1053
393 1057
394 1061
395 1065
396 1069
397 1073
398 1077
399 1081
400 1085
401 1089
402 1093
403 1097
404 1101
405 1105
406 1109
407 1113
408 1117
409 1121
410 1125
411 1129
412 1133
413 1137
414 1141
415 1145
416 1149
417 1153
418 1157
419 1161
420 1165
421 1169
422 1173
423 1177
424 1181
425 1185
426 1189
427 1193
428 1197
429 1201
430 1205
431 1209
432 1213
433 1217
434 1221
435 1225
436 1229
437 1233
438 1237
439 1241
440 1245
441 1249
442 1253
443 1257
444 1261
445 1265
446 1269
447 1273
448 1277
449 1281
450 1284
451 1288
452 1292
453 1295
454 1297
455 1298
456 1300
457 1303
458 1306
459 1308
460 1310
461 1314
462 1317
463 1319
464 1322
465 1325
466 1329
467 1333
468 1337
469 1341
470 1345
471 1349
472 1353
473 1357
474 1361
475 1365
476 1369
477 1373
478 1377
479 1381
480 1385
481 1389
482 1393
483 1397
484 1401
485 1405
486 1409
487 1413
488 1417
489 1421
490 1425
491 1429
492 1433
493 1437
494 1441
495 1445
496 1449
497 1453
498 1457
499 1461
500 1465
501 1469
502 1473
503 1477
504 1481
505 1485
506 1489
507 1493
508 1497
509 1501
510 1505
511 1509
512 1513
513 1517
514 1521
515 1525
516 1529
517 1533
518 1537
519 1541
520 1545
521 1549
522 1553
523 1557
524 1561
525 1565
526 1569
527 1573
528 1577
529 1581
530 1585
531 1589
532 1593
533 1597
534 1601
535 1605
536 1609
537 1613
538 1617
539 1621
540 1625
541 1629
542 1633
543 1637
544 1641
545 1645
546 1649
547 1653
548 1657
549 1661
550 1665
551 1668
552 1672
553 1676
554 1680
555 1684
556 1688
557 1692
558 1696
559 1700
560 1704
561 1708
562 1712
563 1716
564 1720
565 1724
566 1728
567 1731
568 1735
569 1739
570 1743
571 1747
572 1751
573 1755
574 1759
575 1763
576 1767
577 1771
578 1775
579 1779
580 1782
581 1786
582 1790
583 1793
584 1796
585 1800
586 1804
587 1808
588 1812
589 1815
590 1819
591 1823
592 1827
593 1831
594 1835
595 1838
596 1841
597 1844
598 1848
599 1852
600 1856
601 1860
602 1864
603 1868
604 1872
605 1876
606 1879
607 1883
608 1887
609 1890
610 1894
611 1896
612 1900
613 1904
614 1908
615 1912
616 1915
617 1919
618 1923
619 1927
620 1931
621 1935
622 1939
623 1943
624 1947
625 1951
626 1955
627 1959
628 1963
629 1967
630 1971
631 1975
632 1979
633 1983
634 1987
635 1991
636 1995
637 1999
638 2003
639 2006
640 2009
641 2012
642 2016
643 2020
644 2024
645 2028
646 2032
647 2036
648 2040
649 2044
650 2048
651 2052
652 2056
653 2060
654 2064
655 2068
656 2072
657 2076
658 2080
659 2084
660 2088
661 2092
662 2096
663 2100
664 2104
665 2108
666 2112
667 2116
668 2120
669 2124
670 2128
671 2132
672 2136
673 2140
674 2144
675 2148
676 2152
677 2156
678 2160
679 2164
680 2168
681 2172
682 2176
683 2180
684 2184
685 2188
686 2192
687 2196
688 2200
689 2204
690 2208
691 2212
692 2216
693 2220
694 2224
695 2228
696 2232
697 2236
698 2240
699 2244
700 2248
701 2252
702 2256
703 2260
704 2264
705 2268
706 2272
707 2276
708 2280
709 2284
710 2288
711 2292
712 2296
713 2300
714 2304
715 2308
716 2312
717 2316
718 2320
719 2324
720 2328
721 2332
722 2336
723 2340
724 2344
725 2347
726 2351
727 2356
728 2360
729 2364
730 2368
731 2372
732 2376
733 2379
734 2382
735 2385
736 2389
737 2394
738 2398
739 2402
740 2405
741 2409
742 2412
743 2416
744 2420
745 2424
746 2428
747 2432
748 2435
749 2439
750 2443
751 2446
752 2450
753 2454
754 2458
755 2462
756 2466
757 2470
758 2475
759 2478
760 2481
761 2485
762 2489
763 2493
764 2497
765 2499
766 2502
768 2506
769 2509
770 2513
771 2517
772 2521
773 2525
774 2529
775 2533
776 2537
777 2541
778 2545
779 2549
780 2553
781 2557
782 2561
783 2565
784 2569
785 2573
786 2577
787 2580
788 2583
789 2586
790 2590
791 2593
792 2597
793 2599
794 2602
795 2605
796 2609
797 2613
798 2617
799 2621
800 2624
803 2626
804 2628
807 2629
809 2632
810 2636
811 2638
812 2641
813 2643
814 2646
815 2650
817 2651
818 2653
819 2656
820 2660
821 2664
822 2668
823 2672
824 2676
825 2680
826 2684
827 2688
828 2692
829 2696
830 2700
831 2704
832 2708
833 2712
834 2716
835 2720
836 2724
837 2728
838 2732
839 2736
840 2740
841 2744
842 2748
843 2752
844 2756
845 2760
846 2764
847 2768
848 2772
849 2775
850 2779
851 2783
852 2787
853 2791
854 2795
855 2799
856 2803
857 2807
858 2811
859 2815
860 2819
861 2823
862 2827
863 2831
864 2835
865 2839
866 2843
867 2847
868 2851
869 2855
870 2859
871 2863
872 2867
873 2871
874 2875
875 2879
876 2883
877 2887
878 2891
879 2895
880 2899
881 2903
882 2907
883 2911
884 2915
885 2919
886 2922
887 2926
888 2930
889 2934
890 2938
891 2942
892 2946
893 2950
894 2954
895 2958
896 2962
897 2966
898 2970
899 2974
900 2978
901 2982
902 2986
903 2990
904 2994
905 2998
906 3002
907 3006
908 3010
909 3014
910 3018
911 3022
912 3026
913 3030
914 3034
915 3038
916 3042
917 3046
918 3050
919 3054
920 3058
921 3062
922 3066
923 3070
924 3074
925 3078
926 3082
927 3086
928 3090
929 3094
930 3098
931 3102
932 3106
933 3110
934 3114
935 3118
936 3122
937 3126
938 3127
939 3128
940 3129
941 3132
942 3136
943 3140
944 3144
945 3148
946 3152
947 3156
948 3160
949 3164
950 3168
951 3172
952 3176
953 3180
954 3184
955 3188
956 3192
957 3196
958 3200
959 3204
960 3208
961 3212
962 3216
963 3220
964 3224
965 3228
966 3232
967 3236
968 3240
969 3244
970 3248
971 3252
972 3256
973 3260
974 3264
975 3268
976 3272
977 3276
978 3280
979 3284
980 3288
981 3292
982 3296
983 3300
984 3304
985 3308
986 3312
987 3315
988 3319
989 3323
990 3327
991 3331
992 3335
993 3339
994 3343
995 3347
996 3351
997 3355
998 3359
999 3363
1000 3367
1001 3371
1002 3375
1003 3379
1004 3383
1005 3387
1006 3391
1007 3395
1008 3399
1009 3403
1010 3407
1011 3411
1012 3415
1013 3419
1014 3423
1015 3427
1016 3431
1017 3435
1018 3439
1019 3443
1020 3447
1021 3451
1022 3455
1023 3459
1024 3463
1025 3467
1026 3471
1027 3475
1028 3479
1029 3483
1030 3487
1031 3491
1032 3495
1033 3499
1034 3503
1035 3507
1036 3511
1037 3515
1038 3519
1039 3523
1040 3527
1041 3531
1042 3535
1043 3539
1044 3543
1045 3547
1046 3551
1047 3555
1048 3559
1049 3563
1050 3567
1051 3571
1052 3575
1053 3579
1054 3583
1055 3587
1056 3591
1057 3595
1058 3599
1059 3603
1060 3606
1061 3610
1062 3614
1063 3617
1064 3620
1065 3624
1066 3628
1067 3632
1068 3636
1069 3640
1070 3644
1071 3648
1072 3652
1073 3656
1074 3660
1075 3664
1076 3668
1077 3672
1078 3676
1079 3680
1080 3684
1081 3688
1082 3692
1083 3696
1084 3700
1085 3704
1086 3708
1087 3712
1088 3716
1089 3720
1090 3724
1091 3728
1092 3732
1093 3736
1094 3740
1095 3744
1096 3748
1097 3752
1098 3756
1099 3760
1100 3764
1101 3768
1102 3772
1103 3776
1104 3780
1105 3784
1106 3788
1107 3792
1108 3795
1109 3799
1110 3803
1111 3807
1112 3811
1113 3815
1114 3816
1115 3817
1116 3820
1117 3824
1118 3828
1119 3832
1120 3836
1121 3840
1122 3843
1123 3847
1124 3851
1125 3855
1126 3858
1127 3862
1128 3865
1129 3869
1130 3873
1131 3877
1132 3881
1133 3885
1134 3889
1135 3893
1136 3897
1137 3901
1138 3905
1139 3909
1140 3913
1141 3917
1142 3921
1143 3925
1144 3929
1145 3933
1146 3937
1147 3941
1148 3945
1149 3949
1150 3953
1151 3957
1152 3961
1153 3964
1154 3968
1155 3972
1156 3976
1157 3980
1158 3984
1159 3988
1160 3992
1161 3996
1162 4000
1163 4003
1164 4007
1165 4010
1166 4014
1167 4018
1168 4022
1169 4026
1170 4030
1171 4034
1172 4038
1173 4042
1174 4046
1175 4049
1176 4050
1177 4053
1178 4057
1179 4061
1180 4065
1181 4069
1182 4073
1183 4077
1184 4081
1186 4082
1187 4084
1188 4086
1189 4090
1190 4094
1191 4098
1192 4101
1193 4105
1194 4109
1195 4113
1196 4117
1197 4121
1198 4125
1199 4129
1200 4133
1201 4137
1202 4138
1209 4140
1210 4143
1211 4144
1212 4147
1213 4151
1214 4155
1215 4158
1216 4162
1217 4166
1218 4170
1219 4174
1220 4178
1221 4182
1222 4186
1223 4190
1224 4194
1225 4198
1226 4202
1227 4206
1228 4210
1229 4214
1230 4218
1231 4222
1232 4226
1233 4230
1234 4234
1235 4238
1236 4242
1237 4246
1238 4250
1239 4254
1240 4258
1241 4262
1242 4266
1243 4270
1244 4274
1245 4278
1246 4282
1247 4286
1248 4290
1249 4294
1250 4298
1251 4302
1252 4306
1253 4310
1255 4312
1256 4313
1257 4315
1258 4318
1259 4320
1261 4321
1262 4325
1263 4329
1264 4333
1265 4337
1266 4341
1267 4345
1268 4349
1269 4353
1270 4357
1271 4361
1272 4365
1273 4369
1274 4373
1275 4377
1276 4381
1277 4385
1278 4389
1279 4392
1280 4395
1281 4398
1282 4401
1283 4404
1284 4408
1285 4412
1286 4416
1287 4420
1288 4424
1289 4428
1290 4432
1291 4436
1292 4440
1293 4444
1294 4448
1295 4452
1296 4456
1297 4460
1298 4464
1299 4466
1300 4469
1301 4470
1302 4473
1303 4476
1304 4478
1305 4480
1306 4483
1307 4484
1308 4485
1312 4486
1313 4488
1314 4490
1315 4493
1316 4497
1317 4499
1318 4503
1319 4506
1320 4510
1321 4512
1322 4515
1323 4519
1324 4521
1325 4523
1326 4527
1327 4531
1328 4535
1329 4539
1330 4543
1331 4547
1332 4551
1333 4555
1334 4559
1335 4563
1336 4567
1337 4571
1338 4575
1339 4579
1340 4583
1341 4587
1342 4591
1343 4595
1344 4599
1345 4603
1346 4607
1347 4611
1348 4615
1349 4619
1350 4623
1351 4627
1352 4631
1353 4635
1354 4639
1355 4643
1356 4647
1357 4651
1358 4655
1359 4659
1360 4663
1361 4667
1362 4671
1363 4675
1364 4679
1365 4683
1366 4687
1367 4691
1368 4695
1369 4699
1370 4701
1371 4705
1372 4709
1373 4712
1374 4716
1375 4718
1376 4721
1377 4724
1378 4727
1379 4731
1380 4735
1381 4739
1382 4743
1383 4747
1384 4751
1385 4755
1386 4759
1387 4763
1388 4767
1389 4771
1390 4774
1391 4778
1392 4781
1393 4785
1394 4789
1395 4793
1396 4795
1397 4797
1398 4798
1399 4801
1400 4803
1401 4805
1402 4808
1403 4811
1404 4814
1405 4816
1406 4817
1407 4820
1408 4822
1409 4823
1410 4824
1411 4826
1412 4829
1413 4832
1414 4836
1415 4839
1416 4842
1417 4843
1418 4845
1419 4847
1420 4850
1421 4853
1422 4854
1423 4855
1424 4857
1425 4860
1426 4861
1428 4862
1430 4863
1431 4865
1432 4867
1433 4868
1434 4869
1435 4872
1436 4873
1437 4874
1438 4877
1439 4880
1440 4884
1441 4886
1442 4890
1443 4893
1444 4897
1445 4901
1446 4905
1447 4909
1448 4913
1449 4917
1450 4921
1451 4925
1452 4929
1453 4933
1454 4937
1455 4941
1456 4945
1457 4949
1458 4953
1459 4956
1460 4960
1461 4964
1462 4968
1463 4972
1464 4976
1465 4980
1466 4984
1467 4988
1468 4992
1469 4996
1470 5000
1471 5004
1472 5008
1473 5012
1474 5016
1475 5020
1476 5023
1477 5027
1478 5031
1479 5035
1480 5039
1481 5043
1482 5047
1483 5051
1484 5055
1485 5059
1486 5063
1487 5067
1488 5071
1489 5075
1490 5079
1491 5083
1492 5087
1493 5091
1494 5095
1495 5099
1496 5103
1497 5107
1498 5111
1499 5115
1500 5119
1501 5123
1502 5127
1503 5131
1504 5135
1505 5139
1506 5143
1507 5147
1508 5151
1509 5155
1510 5159
1511 5163
1512 5167
1513 5171
1514 5175
1515 5179
1516 5183
1517 5187
1518 5191
1519 5195
1520 5199
1521 5203
1522 5207
1523 5211
1524 5215
1525 5219
1526 5223
1527 5227
1528 5231
1529 5235
1530 5239
1531 5243
1532 5247
1533 5251
1534 5255
1535 5259
1536 5263
1537 5267
1538 5271
1539 5275
1540 5279
1541 5283
1542 5287
1543 5291
1544 5295
1545 5299
1546 5303
1547 5307
1548 5311
1549 5315
1550 5319
1551 5323
1552 5327
1553 5331
1554 5335
1555 5339
1556 5343
1557 5347
1558 5351
1559 5355
1560 5359
1561 5363
1562 5367
1563 5371
1564 5375
1565 5379
1566 5383
1567 5387
1568 5391
1569 5395
1570 5399
1571 5403
1572 5407
1573 5411
1574 5414
1575 5418
1576 5422
1577 5426
1578 5430
1579 5432
1580 5436
1581 5440
1582 5444
1583 5448
1584 5452
1585 5456
1586 5460
1587 5464
1588 5468
1589 5472
1590 5476
1591 5479
1592 5483
1593 5486
1594 5490
1595 5493
1596 5497
1597 5501
1598 5505
1599 5509
1600 5513
1601 5517
1602 5521
1603 5525
1604 5529
1605 5533
1606 5537
1607 5541
1608 5545
1609 5549
1610 5553
1611 5556
1612 5560
1613 5564
1614 5568
1615 5572
1616 5576
1617 5580
1618 5584
1619 5588
1620 5592
1621 5596
1622 5600
1623 5604
1624 5608
1625 5612
1626 5616
1627 5620
1628 5624
1629 5628
1630 5632
1631 5636
1632 5640
1633 5644
1634 5648
1635 5652
1636 5656
1637 5660
1638 5664
1639 5668
1640 5672
1641 5676
1642 5680
1643 5684
1644 5688
1645 5692
1646 5696
1647 5700
1648 5704
1649 5708
1650 5712
1651 5716
1652 5720
1653 5724
1654 5728
1655 5732
1656 5736
1657 5740
1658 5744
1659 5747
1660 5751
1661 5755
1662 5759
1663 5763
1664 5767
1665 5771
1666 5774
1667 5775
1668 5779
1669 5783
1670 5787
1671 5791
1672 5795
1673 5799
1674 5803
1675 5807
1676 5811
1677 5815
1678 5819
1679 5822
1680 5825
1681 5829
1682 5833
1683 5837
1684 5841
1685 5845
1686 5849
1687 5853
1688 5857
1689 5861
1690 5865
1691 5869
1692 5873
1693 5877
1694 5880
1695 5884
1696 5888
1697 5892
1698 5894
1699 5898
1700 5900
1701 5903
1702 5906
1703 5909
1704 5913
1705 5916
1706 5920
1707 5923
1708 5925
1709 5928
1710 5929
1711 5931
1712 5933
1713 5936
1714 5938
1715 5941
1716 5945
1717 5949
1718 5953
1719 5957
1720 5961
1721 5965
1722 5969
1723 5972
1724 5976
1725 5980
1726 5984
1727 5988
1728 5992
1729 5995
1730 5999
1731 6002
1732 6005
1733 6009
1734 6013
1735 6017
1736 6021
1737 6025
1738 6029
1739 6033
1740 6037
1741 6041
1742 6045
1743 6049
1744 6053
1745 6057
1746 6061
1747 6064
1748 6068
1749 6072
1750 6076
1751 6079
1752 6083
1753 6087
1754 6091
1755 6095
1756 6099
1757 6102
1758 6105
1759 6109
1760 6113
1761 6116
1762 6119
1763 6123
1764 6127
1765 6131
1766 6134
1767 6138
1768 6140
1769 6144
1770 6148
1771 6152
1772 6156
1773 6159
1774 6161
1775 6162
1776 6165
1777 6168
1778 6172
1779 6175
1780 6179
1781 6182
1782 6184
1783 6185
1784 6186
1785 6187
1786 6188
1787 6189
1788 6192
1789 6194
1790 6198
1791 6199
1792 6201
1793 6204
1794 6206
1795 6208
1796 6212
1797 6214
1798 6217
1799 6220
1800 6222
1801 6225
1802 6229
1803 6233
1804 6237
1805 6239
1806 6241
1807 6245
1808 6249
1809 6252
1810 6256
1811 6260
1812 6264
1813 6268
1814 6272
1815 6276
1816 6280
1817 6283
1818 6287
1819 6291
1820 6295
1821 6299
1822 6303
1823 6307
1824 6311
1825 6315
1826 6319
1827 6323
1828 6327
1829 6331
1830 6335
1831 6339
1832 6343
1833 6347
1834 6351
1835 6355
1836 6359
1837 6363
1838 6367
1839 6371
1840 6375
1841 6379
1842 6383
1843 6387
1844 6391
1845 6395
1846 6399
1847 6403
1848 6407
1849 6411
1850 6415
1851 6419
1852 6423
1853 6427
1854 6431
1855 6435
1856 6439
1857 6443
1858 6447
1859 6451
1860 6455
1861 6459
1862 6463
1863 6467
1864 6471
1865 6475
1866 6479
1867 6483
1868 6487
1869 6491
1870 6495
1871 6499
1872 6503
1873 6507
1874 6511
1875 6515
1876 6519
1877 6523
1878 6527
1879 6531
1880 6535
1881 6539
1882 6543
1883 6547
1884 6551
1885 6555
1886 6559
1887 6563
1888 6567
1889 6570
1890 6574
1891 6578
1892 6582
1893 6586
1894 6590
1895 6594
1896 6598
1897 6602
1898 6606
1899 6610
1900 6614
1901 6618
1902 6622
1903 6626
1904 6630
1905 6634
1906 6638
1907 6642
1908 6646
1909 6650
1910 6654
1911 6658
1912 6662
1913 6666
1914 6670
1915 6674
1916 6678
1917 6682
1918 6686
1919 6690
1920 6694
1921 6698
1922 6702
1923 6706
1924 6710
1925 6714
1926 6718
1927 6722
1928 6726
1929 6730
1930 6734
1931 6738
1932 6742
1933 6746
1934 6750
1935 6754
1936 6758
1937 6762
1938 6766
1939 6770
1940 6774
1941 6778
1942 6782
1943 6786
1944 6790
1945 6794
1946 6798
1947 6802
1948 6806
1949 6810
1950 6814
1951 6818
1952 6822
1953 6826
1954 6830
1955 6834
1956 6838
1957 6842
1958 6846
1959 6850
1960 6854
1961 6858
1962 6862
1963 6866
1964 6870
1965 6874
1966 6878
1967 6882
1968 6886
1969 6890
1970 6894
1971 6898
1972 6902
1973 6905
1974 6909
1975 6913
1976 6917
1977 6921
1978 6925
1979 6929
1980 6933
1981 6937
1982 6941
1983 6945
1984 6949
1985 6953
1986 6957
1987 6961
1988 6965
1989 6969
1990 6973
1991 6977
1992 6981
1993 6985
1994 6989
1995 6993
1996 6997
1997 7001
1998 7005
1999 7009
2000 7013
2001 7017
2002 7021
2003 7025
2004 7029
2005 7033
2006 7037
2007 7040
2008 7044
2009 7048
2010 7052
2011 7056
2012 7060
2013 7064
2014 7068
2015 7072
2016 7076
2017 7080
2018 7084
2019 7088
2020 7092
2021 7095
2022 7099
2023 7103
2024 7107
2025 7111
2026 7115
2027 7119
2028 7123
2029 7127
2030 7130
2031 7133
2032 7136
2033 7139
2034 7143
2035 7147
2036 7151
2037 7155
2038 7159
2039 7163
2040 7167
2041 7171
2042 7175
2043 7179
2044 7183
2045 7186
2046 7190
2047 7194
2048 7198
2049 7202
2050 7205
2051 7209
2052 7213
2053 7216
2054 7220
2055 7224
2056 7228
2057 7232
2058 7236
2059 7240
2060 7244
2061 7248
2062 7252
2063 7256
2064 7260
2065 7263
2066 7265
2067 7267
2068 7269
2069 7271
2070 7274
2071 7276
2072 7278
2073 7281
2074 7285
2075 7287
2076 7290
2077 7294
2078 7297
2079 7301
2080 7305
2081 7309
2082 7313
2083 7317
2084 7321
2085 7325
2086 7329
2087 7333
2088 7337
2089 7341
2090 7345
2091 7349
2092 7353
2093 7357
2094 7361
2095 7365
2096 7369
2097 7373
2098 7377
2099 7381
2100 7385
2101 7389
2102 7393
2103 7397
2104 7401
2105 7405
2106 7408
2107 7412
2108 7416
2109 7420
2110 7424
2111 7428
2112 7432
2113 7436
2114 7440
2115 7444
2116 7448
2117 7452
2118 7455
2119 7458
2120 7462
2121 7466
2122 7470
2123 7474
2124 7478
2125 7482
2126 7486
2127 7490
2128 7494
2129 7498
2130 7502
2131 7506
2132 7510
2133 7514
2134 7518
2135 7522
2136 7526
2137 7530
2138 7534
2139 7538
2140 7542
2141 7546
2142 7550
2143 7554
2144 7558
2145 7562
2146 7566
2147 7570
2148 7574
2149 7578
2150 7582
2151 7586
2152 7590
2153 7594
2154 7598
2155 7602
2156 7606
2157 7610
2158 7614
2159 7618
2160 7622
2161 7626
2162 7630
2163 7634
2164 7638
2165 7642
2166 7646
2167 7650
2168 7654
2169 7658
2170 7662
2171 7666
2172 7670
2173 7674
2174 7678
2175 7682
2176 7686
2177 7690
2178 7694
2179 7698
2180 7702
2181 7706
2182 7710
2183 7714
2184 7718
2185 7722
2186 7725
2187 7729
2188 7733
2189 7737
2190 7741
2191 7745
2192 7749
2193 7753
2194 7757
2195 7761
2196 7765
2197 7769
2198 7773
2199 7777
2200 7781
2201 7785
2202 7789
2203 7793
2204 7797
2205 7801
2206 7805
2207 7809
2208 7813
2209 7816
2210 7820
2211 7824
2212 7828
2213 7832
2214 7836
2215 7840
2216 7844
2217 7848
2218 7852
2219 7856
2220 7860
2221 7863
2222 7866
2223 7869
2224 7873
2225 7877
2226 7881
2227 7885
2228 7888
2229 7892
2230 7896
2231 7900
2232 7904
2233 7907
2234 7911
2235 7915
2236 7919
2237 7923
2238 7927
2239 7931
2240 7935
2241 7938
2242 7942
2243 7945
2244 7949
2245 7953
2246 7957
2247 7961
2248 7965
2249 7969
2250 7972
2251 7976
2252 7980
2253 7984
2254 7988
2255 7992
2256 7996
2257 8000
2258 8004
2259 8008
2260 8012
2261 8016
2262 8020
2263 8024
2264 8028
2265 8032
2266 8036
2267 8040
2268 8044
2269 8048
2270 8052
2271 8056
2272 8060
2273 8064
2274 8068
2275 8072
2276 8076
2277 8080
2278 8084
2279 8088
2280 8092
2281 8096
2282 8100
2283 8104
2284 8108
2285 8112
2286 8116
2287 8120
2288 8124
2289 8128
2290 8132
2291 8136
2292 8140
2293 8144
2294 8148
2295 8152
2296 8156
2297 8160
2298 8164
2299 8168
2300 8172
2301 8176
2302 8180
2303 8184
2304 8188
2305 8192
2306 8196
2307 8200
2308 8204
2309 8208
2310 8212
2311 8216
2312 8220
2313 8224
2314 8228
2315 8232
2316 8236
2317 8240
2318 8244
2319 8248
2320 8252
2321 8256
2322 8260
2323 8264
2324 8268
2325 8272
2326 8276
2327 8280
2328 8284
2329 8288
2330 8292
2331 8296
2332 8300
2333 8304
2334 8308
2335 8312
2336 8316
2337 8320
2338 8324
2339 8328
2340 8332
2341 8336
2342 8340
2343 8344
2344 8348
2345 8352
2346 8356
2347 8360
2348 8364
2349 8368
2350 8372
2351 8375
2352 8378
2353 8382
2354 8386
2355 8388
2356 8390
2357 8394
2358 8398
2359 8402
2360 8406
2361 8410
2362 8414
2363 8418
2364 8422
2365 8426
2366 8430
2367 8434
2368 8438
2369 8442
2370 8446
2371 8450
2372 8454
2373 8458
2374 8462
2375 8466
2376 8470
2377 8474
2378 8478
2379 8482
2380 8485
2381 8488
2382 8491
2383 8494
2384 8498
2385 8500
2386 8504
2387 8508
2388 8511
2389 8514
2390 8516
2391 8520
2392 8524
2393 8526
2394 8528
2395 8529
2396 8531
2397 8533
2398 8535
2399 8538
2400 8540
2401 8542
2402 8546
2403 8548
2404 8552
2405 8555
2406 8557
2407 8558
2408 8561
2409 8565
2410 8569
2411 8573
2412 8577
2413 8581
2414 8585
2415 8589
2416 8593
2417 8597
2418 8601
2419 8605
2420 8609
2421 8613
2422 8617
2423 8621
2424 8625
2425 8628
2426 8631
2427 8635
2428 8638
2429 8642
2430 8646
2431 8650
2432 8654
2433 8658
2434 8662
2435 8666
2436 8670
2437 8674
2438 8678
2439 8682
2440 8686
2441 8690
2442 8694
2443 8698
2444 8702
2445 8706
2446 8710
2447 8714
2448 8718
2449 8722
2450 8726
2451 8730
2452 8734
2453 8738
2454 8742
2455 8746
2456 8750
2457 8754
2458 8758
2459 8762
2460 8766
2461 8770
2462 8774
2463 8778
2464 8782
2465 8786
2466 8790
2467 8794
2468 8798
2469 8802
2470 8806
2471 8810
2472 8814
2473 8818
2474 8822
2475 8826
2476 8830
2477 8834
2478 8838
2479 8842
2480 8846
2481 8850
2482 8854
2483 8858
2484 8862
2485 8866
2486 8870
2487 8874
2488 8878
2489 8882
2490 8886
2491 8890
2492 8894
2493 8898
2494 8902
2495 8906
2496 8910
2497 8914
2498 8918
2499 8922
2500 8926
2501 8930
2502 8934
2503 8938
2504 8942
2505 8946
2506 8950
2507 8954
2508 8958
2509 8962
2510 8966
2511 8970
2512 8974
2513 8978
2514 8982
2515 8986
2516 8990
2517 8994
2518 8998
2519 9002
2520 9006
2521 9010
2522 9014
2523 9018
2524 9022
2525 9026
2526 9030
2527 9034
2528 9038
2529 9042
2530 9046
2531 9050
2532 9054
2533 9058
2534 9062
2535 9066
2536 9070
2537 9074
2538 9078
2539 9082
2540 9086
2541 9090
2542 9094
2543 9098
2544 9102
2545 9106
2546 9110
2547 9114
2548 9118
2549 9122
2550 9124
2551 9125
2559 9126
2560 9129
2561 9131
2573 9132
2574 9134
2575 9138
2576 9142
2577 9146
2578 9150
2579 9154
2580 9158
2581 9162
2582 9165
2583 9168
2584 9172
2585 9175
2586 9178
2587 9182
2588 9186
2589 9190
2590 9194
2591 9198
2592 9202
2593 9206
2594 9210
2595 9214
2596 9218
2597 9222
2598 9226
2599 9230
2600 9234
2601 9238
2602 9242
2603 9246
2604 9250
2605 9254
2606 9258
2607 9262
2608 9266
2609 9270
2610 9274
2611 9278
2612 9282
2613 9286
2614 9290
2615 9294
2616 9298
2617 9302
2618 9306
2619 9310
2620 9314
2621 9318
2622 9322
2623 9326
2624 9330
2625 9334
2626 9338
2627 9342
2628 9346
2629 9350
2630 9354
2631 9358
2632 9362
2633 9366
2634 9370
2635 9374
2636 9378
2637 9382
2638 9386
2639 9390
2640 9394
2641 9398
2642 9402
2643 9406
2644 9410
2645 9414
2646 9418
2647 9422
2648 9426
2649 9430
2650 9434
2651 9438
2652 9442
2653 9446
2654 9450
2655 9454
2656 9458
2657 9462
2658 9466
2659 9470
2660 9474
2661 9478
2662 9482
2663 9486
2664 9490
2665 9494
2666 9498
2667 9502
2668 9506
2669 9510
2670 9514
2671 9518
2672 9522
2673 9526
2674 9530
2675 9534
2676 9538
2677 9542
2678 9546
2679 9549
2680 9552
2681 9555
2682 9559
2683 9563
2684 9566
2685 9569
2686 9572
2687 9576
2688 9580
2689 9584
2690 9588
2691 9592
2692 9596
2693 9600
2694 9604
2695 9608
2696 9612
2697 9616
2698 9620
2699 9624
2700 9628
2701 9632
2702 9636
2703 9640
2704 9644
2705 9648
2706 9652
2707 9656
2708 9660
2709 9664
2710 9668
2711 9672
2712 9676
2713 9680
2714 9684
2715 9688
2716 9692
2717 9696
2718 9700
2719 9704
2720 9708
2721 9712
2722 9716
2723 9720
2724 9724
2725 9728
2726 9732
2727 9736
2728 9740
2729 9744
2730 9748
2731 9752
2732 9756
2733 9760
2734 9764
2735 9768
2736 9772
2737 9776
2738 9780
2739 9784
2740 9788
2741 9792
2742 9796
2743 9800
2744 9804
2745 9808
2746 9812
2747 9816
2748 9820
2749 9824
2750 9828
2751 9832
2752 9836
2753 9840
2754 9844
2755 9848
2756 9852
2757 9856
2758 9860
2759 9864
2760 9868
2761 9872
