0 259
1 263
2 267
3 271
4 275
5 279
6 283
7 287
8 291
9 295
10 299
11 303
12 307
13 311
14 315
15 319
16 323
17 327
18 331
19 335
20 339
21 343
22 347
23 351
24 355
25 359
26 363
27 367
28 371
29 375
30 379
31 383
32 387
33 391
34 395
35 399
36 403
37 407
38 411
39 415
40 419
41 423
42 427
43 431
44 435
45 439
46 443
47 447
48 451
49 455
50 459
51 463
52 467
53 471
54 475
55 479
56 483
57 487
58 491
59 495
60 499
61 503
62 507
63 511
64 515
65 519
66 523
67 527
68 531
69 535
70 539
71 543
72 547
73 551
74 555
75 559
76 563
77 567
78 571
79 575
80 579
81 583
82 587
83 591
84 595
85 599
86 603
87 607
88 611
89 615
90 619
91 623
92 627
93 631
94 635
95 639
96 643
97 647
98 651
99 655
100 659
101 663
102 667
103 671
104 675
105 679
106 683
107 687
108 691
109 695
110 699
111 703
112 707
113 711
114 715
115 719
116 723
117 727
118 731
119 735
120 739
121 743
122 746
123 748
124 750
125 753
126 756
127 760
128 764
129 768
130 772
131 776
132 780
133 784
134 788
135 792
136 796
137 800
138 804
139 808
140 812
141 816
142 820
143 824
144 828
145 832
146 836
147 840
148 844
149 848
150 852
151 856
152 860
153 864
154 868
155 872
156 876
157 880
158 884
159 888
160 892
161 896
162 900
163 904
164 908
165 912
166 916
167 920
168 924
169 928
170 932
171 936
172 940
173 944
174 948
175 952
176 956
177 960
178 964
179 968
180 972
181 976
182 980
183 984
184 988
185 992
186 996
187 1000
188 1004
189 1008
190 1012
191 1016
192 1020
193 1024
194 1027
195 1031
196 1034
197 1037
198 1040
199 1043
200 1047
201 1051
202 1055
203 1059
204 1063
205 1067
206 1070
207 1073
208 1077
209 1081
210 1085
211 1089
212 1093
213 1097
214 1101
215 1105
216 1109
217 1113
218 1117
219 1121
220 1125
221 1129
222 1133
223 1137
224 1141
225 1145
226 1149
227 1153
228 1157
229 1161
230 1165
231 1169
232 1173
233 1177
234 1181
235 1185
236 1189
237 1193
238 1197
239 1201
240 1205
241 1209
242 1213
243 1217
244 1221
245 1225
246 1229
247 1233
248 1236
249 1239
250 1242
251 1245
252 1248
253 1251
254 1254
255 1257
256 1260
257 1263
258 1266
259 1269
260 1273
261 1277
262 1280
263 1284
264 1288
265 1292
266 1296
267 1300
268 1304
269 1308
270 1312
271 1316
272 1320
273 1324
274 1328
275 1332
276 1336
277 1340
278 1344
279 1348
280 1352
281 1356
282 1360
283 1364
284 1368
285 1372
286 1376
287 1380
288 1384
289 1388
290 1392
291 1396
292 1400
293 1403
294 1406
295 1409
296 1412
297 1415
298 1418
299 1421
300 1424
301 1427
302 1430
303 1433
304 1436
305 1440
306 1443
307 1447
308 1451
309 1455
310 1459
311 1463
312 1467
313 1471
314 1475
315 1479
316 1483
317 1487
318 1491
319 1495
320 1499
321 1503
322 1507
323 1511
324 1515
325 1519
326 1523
327 1527
328 1531
329 1535
330 1539
331 1542
332 1545
333 1548
334 1551
335 1554
336 1558
337 1561
338 1564
339 1567
340 1570
341 1573
342 1577
343 1581
344 1585
345 1589
346 1593
347 1597
348 1601
349 1605
350 1609
351 1613
352 1617
353 1621
354 1624
355 1628
356 1632
357 1636
358 1639
359 1642
360 1645
361 1648
362 1651
363 1655
364 1658
365 1662
366 1666
367 1670
368 1674
369 1678
370 1682
371 1685
372 1689
373 1692
374 1695
375 1698
376 1702
377 1705
378 1708
379 1711
380 1714
381 1717
382 1720
383 1723
384 1726
385 1729
386 1732
387 1735
388 1738
389 1742
390 1745
391 1748
392 1751
393 1754
394 1758
395 1761
396 1765
397 1769
398 1773
399 1777
400 1781
401 1785
402 1789
403 1793
404 1797
405 1801
406 1805
407 1809
408 1813
409 1817
410 1821
411 1825
412 1829
413 1833
414 1837
415 1841
416 1845
417 1849
418 1853
419 1857
420 1861
421 1864
422 1867
423 1870
424 1873
425 1876
426 1879
427 1882
428 1885
429 1888
430 1891
431 1894
432 1897
433 1900
434 1904
435 1908
436 1912
437 1916
438 1920
439 1924
440 1928
441 1932
442 1936
443 1940
444 1944
445 1948
446 1952
447 1956
448 1960
449 1964
450 1968
451 1972
452 1976
453 1980
454 1984
455 1988
456 1992
457 1996
458 2000
459 2003
460 2006
461 2009
462 2012
463 2015
464 2018
465 2021
466 2024
467 2027
468 2030
469 2033
470 2037
471 2041
472 2044
473 2047
474 2050
475 2053
476 2057
477 2061
478 2065
479 2069
480 2073
481 2077
482 2081
483 2085
484 2089
485 2093
486 2097
487 2101
488 2105
489 2109
490 2113
491 2117
492 2121
493 2125
494 2129
495 2133
496 2137
497 2141
498 2145
499 2149
500 2153
501 2157
502 2161
503 2165
504 2169
505 2173
506 2177
507 2181
508 2185
509 2189
510 2193
511 2197
512 2201
513 2205
514 2209
515 2213
516 2217
517 2221
518 2225
519 2229
520 2233
521 2237
522 2241
523 2245
524 2249
525 2253
526 2257
527 2261
528 2265
529 2269
530 2273
531 2277
532 2281
533 2285
534 2289
535 2293
536 2297
537 2301
538 2305
539 2309
540 2313
541 2317
542 2321
543 2325
544 2329
545 2333
546 2337
547 2341
548 2345
549 2349
550 2353
551 2357
552 2361
553 2365
554 2369
555 2373
556 2377
557 2381
558 2385
559 2389
560 2393
561 2397
562 2401
563 2405
564 2409
565 2413
566 2417
567 2421
568 2425
569 2429
570 2433
571 2437
572 2441
573 2445
574 2449
575 2453
576 2457
577 2461
578 2465
579 2469
580 2473
581 2477
582 2481
583 2485
584 2489
585 2493
586 2497
587 2501
588 2505
589 2509
590 2513
591 2517
592 2521
593 2525
594 2529
595 2533
596 2537
597 2541
598 2545
599 2549
600 2553
601 2557
602 2561
603 2565
604 2569
605 2573
606 2577
607 2581
608 2585
609 2589
610 2593
611 2597
612 2601
613 2605
614 2609
615 2613
616 2617
617 2621
618 2625
619 2629
620 2633
621 2637
622 2641
623 2645
624 2649
625 2653
626 2657
627 2661
628 2665
629 2669
630 2673
631 2677
632 2681
633 2685
634 2689
635 2693
636 2697
637 2701
638 2705
639 2709
640 2713
641 2717
642 2721
643 2725
644 2729
645 2733
646 2737
647 2741
648 2745
649 2749
650 2753
651 2757
652 2761
653 2765
654 2769
655 2773
656 2777
657 2781
658 2785
659 2789
660 2793
661 2797
662 2801
663 2805
664 2809
665 2813
666 2817
667 2821
668 2825
669 2829
670 2833
671 2837
672 2841
673 2845
674 2849
675 2853
676 2857
677 2861
678 2865
679 2869
680 2873
681 2877
682 2881
683 2885
684 2889
685 2893
686 2897
687 2901
688 2905
689 2909
690 2913
691 2917
692 2921
693 2925
694 2929
695 2933
696 2937
697 2941
698 2945
699 2949
700 2953
701 2957
702 2961
703 2965
704 2969
705 2973
706 2977
707 2981
708 2985
709 2989
710 2993
711 2997
712 3001
713 3005
714 3009
715 3013
716 3017
717 3021
718 3025
719 3029
720 3033
721 3037
722 3041
723 3045
724 3049
725 3053
726 3057
727 3061
728 3065
729 3069
730 3073
731 3077
732 3081
733 3085
734 3089
735 3093
736 3097
737 3101
738 3105
739 3109
740 3113
741 3117
742 3121
743 3125
744 3129
745 3133
746 3137
747 3141
748 3145
749 3149
750 3153
751 3157
752 3161
753 3165
754 3169
755 3173
756 3177
757 3181
758 3185
759 3189
760 3193
761 3197
762 3201
763 3205
764 3209
765 3213
766 3217
767 3221
768 3225
769 3229
770 3232
771 3236
772 3240
773 3243
774 3247
775 3251
776 3254
777 3257
778 3260
779 3263
780 3267
781 3270
782 3273
783 3277
784 3280
785 3284
786 3287
787 3290
788 3294
789 3298
790 3302
791 3306
792 3310
793 3314
794 3317
795 3321
796 3324
797 3328
798 3332
799 3335
800 3338
801 3342
802 3346
803 3349
804 3353
805 3356
806 3359
807 3362
808 3366
809 3370
810 3374
811 3377
812 3380
813 3383
814 3387
815 3391
816 3395
817 3398
818 3401
819 3405
820 3409
821 3413
822 3417
823 3421
824 3425
825 3429
826 3433
827 3436
828 3439
829 3442
830 3445
831 3448
832 3451
833 3454
834 3457
835 3460
836 3464
837 3468
838 3472
839 3476
840 3480
841 3484
842 3488
843 3492
844 3496
845 3500
846 3504
847 3508
848 3512
849 3516
850 3520
851 3524
852 3528
853 3532
854 3536
855 3540
856 3544
857 3548
858 3552
859 3556
860 3560
861 3564
862 3568
863 3572
864 3576
865 3580
866 3584
867 3588
868 3592
869 3596
870 3600
871 3604
872 3608
873 3612
874 3616
875 3620
876 3624
877 3628
878 3632
879 3636
880 3640
881 3644
882 3648
883 3652
884 3656
885 3660
886 3664
887 3668
888 3672
889 3676
890 3680
891 3684
892 3688
893 3692
894 3696
895 3700
896 3704
897 3708
898 3712
899 3716
900 3720
901 3724
902 3728
903 3732
904 3736
905 3740
906 3744
907 3748
908 3752
909 3756
910 3760
911 3764
912 3768
913 3772
914 3776
915 3780
916 3784
917 3788
918 3792
919 3796
920 3800
921 3804
922 3808
923 3812
924 3816
925 3820
926 3824
927 3828
928 3832
929 3836
930 3840
931 3844
932 3848
933 3852
934 3856
935 3860
936 3864
937 3868
938 3872
939 3876
940 3880
941 3884
942 3888
943 3892
944 3896
945 3900
946 3904
947 3908
948 3912
949 3916
950 3920
951 3924
952 3928
953 3932
954 3936
955 3940
956 3944
957 3948
958 3952
959 3956
960 3960
961 3964
962 3968
963 3972
964 3976
965 3980
966 3984
967 3988
968 3992
969 3996
970 4000
971 4004
972 4008
973 4012
974 4016
975 4020
976 4024
977 4028
978 4032
979 4036
980 4040
981 4044
982 4048
983 4052
984 4056
985 4060
986 4064
987 4068
988 4072
989 4076
990 4080
991 4084
992 4088
993 4092
994 4096
995 4100
996 4104
997 4108
998 4112
999 4116
1000 4120
1001 4124
1002 4128
1003 4132
1004 4136
1005 4140
1006 4144
1007 4148
1008 4152
1009 4156
1010 4160
1011 4164
1012 4168
1013 4172
1014 4176
1015 4180
1016 4184
1017 4188
1018 4192
1019 4196
1020 4200
1021 4204
1022 4208
1023 4212
1024 4216
1025 4220
1026 4224
1027 4228
1028 4232
1029 4236
1030 4240
1031 4244
1032 4248
1033 4252
1034 4256
1035 4260
1036 4264
1037 4268
1038 4272
1039 4276
1040 4280
1041 4284
1042 4288
1043 4292
1044 4296
1045 4300
1046 4304
1047 4308
1048 4312
1049 4316
1050 4320
1051 4324
1052 4328
1053 4332
1054 4336
1055 4340
1056 4344
1057 4348
1058 4352
1059 4356
1060 4360
1061 4364
1062 4368
1063 4372
1064 4376
1065 4380
1066 4384
1067 4388
1068 4392
1069 4396
1070 4400
1071 4404
1072 4408
1073 4412
1074 4416
1075 4420
1076 4424
1077 4428
1078 4432
1079 4436
1080 4440
1081 4444
1082 4448
1083 4452
1084 4456
1085 4460
1086 4464
1087 4468
1088 4472
1089 4476
1090 4480
1091 4484
1092 4488
1093 4492
1094 4496
1095 4500
1096 4504
1097 4508
1098 4512
1099 4516
1100 4520
1101 4524
1102 4528
1103 4532
1104 4536
1105 4540
1106 4544
1107 4548
1108 4552
1109 4556
1110 4560
1111 4564
1112 4568
1113 4572
1114 4576
1115 4580
1116 4584
1117 4588
1118 4592
1119 4596
1120 4600
1121 4604
1122 4608
1123 4612
1124 4616
1125 4620
1126 4624
1127 4627
1128 4632
1129 4636
1130 4640
1131 4644
1132 4648
1133 4652
1134 4656
1135 4659
1136 4663
1137 4667
1138 4672
1139 4676
1140 4680
1141 4684
1142 4688
1143 4692
1144 4695
1145 4699
1146 4703
1147 4707
1148 4711
1149 4716
1150 4720
1151 4724
1152 4728
1153 4731
1154 4735
1155 4739
1156 4743
1157 4747
1158 4751
1159 4756
1160 4760
1161 4764
1162 4767
1163 4771
1164 4775
1165 4779
1166 4783
1167 4787
1168 4791
1169 4795
1170 4800
1171 4803
1172 4807
1173 4811
1174 4815
1175 4819
1176 4823
1177 4827
1178 4831
1179 4835
1180 4839
1181 4843
1182 4847
1183 4851
1184 4855
1185 4859
1186 4863
1187 4867
1188 4871
1189 4875
1190 4879
1191 4883
1192 4887
1193 4891
1194 4895
1195 4899
1196 4903
1197 4907
1198 4911
1199 4915
1200 4919
1201 4923
1202 4927
1203 4931
1204 4935
1205 4939
1206 4943
1207 4947
1208 4951
1209 4955
1210 4959
1211 4963
1212 4967
1213 4971
1214 4975
1215 4979
1216 4983
1217 4987
1218 4991
1219 4995
1220 4999
1221 5003
1222 5007
1223 5011
1224 5015
1225 5019
1226 5023
1227 5027
1228 5031
1229 5035
1230 5039
1231 5043
1232 5047
1233 5051
1234 5055
1235 5059
1236 5063
1237 5067
1238 5071
1239 5075
1240 5079
1241 5083
1242 5087
1243 5091
1244 5095
1245 5099
1246 5103
1247 5107
1248 5111
1249 5115
1250 5119
1251 5123
1252 5126
1253 5130
1254 5133
1255 5136
1256 5140
1257 5143
1258 5146
1259 5149
1260 5152
1261 5155
1262 5158
1263 5161
1264 5164
1265 5167
1266 5171
1267 5175
1268 5179
1269 5183
1270 5186
1271 5189
1272 5192
1273 5195
1274 5199
1275 5203
1276 5207
1277 5211
1278 5215
1279 5219
1280 5222
1281 5225
1282 5229
1283 5233
1284 5236
1285 5240
1286 5244
1287 5248
1288 5252
1289 5255
1290 5259
1291 5263
1292 5267
1293 5271
1294 5275
1295 5279
1296 5283
1297 5286
1298 5290
1299 5293
1300 5297
1301 5300
1302 5303
1303 5306
1304 5310
1305 5314
1306 5317
1307 5320
1308 5323
1309 5326
1310 5330
1311 5334
1312 5337
1313 5340
1314 5343
1315 5346
1316 5349
1317 5352
1318 5355
1319 5358
1320 5361
1321 5364
1322 5368
1323 5372
1324 5376
1325 5380
1326 5384
1327 5388
1328 5392
1329 5396
1330 5400
1331 5404
1332 5408
1333 5412
1334 5416
1335 5420
1336 5424
1337 5428
1338 5432
1339 5436
1340 5440
1341 5444
1342 5448
1343 5452
1344 5456
1345 5460
1346 5464
1347 5468
1348 5472
1349 5476
1350 5480
1351 5484
1352 5488
1353 5492
1354 5496
1355 5500
1356 5504
1357 5508
1358 5512
1359 5516
1360 5520
1361 5524
1362 5528
1363 5532
1364 5536
1365 5540
1366 5544
1367 5548
1368 5552
1369 5556
1370 5560
1371 5564
1372 5568
1373 5572
1374 5576
1375 5580
1376 5584
1377 5588
1378 5592
1379 5596
1380 5600
1381 5604
1382 5608
1383 5612
1384 5616
1385 5620
1386 5624
1387 5628
1388 5632
1389 5636
1390 5640
1391 5644
1392 5648
1393 5652
1394 5656
1395 5660
1396 5664
1397 5668
1398 5672
1399 5676
1400 5680
1401 5684
1402 5688
1403 5692
1404 5696
1405 5700
1406 5704
1407 5708
1408 5712
1409 5716
1410 5720
1411 5724
1412 5728
1413 5732
1414 5736
1415 5740
1416 5744
1417 5748
1418 5752
1419 5756
1420 5760
1421 5764
1422 5768
1423 5772
1424 5776
1425 5780
1426 5784
1427 5788
1428 5792
1429 5796
1430 5800
1431 5804
1432 5808
1433 5812
1434 5816
1435 5820
1436 5824
1437 5828
1438 5832
1439 5836
1440 5840
1441 5844
1442 5848
1443 5852
1444 5856
1445 5860
1446 5864
1447 5868
1448 5872
1449 5876
1450 5880
1451 5884
1452 5888
1453 5892
1454 5896
1455 5900
1456 5904
1457 5908
1458 5912
1459 5916
1460 5920
1461 5924
1462 5928
1463 5932
1464 5936
1465 5940
1466 5944
1467 5948
1468 5952
1469 5956
1470 5960
1471 5964
1472 5968
1473 5972
1474 5976
1475 5980
1476 5984
1477 5988
1478 5992
1479 5996
1480 6000
1481 6004
1482 6008
1483 6012
1484 6016
1485 6020
1486 6024
1487 6028
1488 6032
1489 6036
1490 6040
1491 6044
1492 6048
1493 6052
1494 6056
1495 6060
1496 6064
1497 6068
1498 6072
1499 6076
1500 6080
1501 6084
1502 6088
1503 6092
1504 6096
1505 6100
1506 6104
1507 6108
1508 6112
1509 6116
1510 6120
1511 6124
1512 6128
1513 6132
1514 6136
1515 6140
1516 6144
1517 6148
1518 6152
1519 6156
1520 6160
1521 6164
1522 6168
1523 6172
1524 6176
1525 6180
1526 6184
1527 6188
1528 6192
1529 6196
1530 6200
1531 6204
1532 6208
1533 6212
1534 6216
1535 6220
1536 6224
1537 6228
1538 6232
1539 6236
1540 6240
1541 6244
1542 6248
1543 6252
1544 6256
1545 6260
1546 6264
1547 6268
1548 6272
1549 6276
1550 6280
1551 6284
1552 6288
1553 6292
1554 6296
1555 6300
1556 6304
1557 6308
1558 6312
1559 6316
1560 6320
1561 6324
1562 6328
1563 6332
1564 6336
1565 6340
1566 6344
1567 6348
1568 6352
1569 6356
1570 6360
1571 6364
1572 6368
1573 6372
1574 6376
1575 6380
1576 6384
1577 6388
1578 6392
1579 6396
1580 6400
1581 6404
1582 6408
1583 6412
1584 6416
1585 6420
1586 6424
1587 6428
1588 6432
1589 6436
1590 6440
1591 6444
1592 6448
1593 6452
1594 6456
1595 6459
1596 6462
1597 6465
1598 6469
1599 6472
1600 6476
1601 6480
1602 6484
1603 6488
1604 6492
1605 6496
1606 6500
1607 6504
1608 6508
1609 6512
1610 6516
1611 6520
1612 6524
1613 6528
1614 6532
1615 6536
1616 6540
1617 6544
1618 6548
1619 6552
1620 6556
1621 6560
1622 6564
1623 6568
1624 6572
1625 6576
1626 6580
1627 6584
1628 6588
1629 6592
1630 6596
1631 6600
1632 6604
1633 6608
1634 6612
1635 6616
1636 6620
1637 6624
1638 6628
1639 6632
1640 6636
1641 6640
1642 6644
1643 6648
1644 6652
1645 6656
1646 6660
1647 6664
1648 6668
1649 6672
1650 6676
1651 6680
1652 6684
1653 6688
1654 6692
1655 6696
1656 6700
1657 6704
1658 6708
1659 6712
1660 6716
1661 6720
1662 6724
1663 6728
1664 6732
1665 6736
1666 6740
1667 6744
1668 6748
1669 6752
1670 6756
1671 6760
1672 6764
1673 6768
1674 6772
1675 6776
1676 6780
1677 6784
1678 6788
1679 6792
1680 6796
1681 6800
1682 6804
1683 6808
1684 6812
1685 6816
1686 6820
1687 6824
1688 6828
1689 6832
1690 6836
1691 6840
1692 6844
1693 6848
1694 6852
1695 6856
1696 6860
1697 6864
1698 6868
1699 6872
1700 6876
1701 6880
1702 6884
1703 6888
1704 6892
1705 6896
1706 6900
1707 6904
1708 6908
1709 6911
1710 6915
1711 6919
1712 6923
1713 6926
1714 6930
1715 6934
1716 6938
1717 6941
1718 6945
1719 6949
1720 6953
1721 6957
1722 6961
1723 6965
1724 6969
1725 6973
1726 6977
1727 6981
1728 6985
1729 6989
1730 6993
1731 6997
1732 7001
1733 7005
1734 7009
1735 7013
1736 7017
1737 7021
1738 7025
1739 7029
1740 7032
1741 7035
1742 7038
1743 7041
1744 7044
1745 7047
1746 7051
1747 7055
1748 7059
1749 7063
1750 7067
1751 7070
1752 7073
1753 7077
1754 7081
1755 7085
1756 7088
1757 7092
1758 7096
1759 7099
1760 7103
1761 7107
1762 7110
1763 7113
1764 7117
1765 7121
1766 7124
1767 7128
1768 7131
1769 7134
1770 7137
1771 7141
1772 7145
1773 7149
1774 7153
1775 7157
1776 7161
1777 7165
1778 7168
1779 7172
1780 7175
1781 7179
1782 7182
1783 7185
1784 7188
1785 7192
1786 7195
1787 7198
1788 7201
1789 7204
1790 7207
1791 7211
1792 7215
1793 7219
1794 7223
1795 7227
1796 7231
1797 7235
1798 7239
1799 7243
1800 7247
1801 7251
1802 7255
1803 7259
1804 7263
1805 7267
1806 7271
1807 7275
1808 7279
1809 7283
1810 7287
1811 7291
1812 7295
1813 7299
1814 7303
1815 7307
1816 7311
1817 7315
1818 7319
1819 7323
1820 7327
1821 7331
1822 7335
1823 7339
1824 7343
1825 7347
1826 7351
1827 7355
1828 7359
1829 7363
1830 7367
1831 7371
1832 7375
1833 7379
1834 7383
1835 7387
1836 7391
1837 7395
1838 7399
1839 7403
1840 7407
1841 7411
1842 7415
1843 7419
1844 7423
1845 7427
1846 7431
1847 7435
1848 7439
1849 7443
1850 7447
1851 7451
1852 7455
1853 7459
1854 7463
1855 7467
1856 7471
1857 7475
1858 7479
1859 7483
1860 7487
1861 7491
1862 7495
1863 7499
1864 7503
1865 7507
1866 7511
1867 7515
1868 7519
1869 7523
1870 7527
1871 7531
1872 7535
1873 7539
1874 7543
1875 7547
1876 7551
1877 7555
1878 7559
1879 7563
1880 7567
1881 7571
1882 7575
1883 7579
1884 7583
1885 7587
1886 7591
1887 7595
1888 7599
1889 7603
1890 7607
1891 7611
1892 7615
1893 7619
1894 7623
1895 7627
1896 7631
1897 7635
1898 7639
1899 7643
1900 7647
1901 7651
1902 7655
1903 7659
1904 7663
1905 7667
1906 7671
1907 7675
1908 7679
1909 7683
1910 7687
1911 7691
1912 7695
1913 7699
1914 7703
1915 7707
1916 7711
1917 7715
1918 7719
1919 7723
1920 7727
1921 7731
1922 7735
1923 7739
1924 7743
1925 7747
1926 7751
1927 7755
1928 7759
1929 7763
1930 7767
1931 7771
1932 7775
1933 7779
1934 7783
1935 7787
1936 7791
1937 7795
1938 7799
1939 7803
1940 7807
1941 7811
1942 7815
1943 7819
1944 7823
1945 7827
1946 7831
1947 7835
1948 7839
1949 7843
1950 7847
1951 7851
1952 7855
1953 7859
1954 7863
1955 7867
1956 7871
1957 7875
1958 7879
1959 7883
1960 7887
1961 7891
1962 7895
1963 7899
1964 7903
1965 7907
1966 7911
1967 7915
1968 7919
1969 7923
1970 7927
1971 7931
1972 7935
1973 7939
1974 7943
1975 7947
1976 7951
1977 7955
1978 7959
1979 7963
1980 7967
1981 7971
1982 7975
1983 7979
1984 7983
1985 7987
1986 7991
1987 7995
1988 7999
1989 8003
1990 8007
1991 8011
1992 8015
1993 8019
1994 8023
1995 8027
1996 8031
1997 8035
1998 8039
1999 8043
2000 8047
2001 8051
2002 8055
2003 8059
2004 8063
2005 8067
2006 8071
2007 8075
2008 8079
2009 8083
2010 8087
2011 8091
2012 8095
2013 8099
2014 8103
2015 8107
2016 8111
2017 8115
2018 8119
2019 8123
2020 8127
2021 8131
2022 8135
2023 8139
2024 8143
2025 8147
2026 8151
2027 8155
2028 8159
2029 8163
2030 8167
2031 8171
2032 8175
2033 8179
2034 8183
2035 8187
2036 8191
2037 8195
2038 8199
2039 8203
2040 8207
2041 8211
2042 8215
2043 8219
2044 8223
2045 8227
2046 8231
2047 8235
2048 8239
2049 8243
2050 8247
2051 8251
2052 8255
2053 8259
2054 8263
2055 8267
2056 8271
2057 8275
2058 8279
2059 8283
2060 8287
2061 8291
2062 8295
2063 8299
2064 8303
2065 8307
2066 8311
2067 8315
2068 8319
2069 8323
2070 8327
2071 8331
2072 8335
2073 8339
2074 8343
2075 8347
2076 8351
2077 8355
2078 8359
2079 8363
2080 8367
2081 8371
2082 8375
2083 8379
2084 8383
2085 8387
2086 8391
2087 8395
2088 8399
2089 8403
2090 8407
2091 8411
2092 8415
2093 8419
2094 8423
2095 8427
2096 8431
2097 8435
2098 8439
2099 8443
2100 8447
2101 8451
2102 8455
2103 8459
2104 8463
2105 8467
2106 8471
2107 8475
2108 8479
2109 8483
2110 8487
2111 8491
2112 8495
2113 8499
2114 8503
2115 8507
2116 8511
2117 8515
2118 8519
2119 8523
2120 8527
2121 8531
2122 8535
2123 8539
2124 8543
2125 8547
2126 8551
2127 8555
2128 8559
2129 8563
2130 8567
2131 8571
2132 8575
2133 8579
2134 8583
2135 8587
2136 8591
2137 8595
2138 8599
2139 8603
2140 8607
2141 8611
2142 8615
2143 8619
2144 8623
2145 8627
2146 8631
2147 8635
2148 8639
2149 8643
2150 8647
2151 8651
2152 8655
2153 8659
2154 8663
2155 8667
2156 8671
2157 8675
2158 8679
2159 8683
2160 8687
2161 8691
2162 8695
2163 8699
2164 8703
2165 8707
2166 8711
2167 8715
2168 8719
2169 8723
2170 8727
2171 8731
2172 8735
2173 8739
2174 8743
2175 8746
2176 8750
2177 8753
2178 8756
2179 8759
2180 8762
2181 8765
2182 8768
2183 8771
2184 8774
2185 8777
2186 8780
2187 8784
2188 8787
2189 8790
2190 8794
2191 8798
2192 8802
2193 8806
2194 8810
2195 8814
2196 8818
2197 8822
2198 8826
2199 8830
2200 8833
2201 8836
2202 8840
2203 8844
2204 8848
2205 8852
2206 8855
2207 8859
2208 8862
2209 8866
2210 8870
2211 8874
2212 8878
2213 8882
2214 8886
2215 8890
2216 8894
2217 8898
2218 8902
2219 8905
2220 8908
2221 8911
2222 8914
2223 8918
2224 8922
2225 8926
2226 8930
2227 8934
2228 8938
2229 8942
2230 8946
2231 8950
2232 8953
2233 8956
2234 8959
2235 8963
2236 8967
2237 8971
2238 8975
2239 8978
2240 8981
2241 8985
2242 8989
2243 8992
2244 8995
2245 8999
2246 9002
2247 9006
2248 9010
2249 9013
2250 9016
2251 9019
2252 9023
2253 9027
2254 9031
2255 9034
2256 9037
2257 9040
2258 9043
2259 9046
2260 9049
2261 9053
2262 9057
2263 9061
2264 9065
2265 9069
2266 9073
2267 9077
2268 9081
2269 9085
2270 9089
2271 9093
2272 9097
2273 9101
2274 9105
2275 9109
2276 9113
2277 9117
2278 9121
2279 9125
2280 9129
2281 9133
2282 9137
2283 9141
2284 9145
2285 9149
2286 9153
2287 9157
2288 9161
2289 9165
2290 9169
2291 9173
2292 9177
2293 9181
2294 9185
2295 9189
2296 9193
2297 9197
2298 9201
2299 9205
2300 9209
2301 9213
2302 9217
2303 9221
2304 9225
2305 9229
2306 9233
2307 9237
2308 9241
2309 9245
2310 9249
2311 9253
2312 9257
2313 9261
2314 9265
2315 9269
2316 9273
2317 9277
2318 9281
2319 9285
2320 9289
2321 9293
2322 9297
2323 9301
2324 9305
2325 9309
2326 9313
2327 9317
2328 9321
2329 9325
2330 9329
2331 9333
2332 9337
2333 9341
2334 9345
2335 9349
2336 9353
2337 9357
2338 9361
2339 9365
2340 9369
2341 9373
2342 9377
2343 9381
2344 9385
2345 9389
2346 9393
2347 9397
2348 9401
2349 9405
2350 9409
2351 9413
2352 9417
2353 9421
2354 9425
2355 9429
2356 9433
2357 9437
2358 9441
2359 9445
2360 9449
2361 9453
2362 9457
2363 9461
2364 9465
2365 9469
2366 9473
2367 9477
2368 9481
2369 9485
2370 9489
2371 9493
2372 9497
2373 9501
2374 9505
2375 9509
2376 9513
2377 9517
2378 9521
2379 9525
2380 9529
2381 9533
2382 9537
2383 9541
2384 9545
2385 9549
2386 9553
2387 9557
2388 9561
2389 9565
2390 9569
2391 9573
2392 9577
2393 9581
2394 9585
2395 9589
2396 9593
2397 9597
2398 9601
2399 9605
2400 9609
2401 9613
2402 9617
2403 9621
2404 9625
2405 9629
2406 9633
2407 9637
2408 9641
2409 9645
2410 9649
2411 9653
2412 9657
2413 9661
2414 9665
2415 9669
2416 9673
2417 9677
2418 9681
2419 9685
2420 9689
2421 9693
2422 9697
2423 9701
2424 9705
2425 9709
2426 9713
2427 9717
2428 9721
2429 9725
2430 9729
2431 9733
2432 9737
2433 9741
2434 9745
2435 9749
2436 9753
2437 9757
2438 9761
2439 9765
2440 9769
2441 9773
2442 9777
2443 9781
2444 9785
2445 9789
2446 9793
2447 9797
2448 9801
2449 9805
2450 9809
2451 9813
2452 9817
2453 9821
2454 9825
2455 9829
2456 9833
2457 9837
2458 9841
2459 9845
2460 9849
2461 9853
2462 9857
2463 9861
2464 9865
2465 9869
2466 9873
2467 9877
2468 9881
2469 9885
2470 9889
2471 9893
2472 9897
2473 9901
2474 9905
2475 9909
2476 9913
2477 9917
2478 9921
2479 9925
2480 9929
2481 9933
2482 9937
2483 9941
2484 9945
2485 9949
2486 9953
2487 9957
2488 9961
2489 9965
2490 9969
2491 9973
2492 9977
2493 9981
2494 9985
2495 9989
2496 9993
2497 9997
2498 10001
2499 10005
2500 10009
2501 10013
2502 10017
2503 10021
2504 10025
2505 10029
2506 10033
2507 10037
2508 10041
2509 10045
2510 10049
2511 10053
2512 10057
2513 10061
2514 10065
2515 10069
2516 10073
2517 10077
2518 10081
2519 10085
2520 10089
2521 10093
2522 10097
2523 10100
2524 10104
2525 10108
2526 10112
2527 10116
2528 10120
2529 10124
2530 10128
2531 10132
2532 10136
2533 10140
2534 10144
2535 10148
2536 10152
2537 10156
2538 10160
2539 10164
2540 10168
2541 10172
2542 10176
2543 10180
2544 10184
2545 10188
2546 10192
2547 10196
2548 10200
2549 10204
2550 10208
2551 10212
2552 10216
2553 10220
2554 10224
2555 10228
2556 10232
2557 10236
2558 10240
2559 10244
2560 10248
2561 10252
2562 10256
2563 10260
2564 10264
2565 10268
2566 10272
2567 10276
2568 10280
2569 10284
2570 10288
2571 10292
2572 10296
2573 10300
2574 10304
2575 10308
2576 10312
2577 10316
2578 10320
2579 10324
2580 10328
2581 10332
2582 10336
2583 10340
2584 10344
2585 10348
2586 10352
2587 10356
2588 10360
2589 10364
2590 10368
2591 10372
2592 10376
2593 10380
2594 10384
2595 10388
2596 10392
2597 10396
2598 10400
2599 10404
2600 10408
2601 10412
2602 10416
2603 10420
2604 10424
2605 10428
2606 10432
2607 10436
2608 10440
2609 10444
2610 10448
2611 10452
2612 10456
2613 10460
2614 10464
2615 10468
2616 10472
2617 10476
2618 10480
2619 10484
2620 10488
2621 10492
2622 10496
2623 10500
2624 10504
2625 10508
2626 10512
2627 10516
2628 10520
2629 10524
2630 10528
2631 10532
2632 10536
2633 10540
2634 10544
2635 10548
2636 10552
2637 10556
2638 10560
2639 10564
2640 10568
2641 10572
2642 10576
2643 10580
2644 10584
2645 10588
2646 10592
2647 10596
2648 10600
2649 10604
2650 10608
2651 10612
2652 10616
2653 10620
2654 10624
2655 10628
2656 10632
2657 10636
2658 10640
2659 10644
2660 10648
2661 10652
2662 10656
2663 10660
2664 10664
2665 10668
2666 10672
2667 10676
2668 10680
2669 10684
2670 10688
2671 10692
2672 10696
2673 10700
2674 10704
2675 10708
2676 10712
2677 10716
2678 10720
2679 10724
2680 10728
2681 10732
2682 10736
2683 10740
2684 10744
2685 10748
2686 10752
2687 10756
2688 10760
2689 10764
2690 10768
2691 10772
2692 10776
2693 10780
2694 10784
2695 10788
2696 10792
2697 10796
2698 10800
2699 10804
2700 10808
2701 10812
2702 10816
2703 10820
2704 10824
2705 10828
2706 10832
2707 10836
2708 10840
2709 10844
2710 10848
2711 10852
2712 10856
2713 10860
2714 10864
2715 10868
2716 10872
2717 10876
2718 10880
2719 10884
2720 10888
2721 10892
2722 10896
2723 10900
2724 10904
2725 10908
2726 10912
2727 10916
2728 10920
2729 10924
2730 10928
2731 10932
2732 10936
2733 10940
2734 10944
2735 10948
2736 10952
2737 10956
2738 10960
2739 10964
2740 10968
2741 10972
2742 10976
2743 10980
2744 10984
2745 10988
2746 10992
2747 10996
2748 11000
2749 11004
2750 11008
2751 11012
2752 11016
2753 11020
2754 11024
2755 11028
2756 11032
2757 11036
2758 11040
2759 11044
2760 11048
2761 11052
2762 11056
2763 11060
2764 11064
2765 11068
2766 11072
2767 11076
2768 11080
2769 11084
2770 11088
2771 11092
2772 11096
2773 11100
2774 11104
2775 11108
2776 11112
2777 11116
2778 11120
2779 11124
2780 11128
2781 11132
2782 11136
2783 11140
2784 11144
2785 11148
2786 11152
2787 11156
2788 11160
2789 11164
2790 11168
2791 11172
2792 11176
2793 11180
2794 11184
2795 11188
2796 11192
2797 11196
2798 11200
2799 11204
2800 11208
2801 11212
2802 11216
2803 11220
2804 11224
2805 11228
2806 11232
2807 11236
2808 11240
2809 11244
2810 11248
2811 11252
2812 11256
2813 11260
2814 11264
2815 11268
2816 11272
2817 11276
2818 11280
2819 11284
2820 11288
2821 11292
2822 11296
2823 11300
2824 11304
2825 11308
2826 11312
2827 11316
2828 11320
2829 11324
2830 11328
2831 11332
2832 11336
2833 11340
2834 11344
2835 11348
2836 11352
2837 11356
2838 11360
2839 11364
2840 11368
2841 11372
2842 11376
2843 11380
2844 11384
2845 11388
2846 11392
2847 11396
2848 11400
2849 11404
2850 11408
2851 11412
2852 11416
2853 11420
2854 11424
2855 11428
2856 11432
2857 11436
2858 11440
2859 11444
2860 11448
2861 11452
2862 11456
2863 11460
2864 11464
2865 11468
2866 11472
2867 11476
2868 11480
2869 11484
2870 11488
2871 11492
2872 11496
2873 11500
2874 11504
2875 11508
2876 11512
2877 11516
2878 11520
2879 11524
2880 11528
2881 11532
2882 11536
2883 11540
2884 11544
2885 11548
2886 11552
2887 11556
2888 11560
2889 11564
2890 11568
2891 11572
2892 11576
2893 11580
2894 11584
2895 11588
2896 11592
2897 11596
2898 11600
2899 11604
2900 11608
2901 11612
2902 11616
2903 11620
2904 11624
2905 11628
2906 11632
2907 11636
2908 11640
2909 11644
2910 11648
2911 11652
2912 11656
2913 11660
2914 11664
2915 11668
2916 11672
2917 11676
2918 11680
2919 11684
2920 11688
2921 11692
2922 11696
2923 11700
2924 11704
2925 11708
2926 11712
2927 11716
2928 11720
2929 11724
2930 11728
2931 11732
2932 11736
2933 11740
2934 11744
2935 11748
2936 11752
2937 11756
2938 11760
2939 11764
2940 11768
2941 11772
2942 11776
2943 11780
2944 11784
2945 11788
2946 11792
2947 11796
2948 11800
2949 11804
2950 11808
2951 11812
2952 11816
2953 11820
2954 11824
2955 11828
2956 11832
2957 11836
2958 11840
2959 11844
2960 11848
2961 11852
2962 11856
2963 11860
2964 11864
2965 11868
2966 11872
2967 11876
2968 11879
2969 11882
2970 11886
2971 11890
2972 11894
2973 11898
2974 11902
2975 11906
2976 11910
2977 11914
2978 11918
2979 11922
2980 11926
2981 11930
2982 11934
2983 11938
2984 11942
2985 11946
2986 11950
2987 11954
2988 11958
2989 11962
2990 11966
2991 11970
2992 11974
2993 11978
2994 11982
2995 11986
2996 11990
2997 11994
2998 11998
2999 12002
3000 12006
3001 12010
3002 12014
3003 12018
3004 12022
3005 12026
3006 12030
3007 12034
3008 12038
3009 12042
3010 12046
3011 12050
3012 12054
3013 12058
3014 12062
3015 12066
3016 12070
3017 12074
3018 12078
3019 12082
3020 12086
3021 12090
3022 12094
3023 12098
3024 12102
3025 12106
3026 12110
3027 12114
3028 12118
3029 12122
3030 12126
3031 12130
3032 12134
3033 12138
3034 12142
3035 12146
3036 12150
3037 12154
3038 12158
3039 12162
3040 12166
3041 12170
3042 12174
3043 12178
3044 12182
3045 12186
3046 12190
3047 12194
3048 12198
3049 12202
3050 12206
3051 12210
3052 12214
3053 12218
3054 12222
3055 12226
3056 12230
3057 12234
3058 12238
3059 12242
3060 12246
3061 12250
3062 12254
3063 12258
3064 12262
3065 12266
3066 12270
3067 12274
3068 12278
3069 12282
3070 12286
3071 12290
3072 12294
3073 12298
3074 12302
3075 12306
3076 12310
3077 12314
3078 12318
3079 12322
3080 12326
3081 12330
3082 12334
3083 12338
3084 12342
3085 12346
3086 12350
3087 12354
3088 12358
3089 12361
3090 12365
3091 12369
3092 12372
3093 12376
3094 12380
3095 12384
3096 12388
3097 12392
3098 12396
3099 12399
3100 12402
3101 12406
3102 12410
3103 12413
3104 12416
3105 12419
3106 12422
3107 12426
3108 12430
3109 12434
3110 12438
3111 12442
3112 12446
3113 12450
3114 12454
3115 12458
3116 12462
3117 12465
3118 12468
3119 12472
3120 12475
3121 12479
3122 12482
3123 12485
3124 12488
3125 12492
3126 12496
3127 12498
3128 12502
3129 12506
3130 12510
3131 12513
3132 12516
3133 12519
3134 12522
3135 12526
3136 12529
3137 12532
3138 12536
3139 12540
3140 12544
3141 12547
3142 12551
3143 12555
3144 12559
3145 12563
3146 12567
3147 12571
3148 12575
3149 12579
3150 12583
3151 12587
3152 12591
3153 12595
3154 12599
3155 12603
3156 12607
3157 12611
3158 12615
3159 12619
3160 12623
3161 12627
3162 12631
3163 12635
3164 12639
3165 12643
3166 12647
3167 12651
3168 12655
3169 12659
3170 12663
3171 12667
3172 12671
3173 12675
3174 12679
3175 12683
3176 12687
3177 12691
3178 12695
3179 12699
3180 12703
3181 12707
3182 12711
3183 12715
3184 12719
3185 12723
3186 12727
3187 12731
3188 12735
3189 12739
3190 12743
3191 12747
3192 12751
3193 12755
3194 12759
3195 12763
3196 12767
3197 12771
3198 12775
3199 12779
3200 12783
3201 12787
3202 12791
3203 12795
3204 12799
3205 12803
3206 12807
3207 12811
3208 12815
3209 12819
3210 12823
3211 12827
3212 12831
3213 12835
3214 12839
3215 12843
3216 12847
3217 12851
3218 12855
3219 12859
3220 12863
3221 12867
3222 12871
3223 12875
3224 12879
3225 12883
3226 12887
3227 12891
3228 12895
3229 12899
3230 12903
3231 12907
3232 12911
3233 12915
3234 12919
3235 12923
3236 12927
3237 12931
3238 12935
3239 12939
3240 12943
3241 12947
3242 12951
3243 12955
3244 12959
3245 12963
3246 12967
3247 12971
3248 12975
3249 12979
3250 12983
3251 12987
3252 12991
3253 12995
3254 12999
3255 13003
3256 13007
3257 13011
3258 13015
3259 13019
3260 13023
3261 13027
3262 13031
3263 13035
3264 13039
3265 13043
3266 13047
3267 13051
3268 13055
3269 13059
3270 13063
3271 13067
3272 13071
3273 13075
3274 13079
3275 13083
3276 13087
3277 13091
3278 13095
3279 13099
3280 13103
3281 13107
3282 13111
3283 13115
3284 13119
3285 13123
3286 13127
3287 13131
3288 13135
3289 13139
3290 13143
3291 13147
3292 13151
3293 13155
3294 13159
3295 13163
3296 13167
3297 13171
3298 13175
3299 13179
3300 13183
3301 13187
3302 13191
3303 13195
3304 13199
3305 13203
3306 13207
3307 13211
3308 13215
3309 13219
3310 13223
3311 13227
3312 13231
3313 13235
3314 13239
3315 13243
3316 13247
3317 13251
3318 13255
3319 13259
3320 13263
3321 13267
3322 13271
3323 13275
3324 13279
3325 13283
3326 13287
3327 13291
3328 13295
3329 13299
3330 13303
3331 13307
3332 13311
3333 13315
3334 13319
3335 13323
3336 13327
3337 13331
3338 13335
3339 13339
3340 13343
3341 13347
3342 13351
3343 13355
3344 13359
3345 13363
3346 13367
3347 13371
3348 13375
3349 13379
3350 13383
3351 13387
3352 13391
3353 13395
3354 13399
3355 13403
3356 13407
3357 13411
3358 13415
3359 13419
3360 13423
3361 13427
3362 13431
3363 13435
3364 13439
3365 13443
3366 13447
3367 13451
3368 13454
3369 13458
3370 13462
3371 13466
3372 13470
3373 13474
3374 13478
3375 13482
3376 13486
3377 13490
3378 13494
3379 13498
3380 13502
3381 13506
3382 13510
3383 13514
3384 13518
3385 13522
3386 13526
3387 13530
3388 13534
3389 13538
3390 13542
3391 13546
3392 13550
3393 13554
3394 13558
3395 13562
3396 13566
3397 13570
3398 13574
3399 13578
3400 13582
3401 13586
3402 13590
3403 13594
3404 13598
3405 13602
3406 13606
3407 13610
3408 13614
3409 13618
3410 13622
3411 13626
3412 13630
3413 13634
3414 13638
3415 13642
3416 13646
3417 13650
3418 13654
3419 13658
3420 13662
3421 13666
3422 13670
3423 13674
3424 13678
3425 13682
3426 13686
3427 13690
3428 13694
3429 13698
3430 13702
3431 13706
3432 13710
3433 13714
3434 13718
3435 13722
3436 13726
3437 13730
3438 13734
3439 13738
3440 13742
3441 13746
3442 13750
3443 13754
3444 13758
3445 13762
3446 13766
3447 13770
3448 13774
3449 13778
3450 13782
3451 13786
3452 13790
3453 13794
3454 13798
3455 13802
3456 13806
3457 13810
3458 13814
3459 13818
3460 13822
3461 13826
3462 13830
3463 13834
3464 13838
3465 13842
3466 13846
3467 13850
3468 13854
3469 13858
3470 13862
3471 13866
3472 13870
3473 13874
3474 13878
3475 13882
3476 13886
3477 13890
3478 13894
3479 13898
3480 13902
3481 13906
3482 13910
3483 13914
3484 13918
3485 13922
3486 13926
3487 13930
3488 13934
3489 13938
3490 13942
3491 13946
3492 13950
3493 13954
3494 13958
3495 13962
3496 13966
3497 13970
3498 13974
3499 13978
3500 13982
3501 13986
3502 13990
3503 13994
3504 13998
3505 14002
3506 14006
3507 14010
3508 14014
3509 14018
3510 14022
3511 14026
3512 14030
3513 14034
3514 14038
3515 14042
3516 14046
3517 14050
3518 14054
3519 14058
3520 14062
3521 14066
3522 14070
3523 14074
3524 14078
3525 14082
3526 14086
3527 14090
3528 14094
3529 14098
3530 14102
3531 14106
3532 14110
3533 14114
3534 14118
3535 14122
3536 14126
3537 14130
3538 14134
3539 14138
3540 14142
3541 14146
3542 14150
3543 14154
3544 14158
3545 14162
3546 14166
3547 14170
3548 14174
3549 14178
3550 14182
3551 14186
3552 14190
