771 2
772 6
773 10
774 14
775 18
776 22
777 26
778 30
779 34
780 38
781 42
782 46
783 50
784 54
785 58
786 62
787 66
788 70
789 74
790 78
791 82
792 86
793 90
794 94
795 98
796 102
797 106
798 110
799 114
800 118
801 121
802 125
803 129
804 133
805 137
806 141
807 145
808 149
809 153
810 157
811 161
812 165
813 169
814 173
815 177
816 181
817 185
818 189
819 193
820 197
821 201
822 205
823 209
824 213
825 217
826 221
827 225
828 229
829 233
830 237
831 241
832 245
833 249
834 253
835 257
836 261
837 265
838 269
839 273
840 277
841 281
842 285
843 289
844 293
845 297
846 301
847 305
848 309
849 313
850 317
851 321
852 325
853 329
854 333
855 337
856 341
857 345
858 349
859 353
860 357
861 361
862 365
863 369
864 373
865 377
866 381
867 385
868 389
869 393
870 397
871 401
872 405
873 409
874 413
875 417
876 421
877 425
878 429
879 433
880 437
881 441
882 445
883 449
884 453
885 457
886 461
887 465
888 469
889 473
890 477
891 481
892 485
893 489
894 493
895 497
896 501
897 505
898 509
899 513
900 517
901 521
902 525
903 529
904 533
905 537
906 541
907 545
908 548
909 552
910 556
911 560
912 564
913 568
914 572
915 576
916 580
917 584
918 588
919 592
920 596
921 600
922 604
923 607
924 612
925 616
926 620
927 624
928 628
929 632
930 636
931 640
932 643
933 647
934 652
935 656
936 660
937 663
938 665
939 668
940 672
941 675
942 679
943 683
944 686
945 691
946 695
947 699
948 703
949 707
950 710
951 714
952 718
953 722
954 726
955 731
956 735
957 739
958 743
959 746
960 750
961 754
962 758
963 762
964 764
965 768
966 772
967 775
968 778
969 782
970 786
971 790
972 794
973 797
974 800
975 803
976 806
977 809
978 812
979 815
980 818
981 821
982 824
983 827
984 830
985 833
986 836
987 840
988 843
989 846
990 849
991 852
992 855
993 858
994 862
995 866
996 870
997 874
998 878
999 882
1000 886
1001 890
1002 894
1003 897
1004 901
1005 904
1006 907
1007 911
1008 915
1009 918
1010 921
1011 925
1012 929
1013 932
1014 935
1015 939
1016 943
1017 947
1018 951
1019 955
1020 959
1021 963
1022 967
1023 971
1024 975
1025 979
1026 983
1027 987
1028 991
1029 995
1030 999
1031 1003
1032 1007
1033 1011
1034 1014
1035 1018
1036 1022
1037 1026
1038 1030
1039 1034
1040 1038
1041 1042
1042 1046
1043 1050
1044 1054
1045 1058
1046 1062
1047 1066
1048 1070
1049 1074
1050 1078
1051 1082
1052 1086
1053 1090
1054 1094
1055 1098
1056 1102
1057 1106
1058 1110
1059 1114
1060 1118
1061 1122
1062 1126
1063 1130
1064 1134
1065 1138
1066 1142
1067 1146
1068 1150
1069 1154
1070 1158
1071 1162
1072 1166
1073 1170
1074 1174
1075 1178
1076 1181
1077 1185
1078 1189
1079 1193
1080 1197
1081 1201
1082 1205
1083 1209
1084 1213
1085 1217
1086 1221
1087 1225
1088 1229
1089 1233
1090 1237
1091 1241
1092 1245
1093 1249
1094 1253
1095 1257
1096 1261
1097 1265
1098 1269
1099 1273
1100 1277
1101 1281
1102 1285
1103 1289
1104 1293
1105 1297
1106 1301
1107 1305
1108 1308
1109 1312
1110 1316
1111 1320
1112 1324
1113 1327
1114 1331
1115 1335
1116 1338
1117 1341
1118 1344
1119 1348
1120 1352
1121 1356
1122 1360
1123 1364
1124 1368
1125 1372
1126 1376
1127 1379
1128 1383
1129 1387
1130 1391
1131 1395
1132 1399
1133 1403
1134 1407
1135 1410
1136 1414
1137 1418
1138 1422
1139 1426
1140 1430
1141 1434
1142 1438
1143 1442
1144 1446
1145 1449
1146 1453
1147 1457
1148 1461
1149 1465
1150 1469
1151 1473
1152 1477
1153 1481
1154 1485
1155 1489
1156 1493
1157 1497
1158 1501
1159 1505
1160 1509
1161 1513
1162 1517
1163 1521
1164 1524
1165 1528
1166 1532
1167 1536
1168 1540
1169 1544
1170 1548
1171 1552
1172 1556
1173 1560
1174 1564
1175 1568
1176 1572
1177 1576
1178 1580
1179 1584
1180 1588
1181 1592
1182 1596
1183 1600
1184 1604
1185 1608
1186 1612
1187 1616
1188 1620
1189 1624
1190 1628
1191 1632
1192 1636
1193 1640
1194 1644
1195 1648
1196 1652
1197 1656
1198 1660
1199 1664
1200 1668
1201 1672
1202 1676
1203 1680
1204 1684
1205 1688
1206 1692
1207 1696
1208 1700
1209 1704
1210 1708
1211 1712
1212 1716
1213 1719
1214 1723
1215 1727
1216 1731
1217 1735
1218 1739
1219 1743
1220 1747
1221 1751
1222 1755
1223 1759
1224 1763
1225 1767
1226 1771
1227 1775
1228 1779
1229 1783
1230 1787
1231 1791
1232 1795
1233 1799
1234 1803
1235 1807
1236 1811
1237 1815
1238 1819
1239 1823
1240 1827
1241 1831
1242 1835
1243 1839
1244 1843
1245 1847
1246 1851
1247 1855
1248 1859
1249 1863
1250 1866
1251 1870
1252 1874
1253 1878
1254 1882
1255 1886
1256 1890
1257 1894
1258 1898
1259 1902
1260 1906
1261 1910
1262 1914
1263 1918
1264 1922
1265 1926
1266 1930
1267 1934
1268 1938
1269 1942
1270 1946
1271 1950
1272 1954
1273 1958
1274 1962
1275 1966
1276 1970
1277 1974
1278 1978
1279 1982
1280 1986
1281 1990
1282 1994
1283 1998
1284 2002
1285 2006
1286 2010
1287 2014
1288 2018
1289 2022
1290 2026
1291 2030
1292 2034
1293 2038
1294 2042
1295 2046
1296 2050
1297 2054
1298 2058
1299 2062
1300 2066
1301 2070
1302 2074
1303 2078
1304 2082
1305 2086
1306 2090
1307 2094
1308 2098
1309 2102
1310 2106
1311 2110
1312 2114
1313 2118
1314 2122
1315 2126
1316 2130
1317 2134
1318 2138
1319 2142
1320 2146
1321 2150
1322 2154
1323 2158
1324 2162
1325 2166
1326 2170
1327 2174
1328 2178
1329 2182
1330 2186
1331 2190
1332 2194
1333 2198
1334 2202
1335 2206
1336 2210
1337 2214
1338 2218
1339 2222
1340 2226
1341 2230
1342 2234
1343 2238
1344 2242
1345 2246
1346 2250
1347 2254
1348 2258
1349 2262
1350 2266
1351 2270
1352 2274
1353 2278
1354 2282
1355 2286
1356 2290
1357 2294
1358 2298
1359 2302
1360 2306
1361 2310
1362 2314
1363 2318
1364 2322
1365 2326
1366 2330
1367 2334
1368 2338
1369 2342
1370 2346
1371 2350
1372 2354
1373 2358
1374 2362
1375 2366
1376 2370
1377 2374
1378 2378
1379 2382
1380 2386
1381 2390
1382 2394
1383 2398
1384 2402
1385 2406
1386 2410
1387 2414
1388 2418
1389 2422
1390 2426
1391 2430
1392 2434
1393 2438
1394 2442
1395 2446
1396 2450
1397 2454
1398 2458
1399 2462
1400 2466
1401 2470
1402 2474
1403 2478
1404 2482
1405 2486
1406 2490
1407 2494
1408 2498
1409 2502
1410 2506
1411 2510
1412 2514
1413 2518
1414 2522
1415 2526
1416 2530
1417 2534
1418 2538
1419 2542
1420 2546
1421 2550
1422 2554
1423 2558
1424 2562
1425 2566
1426 2570
1427 2574
1428 2578
1429 2582
1430 2586
1431 2590
1432 2594
1433 2598
1434 2602
1435 2606
1436 2610
1437 2614
1438 2618
1439 2622
1440 2626
1441 2630
1442 2634
1443 2638
1444 2642
1445 2646
1446 2650
1447 2654
1448 2658
1449 2662
1450 2666
1451 2670
1452 2674
1453 2678
1454 2682
1455 2686
1456 2690
1457 2694
1458 2698
1459 2702
1460 2706
1461 2710
1462 2714
1463 2718
1464 2722
1465 2725
1466 2729
1467 2733
1468 2737
1469 2741
1470 2745
1471 2749
1472 2753
1473 2757
1474 2761
1475 2765
1476 2769
1477 2773
1478 2777
1479 2781
1480 2785
1481 2789
1482 2793
1483 2797
1484 2801
1485 2805
1486 2809
1487 2813
1488 2817
1489 2821
1490 2825
1491 2829
1492 2833
1493 2837
1494 2841
1495 2845
1496 2849
1497 2853
1498 2857
1499 2861
1500 2865
1501 2869
1502 2873
1503 2877
1504 2881
1505 2885
1506 2889
1507 2893
1508 2896
1509 2900
1510 2903
1511 2907
1512 2911
1513 2915
1514 2919
1515 2923
1516 2926
1517 2930
1518 2934
1519 2938
1520 2942
1521 2946
1522 2950
1523 2954
1524 2958
1525 2962
1526 2966
1527 2970
1528 2974
1529 2978
1530 2982
1531 2986
1532 2990
1533 2994
1534 2998
1535 3002
1536 3006
1537 3010
1538 3014
1539 3018
1540 3022
1541 3026
1542 3030
1543 3034
1544 3038
1545 3042
1546 3046
1547 3050
1548 3054
1549 3058
1550 3062
1551 3066
1552 3070
1553 3074
1554 3078
1555 3082
1556 3086
1557 3090
1558 3094
1559 3098
1560 3102
1561 3106
1562 3110
1563 3114
1564 3118
1565 3122
1566 3126
1567 3130
1568 3134
1569 3138
1570 3142
1571 3146
1572 3150
1573 3154
1574 3158
1575 3162
1576 3166
1577 3170
1578 3174
1579 3178
1580 3182
1581 3186
1582 3190
1583 3194
1584 3198
1585 3202
1586 3206
1587 3210
1588 3214
1589 3218
1590 3222
1591 3226
1592 3230
1593 3234
1594 3238
1595 3242
1596 3246
1597 3250
1598 3254
1599 3258
1600 3262
1601 3266
1602 3270
1603 3274
1604 3278
1605 3282
1606 3286
1607 3290
1608 3294
1609 3298
1610 3302
1611 3306
1612 3310
1613 3314
1614 3318
1615 3322
1616 3326
1617 3330
1618 3334
1619 3338
1620 3342
1621 3346
1622 3350
1623 3354
1624 3358
1625 3362
1626 3366
1627 3370
1628 3374
1629 3378
1630 3382
1631 3386
1632 3390
1633 3394
1634 3398
1635 3402
1636 3406
1637 3410
1638 3414
1639 3418
1640 3422
1641 3426
1642 3430
1643 3434
1644 3438
1645 3442
1646 3446
1647 3450
1648 3454
1649 3458
1650 3462
1651 3466
1652 3470
1653 3474
1654 3478
1655 3482
1656 3486
1657 3490
1658 3494
1659 3498
1660 3502
1661 3506
1662 3510
1663 3514
1664 3518
1665 3522
1666 3526
1667 3530
1668 3534
1669 3538
1670 3542
1671 3546
1672 3550
1673 3554
1674 3558
1675 3562
1676 3566
1677 3570
1678 3574
1679 3578
1680 3582
1681 3586
1682 3590
1683 3594
1684 3598
1685 3602
1686 3606
1687 3610
1688 3614
1689 3618
1690 3622
1691 3626
1692 3630
1693 3634
1694 3638
1695 3642
1696 3646
1697 3650
1698 3654
1699 3658
1700 3662
1701 3666
1702 3670
1703 3674
1704 3677
1705 3681
1706 3685
1707 3688
1708 3692
1709 3696
1710 3700
1711 3704
1712 3708
1713 3712
1714 3716
1715 3720
1716 3724
1717 3727
1718 3731
1719 3735
1720 3738
1721 3742
1722 3746
1723 3750
1724 3753
1725 3757
1726 3761
1727 3765
1728 3769
1729 3773
1730 3777
1731 3781
1732 3785
1733 3789
1734 3793
1735 3797
1736 3801
1737 3805
1738 3809
1739 3812
1740 3816
1741 3820
1742 3824
1743 3828
1744 3832
1745 3836
1746 3840
1747 3844
1748 3848
1749 3852
1750 3856
1751 3860
1752 3864
1753 3868
1754 3871
1755 3875
1756 3879
1757 3883
1758 3887
1759 3891
1760 3895
1761 3899
1762 3903
1763 3907
1764 3911
1765 3915
1766 3919
1767 3923
1768 3927
1769 3931
1770 3935
1771 3939
1772 3943
1773 3947
1774 3951
1775 3955
1776 3959
1777 3963
1778 3967
1779 3971
1780 3975
1781 3979
1782 3983
1783 3987
1784 3991
1785 3995
1786 3999
1787 4003
1788 4007
1789 4011
1790 4015
1791 4019
1792 4023
1793 4027
1794 4031
1795 4035
1796 4039
1797 4043
1798 4047
1799 4051
1800 4055
1801 4059
1802 4063
1803 4067
1804 4071
1805 4075
1806 4079
1807 4083
1808 4087
1809 4091
1810 4095
1811 4099
1812 4103
1813 4107
1814 4111
1815 4115
1816 4119
1817 4123
1818 4127
1819 4131
1820 4135
1821 4139
1822 4143
1823 4147
1824 4151
1825 4155
1826 4159
1827 4162
1828 4166
1829 4170
1830 4174
1831 4178
1832 4182
1833 4186
1834 4190
1835 4194
1836 4198
1837 4202
1838 4206
1839 4210
1840 4214
1841 4218
1842 4222
1843 4226
1844 4230
1845 4234
1846 4238
1847 4242
1848 4246
1849 4250
1850 4254
1851 4258
1852 4262
1853 4266
1854 4270
1855 4274
1856 4278
1857 4282
1858 4286
1859 4290
1860 4294
1861 4298
1862 4302
1863 4306
1864 4310
1865 4314
1866 4318
1867 4322
1868 4326
1869 4330
1870 4334
1871 4338
1872 4342
1873 4346
1874 4349
1875 4353
1876 4356
1877 4360
1878 4364
1879 4368
1880 4372
1881 4376
1882 4380
1883 4384
1884 4388
1885 4392
1886 4396
1887 4400
1888 4404
1889 4408
1890 4412
1891 4416
1892 4420
1893 4423
1894 4427
1895 4431
1896 4435
1897 4439
1898 4443
1899 4447
1900 4451
1901 4455
1902 4459
1903 4463
1904 4467
1905 4471
1906 4475
1907 4479
1908 4483
1909 4487
1910 4490
1911 4494
1912 4498
1913 4502
1914 4506
1915 4510
1916 4514
1917 4518
1918 4522
1919 4526
1920 4530
1921 4534
1922 4538
1923 4542
1924 4546
1925 4550
1926 4554
1927 4558
1928 4562
1929 4566
1930 4570
1931 4574
1932 4578
1933 4582
1934 4586
1935 4590
1936 4594
1937 4598
1938 4602
1939 4606
1940 4610
1941 4614
1942 4618
1943 4622
1944 4626
1945 4630
1946 4634
1947 4638
1948 4642
1949 4646
1950 4650
1951 4654
1952 4658
1953 4662
1954 4666
1955 4670
1956 4674
1957 4678
1958 4682
1959 4686
1960 4690
1961 4694
1962 4698
1963 4702
1964 4706
1965 4710
1966 4714
1967 4718
1968 4722
1969 4726
1970 4730
1971 4734
1972 4738
1973 4742
1974 4746
1975 4750
1976 4754
1977 4758
1978 4762
1979 4766
1980 4770
1981 4774
1982 4778
1983 4782
1984 4786
1985 4790
1986 4794
1987 4798
1988 4802
1989 4806
1990 4810
1991 4814
1992 4818
1993 4822
1994 4826
1995 4830
1996 4834
1997 4838
1998 4842
1999 4846
2000 4850
2001 4854
2002 4858
2003 4862
2004 4866
2005 4870
2006 4874
2007 4878
2008 4882
2009 4886
2010 4890
2011 4894
2012 4898
2013 4902
2014 4906
2015 4910
2016 4914
2017 4918
2018 4922
2019 4926
2020 4930
2021 4934
2022 4938
2023 4942
2024 4946
2025 4950
2026 4954
2027 4958
2028 4962
2029 4966
2030 4970
2031 4974
2032 4978
2033 4982
2034 4986
2035 4990
2036 4994
2037 4998
2038 5002
2039 5006
2040 5010
2041 5014
2042 5018
2043 5022
2044 5026
2045 5030
2046 5034
2047 5037
2048 5041
2049 5045
2050 5049
2051 5053
2052 5057
2053 5061
2054 5065
2055 5069
2056 5073
2057 5077
2058 5081
2059 5085
2060 5089
2061 5093
2062 5097
2063 5101
2064 5105
2065 5109
2066 5113
2067 5117
2068 5121
2069 5125
2070 5129
2071 5133
2072 5137
2073 5141
2074 5145
2075 5149
2076 5152
2077 5156
2078 5160
2079 5164
2080 5168
2081 5172
2082 5176
2083 5180
2084 5184
2085 5188
2086 5192
2087 5196
2088 5200
2089 5204
2090 5208
2091 5212
2092 5216
2093 5220
2094 5224
2095 5228
2096 5232
2097 5236
2098 5240
2099 5244
2100 5248
2101 5252
2102 5256
2103 5260
2104 5264
2105 5268
2106 5272
2107 5276
2108 5280
2109 5284
2110 5288
2111 5292
2112 5296
2113 5300
2114 5304
2115 5308
2116 5312
2117 5316
2118 5320
2119 5324
2120 5328
2121 5332
2122 5336
2123 5340
2124 5344
2125 5348
2126 5352
2127 5356
2128 5360
2129 5364
2130 5368
2131 5372
2132 5376
2133 5380
2134 5384
2135 5388
2136 5392
2137 5396
2138 5400
2139 5404
2140 5408
2141 5412
2142 5416
2143 5420
2144 5424
2145 5428
2146 5432
2147 5436
2148 5440
2149 5444
2150 5448
2151 5452
2152 5456
2153 5460
2154 5464
2155 5468
2156 5472
2157 5476
2158 5480
2159 5484
2160 5488
2161 5492
2162 5496
2163 5500
2164 5504
2165 5508
2166 5512
2167 5516
2168 5520
2169 5524
2170 5528
2171 5532
2172 5536
2173 5540
2174 5544
2175 5548
2176 5552
2177 5556
2178 5560
2179 5564
2180 5568
2181 5572
2182 5576
2183 5580
2184 5584
2185 5588
2186 5592
2187 5596
2188 5600
2189 5604
2190 5608
2191 5612
2192 5616
2193 5620
2194 5624
2195 5628
2196 5632
2197 5636
2198 5640
2199 5644
2200 5648
2201 5652
2202 5656
2203 5660
2204 5664
2205 5668
2206 5672
2207 5676
2208 5680
2209 5684
2210 5688
2211 5692
2212 5696
2213 5699
2214 5703
2215 5707
2216 5711
2217 5715
2218 5719
2219 5723
2220 5727
2221 5731
2222 5735
2223 5739
2224 5743
2225 5747
2226 5751
2227 5755
2228 5759
2229 5763
2230 5767
2231 5771
2232 5775
2233 5779
2234 5783
2235 5787
2236 5791
2237 5795
2238 5799
2239 5803
2240 5807
2241 5811
2242 5815
2243 5819
2244 5823
2245 5827
2246 5831
2247 5834
2248 5838
2249 5842
2250 5846
2251 5850
2252 5854
2253 5858
2254 5862
2255 5866
2256 5870
2257 5874
2258 5878
2259 5882
2260 5886
2261 5890
2262 5894
2263 5898
2264 5902
2265 5906
2266 5910
2267 5914
2268 5918
2269 5922
2270 5926
2271 5930
2272 5934
2273 5938
2274 5942
2275 5946
2276 5950
2277 5954
2278 5958
2279 5962
2280 5966
2281 5970
2282 5974
2283 5978
2284 5982
2285 5986
2286 5990
2287 5994
2288 5998
2289 6002
2290 6006
2291 6010
2292 6014
2293 6018
2294 6022
2295 6026
2296 6030
2297 6034
2298 6038
2299 6042
2300 6046
2301 6050
2302 6054
2303 6058
2304 6062
2305 6066
2306 6070
2307 6074
2308 6078
2309 6082
2310 6086
2311 6090
2312 6094
2313 6098
2314 6102
2315 6106
2316 6110
2317 6114
2318 6118
2319 6122
2320 6126
2321 6130
2322 6134
2323 6138
2324 6142
2325 6146
2326 6150
2327 6154
2328 6158
2329 6162
2330 6166
2331 6170
2332 6174
2333 6178
2334 6182
2335 6186
2336 6190
2337 6194
2338 6198
2339 6202
2340 6206
2341 6210
2342 6214
2343 6218
2344 6222
2345 6226
2346 6230
2347 6234
2348 6238
2349 6242
2350 6246
2351 6250
2352 6254
2353 6258
2354 6262
2355 6266
2356 6270
2357 6274
2358 6278
2359 6282
2360 6286
2361 6290
2362 6294
2363 6298
2364 6302
2365 6306
2366 6310
2367 6314
2368 6318
2369 6322
2370 6326
2371 6330
2372 6334
2373 6338
2374 6342
2375 6346
2376 6350
2377 6354
2378 6358
2379 6362
2380 6366
2381 6370
2382 6374
2383 6378
2384 6382
2385 6386
2386 6390
2387 6394
2388 6398
2389 6402
2390 6406
2391 6410
2392 6414
2393 6418
2394 6422
2395 6426
2396 6430
2397 6434
2398 6438
2399 6442
2400 6445
2401 6449
2402 6452
2403 6456
2404 6460
2405 6464
2406 6468
2407 6472
2408 6476
2409 6480
2410 6484
2411 6488
2412 6492
2413 6496
2414 6500
2415 6504
2416 6508
2417 6512
2418 6516
2419 6520
2420 6524
2421 6528
2422 6532
2423 6536
2424 6540
2425 6544
2426 6548
2427 6552
2428 6556
2429 6560
2430 6564
2431 6568
2432 6572
2433 6576
2434 6580
2435 6584
2436 6588
2437 6592
2438 6596
2439 6600
2440 6604
2441 6608
2442 6612
2443 6616
2444 6620
2445 6624
2446 6628
2447 6632
2448 6636
2449 6640
2450 6644
2451 6648
2452 6652
2453 6656
2454 6660
2455 6664
2456 6668
2457 6672
2458 6676
2459 6680
2460 6684
2461 6688
2462 6692
2463 6696
2464 6700
2465 6704
2466 6708
2467 6712
2468 6716
2469 6720
2470 6724
2471 6728
2472 6732
2473 6736
2474 6740
2475 6744
2476 6748
2477 6752
2478 6756
2479 6760
2480 6764
2481 6768
2482 6772
2483 6776
2484 6780
2485 6784
2486 6788
2487 6792
2488 6796
2489 6800
2490 6804
2491 6808
2492 6812
2493 6816
2494 6820
2495 6824
2496 6828
2497 6832
2498 6836
2499 6840
2500 6844
2501 6848
2502 6852
2503 6856
2504 6860
2505 6864
2506 6868
2507 6872
2508 6876
2509 6880
2510 6884
2511 6888
2512 6892
2513 6896
2514 6900
2515 6904
2516 6908
2517 6912
2518 6916
2519 6920
2520 6924
2521 6928
2522 6932
2523 6936
2524 6940
2525 6944
2526 6948
2527 6952
2528 6956
2529 6960
2530 6964
2531 6968
2532 6972
2533 6976
2534 6980
2535 6984
2536 6988
2537 6992
2538 6996
2539 7000
2540 7004
2541 7008
2542 7012
2543 7016
2544 7020
2545 7024
2546 7028
2547 7032
2548 7036
2549 7040
2550 7044
2551 7048
2552 7052
2553 7056
2554 7060
2555 7064
2556 7068
2557 7072
2558 7076
2559 7080
2560 7084
2561 7088
2562 7092
2563 7096
2564 7100
2565 7104
2566 7108
2567 7112
2568 7116
2569 7120
2570 7124
2571 7128
2572 7132
2573 7136
2574 7140
2575 7144
2576 7148
2577 7152
2578 7156
2579 7160
2580 7164
2581 7168
2582 7172
2583 7176
2584 7180
2585 7184
2586 7188
2587 7192
2588 7196
2589 7200
2590 7204
2591 7208
2592 7212
2593 7216
2594 7220
2595 7224
2596 7228
2597 7232
2598 7236
2599 7240
2600 7244
2601 7248
2602 7252
2603 7256
2604 7260
2605 7264
2606 7268
2607 7272
2608 7276
2609 7280
2610 7284
2611 7288
2612 7292
2613 7296
2614 7300
2615 7304
2616 7308
2617 7312
2618 7316
2619 7320
2620 7324
2621 7328
2622 7332
2623 7336
2624 7340
2625 7344
2626 7348
2627 7352
2628 7356
2629 7360
2630 7364
2631 7368
2632 7372
2633 7376
2634 7380
2635 7384
2636 7388
2637 7392
2638 7396
2639 7400
2640 7404
2641 7408
2642 7412
2643 7416
2644 7420
2645 7424
2646 7428
2647 7432
2648 7436
2649 7440
2650 7444
2651 7448
2652 7452
2653 7456
2654 7460
2655 7464
2656 7468
2657 7472
2658 7476
2659 7480
2660 7484
2661 7487
2662 7491
2663 7495
2664 7499
2665 7503
2666 7507
2667 7511
2668 7515
2669 7519
2670 7523
2671 7527
2672 7531
2673 7535
2674 7539
2675 7543
2676 7547
2677 7551
2678 7555
2679 7559
2680 7563
2681 7567
2682 7571
2683 7575
2684 7579
2685 7583
2686 7587
2687 7591
2688 7595
2689 7599
2690 7603
2691 7607
2692 7611
2693 7615
2694 7619
2695 7623
2696 7627
2697 7631
2698 7635
2699 7639
2700 7643
2701 7647
2702 7651
2703 7655
2704 7659
2705 7663
2706 7667
2707 7671
2708 7675
2709 7679
2710 7683
2711 7687
2712 7691
2713 7694
2714 7698
2715 7700
2716 7704
2717 7708
2718 7712
2719 7716
2720 7720
2721 7724
2722 7728
2723 7732
2724 7736
2725 7740
2726 7744
2727 7748
2728 7752
2729 7756
2730 7760
2731 7764
2732 7768
2733 7772
2734 7776
2735 7780
2736 7784
2737 7788
2738 7792
2739 7796
2740 7800
2741 7804
2742 7808
2743 7812
2744 7816
2745 7820
2746 7824
2747 7828
2748 7832
2749 7836
2750 7840
2751 7844
2752 7848
2753 7852
2754 7856
2755 7860
2756 7864
2757 7868
2758 7872
2759 7876
2760 7880
2761 7884
2762 7888
2763 7892
2764 7896
2765 7900
2766 7904
2767 7908
2768 7912
2769 7916
2770 7920
2771 7924
2772 7928
2773 7932
2774 7936
2775 7940
2776 7944
2777 7948
2778 7952
2779 7956
2780 7960
2781 7964
2782 7968
2783 7972
2784 7976
2785 7980
2786 7984
2787 7988
2788 7992
2789 7996
2790 8000
2791 8004
2792 8008
2793 8012
2794 8016
2795 8020
2796 8023
2797 8027
2798 8030
2799 8034
2800 8038
2801 8042
2802 8046
2803 8050
2804 8054
2805 8058
2806 8062
2807 8066
2808 8070
2809 8074
2810 8078
2811 8082
2812 8086
2813 8090
2814 8094
2815 8098
2816 8102
2817 8106
2818 8110
2819 8114
2820 8118
2821 8122
2822 8126
2823 8130
2824 8134
2825 8138
2826 8142
2827 8146
2828 8150
2829 8154
2830 8158
2831 8162
2832 8166
2833 8170
2834 8174
2835 8178
2836 8182
2837 8186
2838 8190
2839 8194
2840 8198
2841 8202
2842 8206
2843 8210
2844 8214
2845 8218
2846 8222
2847 8226
2848 8230
2849 8234
2850 8238
2851 8242
2852 8246
2853 8250
2854 8254
2855 8258
2856 8262
2857 8266
2858 8270
2859 8274
2860 8278
2861 8282
2862 8286
2863 8290
2864 8294
2865 8298
2866 8302
2867 8306
2868 8310
2869 8314
2870 8318
2871 8322
2872 8326
2873 8330
2874 8334
2875 8338
2876 8342
2877 8346
2878 8350
2879 8354
2880 8358
2881 8362
2882 8366
2883 8370
2884 8374
2885 8378
2886 8382
2887 8386
2888 8390
2889 8394
2890 8398
2891 8402
2892 8406
2893 8410
2894 8414
2895 8418
2896 8422
2897 8426
2898 8430
2899 8434
2900 8438
2901 8442
2902 8446
2903 8450
2904 8454
2905 8458
2906 8462
2907 8466
2908 8470
2909 8474
2910 8478
2911 8482
2912 8486
2913 8490
2914 8494
2915 8498
2916 8502
2917 8506
2918 8510
2919 8514
2920 8518
2921 8522
2922 8526
2923 8530
2924 8534
2925 8538
2926 8542
2927 8546
2928 8550
2929 8554
2930 8558
2931 8562
2932 8566
2933 8570
2934 8574
2935 8578
2936 8582
2937 8586
2938 8590
2939 8594
2940 8598
2941 8602
2942 8606
2943 8610
2944 8614
2945 8618
2946 8622
2947 8626
2948 8630
2949 8634
2950 8638
2951 8642
2952 8646
2953 8650
2954 8654
2955 8658
2956 8662
2957 8666
2958 8670
2959 8674
2960 8678
2961 8682
2962 8686
2963 8690
2964 8694
2965 8698
2966 8702
2967 8706
2968 8710
2969 8714
2970 8718
2971 8722
2972 8726
2973 8730
2974 8734
2975 8738
