0 2055
1 2059
2 2063
3 2067
4 2071
5 2075
6 2079
7 2083
8 2087
9 2090
10 2092
11 2096
12 2100
13 2104
14 2108
15 2112
16 2116
17 2120
18 2124
19 2126
20 2127
21 2130
22 2133
23 2137
24 2141
25 2145
26 2149
27 2151
28 2154
29 2156
30 2158
31 2161
32 2163
33 2166
34 2170
35 2174
36 2178
37 2182
38 2185
39 2187
40 2190
41 2192
42 2195
43 2198
44 2201
45 2205
46 2209
47 2212
48 2215
49 2218
50 2221
51 2224
52 2227
53 2230
54 2233
55 2237
56 2240
57 2244
58 2247
59 2251
60 2255
61 2258
62 2262
63 2266
64 2270
65 2274
66 2278
67 2282
68 2286
69 2290
70 2294
71 2298
72 2302
73 2306
74 2310
75 2314
76 2318
77 2322
78 2326
79 2330
80 2334
81 2338
82 2342
83 2346
84 2350
85 2354
86 2358
87 2362
88 2366
89 2370
90 2374
91 2378
92 2382
93 2386
94 2390
95 2394
96 2398
97 2402
98 2406
99 2410
100 2414
101 2418
102 2422
103 2426
104 2430
105 2434
106 2438
107 2442
108 2446
109 2450
110 2454
111 2458
112 2462
113 2466
114 2470
115 2474
116 2478
117 2482
118 2486
119 2490
120 2494
121 2498
122 2502
123 2506
124 2510
125 2514
126 2518
127 2522
128 2526
129 2530
130 2534
131 2538
132 2542
133 2546
134 2550
135 2554
136 2558
137 2562
138 2566
139 2570
140 2574
141 2578
142 2582
143 2586
144 2590
145 2594
146 2598
147 2602
148 2606
149 2610
150 2614
151 2618
152 2622
153 2626
154 2630
155 2634
156 2638
157 2642
158 2646
159 2650
160 2654
161 2658
162 2662
163 2666
164 2670
165 2674
166 2677
167 2679
168 2682
169 2684
170 2685
171 2688
172 2690
173 2692
174 2694
175 2696
176 2697
177 2700
178 2701
180 2702
181 2703
182 2704
183 2706
184 2709
185 2711
186 2714
187 2715
188 2719
189 2723
190 2727
191 2731
192 2735
193 2739
194 2743
195 2747
196 2751
197 2755
198 2759
199 2763
200 2767
201 2771
202 2775
203 2779
204 2783
205 2787
206 2791
207 2795
208 2799
209 2803
210 2807
211 2811
212 2815
213 2819
214 2823
215 2827
216 2831
217 2835
218 2839
219 2843
220 2847
221 2851
222 2855
223 2859
224 2863
225 2867
226 2871
227 2875
228 2879
229 2882
230 2885
231 2888
233 2890
234 2892
236 2894
237 2895
238 2897
239 2899
240 2900
241 2902
242 2904
243 2907
244 2908
245 2910
246 2913
247 2917
248 2921
249 2925
250 2929
251 2933
252 2937
253 2941
254 2945
255 2949
256 2953
257 2957
258 2961
259 2965
260 2969
261 2973
262 2977
263 2981
264 2985
265 2989
266 2993
267 2997
268 3001
269 3005
270 3009
271 3013
272 3017
273 3021
274 3025
275 3029
276 3033
277 3037
278 3041
279 3045
280 3049
281 3053
282 3057
283 3061
284 3065
285 3069
286 3072
287 3074
288 3077
289 3080
290 3083
291 3085
292 3087
293 3089
294 3092
295 3095
296 3099
297 3102
298 3104
299 3106
300 3108
301 3110
302 3113
303 3116
304 3118
305 3119
306 3120
307 3123
308 3127
309 3131
310 3135
311 3139
312 3143
313 3147
314 3151
315 3155
316 3159
317 3163
318 3167
319 3171
320 3175
321 3179
322 3183
323 3187
324 3191
325 3195
326 3199
327 3203
328 3207
329 3211
330 3215
331 3219
332 3223
333 3227
334 3231
335 3235
336 3239
337 3243
338 3246
339 3250
340 3252
341 3255
342 3259
343 3263
344 3267
345 3268
346 3272
347 3274
348 3277
349 3280
350 3283
351 3287
352 3291
353 3295
354 3299
355 3303
356 3306
360 3308
374 3310
375 3312
376 3314
377 3316
378 3318
383 3319
386 3320
387 3322
388 3324
389 3325
391 3328
393 3329
394 3332
395 3334
396 3336
398 3337
401 3338
402 3339
403 3340
404 3341
405 3342
406 3346
407 3347
408 3350
409 3353
410 3357
411 3360
412 3364
413 3367
415 3368
416 3369
417 3372
422 3373
423 3376
424 3378
440 3379
445 3381
446 3385
447 3388
449 3390
450 3391
452 3393
453 3394
454 3395
455 3397
456 3399
457 3400
458 3402
459 3404
460 3405
461 3407
463 3409
464 3410
465 3413
466 3414
467 3418
468 3421
469 3424
470 3428
471 3431
472 3433
473 3435
474 3438
475 3440
476 3441
477 3443
478 3444
479 3445
480 3446
481 3448
482 3449
483 3450
484 3452
485 3456
486 3458
487 3462
488 3466
489 3470
490 3471
491 3473
492 3476
493 3480
494 3483
495 3487
496 3490
497 3494
498 3496
499 3500
500 3503
501 3505
502 3508
503 3512
504 3516
505 3518
506 3521
507 3525
508 3529
509 3531
510 3534
511 3538
512 3541
513 3543
514 3546
515 3548
516 3550
517 3553
518 3557
519 3559
520 3561
521 3565
522 3568
523 3569
524 3570
525 3574
526 3578
527 3582
528 3586
529 3590
530 3594
531 3597
532 3600
533 3604
534 3608
535 3612
536 3616
537 3620
538 3624
539 3628
540 3632
541 3636
542 3640
543 3644
544 3648
545 3650
550 3652
551 3653
552 3654
553 3657
554 3660
555 3663
556 3667
557 3671
558 3675
559 3679
560 3683
561 3686
562 3689
563 3693
564 3696
565 3700
566 3704
567 3708
568 3712
569 3714
570 3718
571 3722
572 3726
573 3730
574 3733
575 3736
576 3740
577 3743
579 3746
580 3748
581 3751
582 3754
583 3758
584 3762
585 3766
586 3770
587 3774
588 3777
589 3781
590 3785
591 3789
592 3793
593 3797
594 3801
595 3805
596 3809
597 3813
598 3817
599 3821
600 3825
601 3828
602 3830
603 3833
604 3836
605 3839
606 3843
607 3847
608 3849
609 3851
610 3853
611 3856
612 3860
613 3864
614 3866
615 3867
616 3868
617 3871
618 3873
619 3874
620 3878
621 3882
622 3885
623 3889
624 3892
625 3895
626 3896
627 3898
628 3900
630 3902
632 3903
633 3904
634 3905
635 3907
641 3909
642 3910
643 3912
644 3914
645 3916
646 3918
647 3920
648 3924
649 3926
651 3928
653 3929
654 3931
655 3932
656 3933
657 3935
659 3936
660 3938
661 3941
662 3944
663 3946
664 3949
665 3950
666 3953
667 3955
668 3959
669 3963
670 3967
671 3971
672 3975
673 3979
674 3983
675 3987
676 3990
677 3993
678 3996
679 3999
680 4002
681 4005
682 4007
683 4008
684 4010
685 4013
686 4016
687 4019
688 4021
689 4024
690 4026
691 4028
692 4030
693 4033
694 4036
696 4039
697 4041
698 4042
699 4043
732 4044
735 4047
736 4049
738 4051
739 4055
740 4058
741 4061
742 4065
743 4069
744 4071
745 4073
746 4076
747 4079
748 4081
750 4082
752 4083
754 4085
755 4087
756 4091
757 4094
758 4096
759 4097
760 4099
761 4101
762 4103
765 4105
767 4106
777 4108
778 4110
779 4113
780 4117
781 4121
782 4125
783 4129
784 4133
785 4137
786 4141
787 4145
788 4149
789 4153
790 4157
791 4161
792 4165
793 4169
794 4173
795 4177
796 4181
797 4185
798 4189
799 4193
800 4196
801 4200
802 4204
803 4208
804 4212
805 4216
806 4220
807 4224
808 4228
809 4232
810 4236
811 4240
812 4243
813 4246
814 4250
815 4254
816 4257
817 4261
818 4265
819 4269
820 4273
821 4277
822 4280
823 4284
824 4289
825 4293
826 4297
827 4301
828 4305
829 4309
830 4312
831 4316
832 4319
833 4323
834 4328
835 4331
836 4335
837 4339
838 4342
839 4346
840 4350
841 4354
842 4358
843 4362
844 4366
845 4371
846 4374
847 4378
848 4382
849 4386
850 4390
851 4393
852 4396
853 4400
854 4404
855 4407
856 4409
857 4413
858 4417
859 4418
860 4421
861 4423
862 4426
863 4429
864 4432
865 4436
866 4439
867 4443
868 4445
869 4448
870 4452
871 4456
872 4460
873 4464
874 4468
875 4472
876 4476
877 4477
878 4480
879 4484
880 4485
881 4487
882 4490
883 4494
884 4497
885 4501
886 4504
887 4508
888 4512
889 4516
890 4520
891 4524
892 4528
893 4531
894 4535
895 4539
896 4543
897 4547
898 4551
899 4555
900 4559
901 4563
902 4567
903 4571
904 4575
905 4579
906 4583
907 4587
908 4591
909 4595
910 4599
911 4603
912 4607
913 4611
914 4615
915 4619
916 4623
917 4627
918 4631
919 4635
920 4639
921 4643
922 4647
923 4651
924 4655
925 4659
926 4663
927 4664
928 4665
929 4669
930 4672
931 4674
932 4675
933 4677
934 4680
935 4682
936 4686
937 4688
938 4692
939 4696
940 4700
941 4704
942 4708
943 4712
944 4716
945 4720
946 4724
947 4728
948 4732
949 4736
950 4740
951 4744
952 4748
953 4752
954 4756
955 4760
956 4764
957 4768
958 4772
959 4776
960 4780
961 4784
962 4788
963 4792
964 4796
965 4800
966 4804
967 4808
968 4812
969 4816
970 4820
971 4824
972 4828
973 4832
974 4836
975 4840
976 4844
977 4848
978 4852
979 4856
980 4860
981 4864
982 4868
983 4872
984 4876
985 4880
986 4884
987 4888
988 4892
989 4896
990 4900
991 4904
992 4908
993 4912
994 4916
995 4919
996 4922
997 4924
998 4926
999 4930
1000 4933
1001 4936
1002 4940
1003 4944
1004 4948
1005 4952
1006 4956
1007 4960
1008 4964
1009 4968
1010 4972
1011 4976
1012 4979
1013 4983
1014 4987
1015 4991
1016 4995
1017 4999
1018 5003
1019 5007
1020 5011
1021 5015
1022 5019
1023 5023
1024 5027
1025 5031
1026 5035
1027 5039
1028 5043
1029 5047
1030 5051
1031 5055
1032 5059
1033 5063
1034 5067
1035 5071
1036 5075
1037 5079
1038 5083
1039 5087
1040 5091
1041 5095
1042 5099
1043 5103
1044 5107
1045 5111
1046 5115
1047 5119
1048 5123
1049 5127
1050 5131
1051 5135
1052 5139
1053 5143
1054 5147
1055 5151
1056 5155
1057 5159
1058 5163
1059 5167
1060 5171
1061 5175
1062 5179
1063 5183
1064 5187
1065 5191
1066 5195
1067 5199
1068 5203
1069 5207
1070 5211
1071 5215
1072 5219
1073 5223
1074 5227
1075 5231
1076 5235
1077 5239
1078 5243
1079 5247
1080 5251
1081 5255
1082 5259
1083 5263
1084 5267
1085 5271
1086 5275
1087 5279
1088 5283
1089 5287
1090 5291
1091 5295
1092 5299
1093 5303
1094 5307
1095 5311
1096 5315
1097 5319
1098 5323
1099 5327
1100 5331
1101 5335
1102 5339
1103 5343
1104 5347
1105 5351
1106 5355
1107 5359
1108 5363
1109 5367
1110 5371
1111 5375
1112 5379
1113 5383
1114 5387
1115 5391
1116 5395
1117 5399
1118 5403
1119 5407
1120 5411
1121 5415
1122 5419
1123 5423
1124 5427
1125 5431
1126 5435
1127 5439
1128 5443
1129 5447
1130 5451
1131 5455
1132 5459
1133 5463
1134 5467
1135 5471
1136 5475
1137 5479
1138 5483
1139 5487
1140 5491
1141 5495
1142 5499
1143 5503
1144 5507
1145 5511
1146 5515
1147 5519
1148 5523
1149 5527
1150 5530
1151 5533
1152 5536
1153 5539
1154 5542
1155 5544
1156 5547
1157 5549
1158 5552
1160 5556
1161 5558
1162 5561
1163 5565
1164 5569
1165 5573
1166 5577
1167 5581
1168 5585
1169 5589
1170 5593
1171 5597
1172 5601
1173 5605
1174 5609
1175 5613
1176 5617
1177 5621
1178 5622
1179 5625
1180 5629
1181 5632
1182 5634
1183 5638
1184 5642
1185 5646
1186 5650
1187 5654
1188 5658
1189 5661
1190 5665
1191 5669
1192 5673
1193 5676
1194 5680
1195 5684
1196 5688
1197 5692
1198 5696
1199 5700
1200 5704
1201 5708
1202 5712
1203 5716
1204 5720
1205 5724
1206 5728
1207 5732
1208 5736
1209 5740
1210 5744
1211 5748
1212 5752
1213 5756
1214 5760
1215 5764
1216 5768
1217 5772
1218 5776
1219 5780
1220 5784
1221 5788
1222 5792
1223 5796
1224 5800
1225 5804
1226 5808
1227 5812
1228 5816
1229 5820
1230 5824
1231 5828
1232 5832
1233 5836
1234 5840
1235 5844
1236 5848
1237 5852
1238 5856
1239 5860
1240 5864
1241 5868
1242 5872
1243 5876
1244 5880
1245 5884
1246 5888
1247 5892
1248 5896
1249 5900
1250 5904
1251 5908
1252 5912
1253 5916
1254 5920
1255 5924
1256 5928
1257 5932
1258 5936
1259 5940
1260 5944
1261 5948
1262 5952
1263 5956
1264 5960
1265 5964
1266 5968
1267 5972
1268 5976
1269 5980
1270 5984
1271 5988
1272 5992
1273 5996
1274 6000
1275 6004
1276 6008
1277 6012
1278 6016
1279 6020
1280 6024
1281 6028
1282 6032
1283 6036
1284 6040
1285 6044
1286 6048
1287 6052
1288 6056
1289 6060
1290 6064
1291 6068
1292 6072
1293 6076
1294 6080
1295 6084
1296 6088
1297 6091
1298 6095
1299 6098
1300 6101
1301 6104
1302 6108
1303 6112
1304 6116
1305 6120
1306 6124
1307 6128
1308 6132
1309 6136
1310 6140
1311 6144
1312 6148
1313 6152
1314 6156
1315 6160
1316 6164
1317 6168
1318 6172
1319 6176
1320 6180
1321 6184
1322 6188
1323 6192
1324 6195
1325 6198
1326 6201
1327 6204
1328 6207
1329 6209
1330 6212
1331 6216
1332 6220
1333 6224
1334 6228
1335 6232
1336 6236
1337 6240
1338 6244
1339 6248
1340 6252
1341 6256
1342 6260
1343 6264
1344 6268
1345 6272
1346 6276
1347 6279
1348 6283
1349 6287
1350 6291
1351 6295
1352 6299
1353 6303
1354 6307
1355 6311
1356 6315
1357 6319
1358 6323
1359 6327
1360 6331
1361 6335
1362 6339
1363 6343
1364 6347
1365 6351
1366 6354
1367 6358
1368 6362
1369 6366
1370 6370
1371 6374
1372 6378
1373 6382
1374 6386
1375 6389
1376 6393
1377 6397
1378 6401
1379 6405
1380 6409
1381 6413
1382 6417
1383 6421
1384 6423
1388 6424
1389 6425
1390 6426
1391 6430
1392 6434
1393 6438
1394 6441
1395 6443
1396 6446
1397 6450
1398 6454
1399 6458
1400 6462
1401 6466
1402 6470
1403 6474
1404 6478
1405 6482
1406 6486
1407 6490
1408 6494
1409 6498
1410 6502
1411 6506
1412 6510
1413 6514
1414 6518
1415 6522
1416 6526
1417 6530
1418 6534
1419 6538
1420 6542
1421 6546
1422 6550
1423 6554
1424 6558
1425 6562
1426 6566
1427 6570
1428 6574
1429 6578
1430 6582
1431 6586
1432 6590
1433 6594
1434 6598
1435 6602
1436 6606
1437 6610
1438 6614
1439 6618
1440 6622
1441 6626
1442 6630
1443 6634
1444 6638
1445 6642
1446 6646
1447 6650
1448 6654
1449 6658
1450 6662
1451 6666
1452 6670
1453 6674
1454 6678
1455 6682
1456 6686
1457 6690
1458 6694
1459 6698
1460 6702
1461 6706
1462 6710
1463 6714
1464 6718
1465 6719
1468 6720
1472 6721
1473 6722
1474 6723
1475 6725
1476 6728
1477 6731
1478 6734
1479 6736
1480 6739
1481 6741
1482 6744
1483 6748
1484 6752
1485 6756
1486 6759
1487 6763
1488 6767
1489 6769
1490 6773
1491 6776
1492 6780
1493 6784
1494 6788
1495 6791
1496 6794
1497 6798
1498 6799
1499 6803
1500 6805
1501 6808
1502 6812
1503 6815
1504 6819
1505 6822
1506 6824
1507 6827
1508 6828
1509 6830
1510 6831
1511 6832
1512 6835
1513 6839
1514 6843
1515 6846
1516 6849
1517 6853
1518 6857
1519 6861
1520 6865
1521 6869
1522 6873
1523 6877
1524 6881
1525 6885
1526 6889
1527 6893
1528 6897
1529 6901
1530 6905
1531 6909
1532 6913
1533 6917
1534 6921
1535 6925
1536 6929
1537 6933
1538 6937
1539 6941
1540 6945
1541 6949
1542 6953
1543 6957
1544 6961
1545 6965
1546 6969
1547 6973
1548 6976
1549 6980
1550 6984
1551 6988
1552 6992
1553 6996
1554 7000
1555 7004
1556 7008
1557 7012
1558 7016
1559 7020
1560 7024
1561 7028
1562 7032
1563 7036
1564 7040
1565 7044
1566 7048
1567 7052
1568 7056
1569 7060
1570 7064
1571 7068
1572 7072
1573 7076
1574 7080
1575 7084
1576 7088
1577 7092
1578 7096
1579 7100
1580 7104
1581 7108
1582 7112
1583 7116
1584 7120
1585 7124
1586 7128
1587 7132
1588 7136
1589 7140
1590 7144
1591 7148
1592 7152
1593 7156
1594 7160
1595 7164
1596 7168
1597 7172
1598 7176
1599 7180
1600 7184
1601 7188
1602 7192
1603 7196
1604 7200
1605 7204
1606 7208
1607 7212
1608 7216
1609 7220
1610 7224
1611 7228
1612 7232
1613 7236
1614 7240
1615 7244
1616 7248
1617 7252
1618 7256
1619 7260
1620 7264
1621 7268
1622 7272
1623 7276
1624 7280
1625 7284
1626 7288
1627 7292
1628 7296
1629 7300
1630 7304
1631 7308
1632 7312
1633 7316
1634 7320
1635 7324
1636 7328
1637 7332
1638 7336
1639 7340
1640 7344
1641 7348
1642 7352
1643 7356
1644 7360
1645 7364
1646 7368
1647 7372
1648 7376
1649 7380
1650 7384
1651 7388
1652 7392
1653 7396
1654 7400
1655 7404
1656 7408
1657 7412
1658 7416
1659 7420
1660 7424
1661 7428
1662 7432
1663 7436
1664 7440
1665 7444
1666 7448
1667 7452
1668 7456
1669 7460
1670 7464
1671 7468
1672 7472
1673 7476
1674 7480
1675 7484
1676 7488
1677 7492
1678 7496
1679 7500
1680 7504
1681 7508
1682 7512
1683 7516
1684 7520
1685 7524
1686 7528
1687 7532
1688 7536
1689 7540
1690 7544
1691 7548
1692 7552
1693 7556
1694 7560
1695 7564
1696 7568
1697 7572
1698 7576
1699 7580
1700 7584
1701 7588
1702 7592
1703 7596
1704 7600
1705 7604
1706 7608
1707 7612
1708 7616
1709 7620
1710 7624
1711 7628
1712 7632
1713 7636
1714 7640
1715 7644
1716 7648
1717 7652
1718 7656
1719 7660
1720 7664
1721 7668
1722 7672
1723 7676
1724 7680
1725 7684
1726 7688
1727 7692
1728 7696
1729 7700
1730 7704
1731 7708
1732 7712
1733 7716
1734 7720
1735 7723
1736 7727
1737 7730
1738 7734
1739 7738
1740 7742
1741 7746
1742 7750
1743 7754
1744 7757
1745 7761
1746 7765
1747 7769
1748 7773
1749 7777
1750 7781
1751 7785
1752 7789
1753 7793
1754 7797
1755 7801
1756 7805
1757 7809
1758 7813
1759 7817
1760 7821
1761 7825
1762 7829
1763 7832
1764 7836
1765 7840
1766 7844
1767 7848
1768 7852
1769 7856
1770 7860
1771 7864
1772 7868
1773 7872
1774 7876
1775 7880
1776 7884
1777 7888
1778 7892
1779 7896
1780 7900
1781 7904
1782 7908
1783 7912
1784 7916
1785 7920
1786 7924
1787 7928
1788 7932
1789 7936
1790 7940
1791 7944
1792 7948
1793 7952
1794 7956
1795 7960
1796 7964
1797 7968
1798 7972
1799 7976
1800 7980
1801 7984
1802 7988
1803 7992
1804 7996
1805 8000
1806 8004
1807 8008
1808 8012
1809 8016
1810 8020
1811 8024
1812 8028
1813 8032
1814 8036
1815 8040
1816 8044
1817 8048
1818 8052
1819 8056
1820 8060
1821 8064
1822 8068
1823 8072
1824 8076
1825 8080
1826 8084
1827 8088
1828 8092
1829 8096
1830 8100
1831 8104
1832 8108
1833 8112
1834 8116
1835 8120
1836 8124
1837 8128
1838 8132
1839 8136
1840 8140
1841 8144
1842 8148
1843 8152
1844 8156
1845 8160
1846 8164
1847 8168
1848 8172
1849 8176
1850 8180
1851 8184
1852 8188
1853 8192
1854 8196
1855 8200
1856 8204
1857 8208
1858 8212
1859 8216
1860 8220
1861 8224
1862 8228
1863 8232
1864 8236
1865 8240
1866 8244
1867 8248
1868 8252
1869 8256
1870 8260
1871 8264
1872 8268
1873 8272
1874 8276
1875 8280
1876 8284
1877 8288
1878 8292
1879 8296
1880 8300
1881 8304
1882 8308
1883 8312
1884 8316
1885 8320
1886 8324
1887 8328
1888 8332
1889 8336
1890 8340
1891 8344
1892 8348
1893 8352
1894 8356
1895 8360
1896 8364
1897 8366
1898 8367
1899 8370
1900 8373
1901 8377
1902 8381
1903 8385
1904 8389
1905 8393
1906 8397
1907 8401
1908 8405
1909 8409
1910 8413
1911 8417
1912 8421
1913 8425
1914 8428
1915 8431
1916 8434
1917 8437
1918 8440
1919 8444
1920 8448
1921 8452
1922 8456
1923 8460
1924 8464
1925 8468
1926 8472
1927 8476
1928 8479
1929 8483
1930 8487
1931 8491
1932 8495
1933 8499
1934 8503
1935 8507
1936 8511
1937 8515
1938 8519
1939 8523
1940 8527
1941 8531
1942 8535
1943 8539
1944 8543
1945 8547
1946 8551
1947 8553
1948 8556
1949 8559
1950 8563
1951 8567
1952 8570
1953 8573
1954 8575
1955 8576
1956 8578
1957 8582
1958 8586
1959 8590
1960 8594
1961 8597
1962 8600
1963 8604
1964 8608
1965 8612
1966 8614
1967 8618
1968 8621
1969 8624
1970 8626
1971 8628
1972 8629
1973 8630
1974 8631
1975 8633
1976 8635
1977 8637
1978 8638
1979 8639
1981 8640
1982 8641
1983 8643
1984 8644
1985 8646
1986 8648
1987 8651
1988 8653
1989 8656
1990 8660
1991 8664
1995 8665
1996 8666
1997 8670
1998 8674
1999 8678
2000 8681
2001 8685
2002 8689
2003 8693
2004 8697
2005 8701
2006 8705
2007 8709
2008 8713
2009 8717
2010 8721
2011 8725
2012 8729
2013 8733
2014 8737
2015 8741
2016 8745
2017 8749
2018 8753
2019 8757
2020 8761
2021 8765
2022 8769
2023 8773
2024 8777
2025 8781
2026 8785
2027 8789
2028 8793
2029 8797
2030 8801
2031 8805
2032 8809
2033 8813
2034 8817
2035 8821
2036 8825
2037 8829
2038 8833
2039 8837
2040 8841
2041 8845
2042 8849
2043 8853
2044 8857
2045 8861
2046 8865
2047 8868
2048 8872
2049 8876
2050 8880
2051 8884
2052 8888
2053 8892
2054 8896
2055 8900
2056 8904
2057 8908
2058 8912
2059 8916
2060 8920
2061 8924
2062 8928
2063 8932
2064 8936
2065 8940
2066 8944
2067 8947
2068 8950
2069 8954
2070 8958
2071 8962
2072 8966
2073 8967
2074 8968
2075 8972
2076 8976
2077 8980
2078 8984
2079 8988
2080 8992
2081 8996
2082 9000
2083 9004
2084 9008
2085 9012
2086 9016
2087 9020
2088 9024
2089 9028
2090 9032
2091 9036
2092 9040
2093 9044
2094 9048
2095 9052
2096 9056
2097 9060
2098 9064
2099 9068
2100 9072
2101 9076
2102 9080
2103 9084
2104 9088
2105 9092
2106 9096
2107 9100
2108 9104
2109 9108
2110 9112
2111 9116
2112 9120
2113 9124
2114 9128
2115 9132
2116 9136
2117 9140
2118 9144
2119 9148
2120 9152
2121 9156
2122 9160
2123 9164
2124 9168
2125 9172
2126 9176
2127 9180
2128 9184
2129 9188
2130 9192
2131 9196
2132 9200
2133 9204
2134 9208
2135 9212
2136 9216
2137 9220
2138 9224
2139 9228
2140 9232
2141 9236
2142 9240
2143 9244
2144 9248
2145 9252
2146 9256
2147 9260
2148 9264
2149 9268
2150 9272
2151 9276
2152 9280
2153 9284
2154 9288
2155 9292
2156 9296
2157 9300
2158 9304
2159 9308
2160 9312
2161 9316
2162 9320
2163 9324
2164 9328
2165 9332
2166 9336
2167 9340
2168 9344
2169 9348
2170 9352
2171 9356
2172 9360
2173 9364
2174 9368
2175 9372
2176 9376
2177 9380
2178 9384
2179 9388
2180 9392
2181 9396
2182 9400
2183 9404
2184 9408
2185 9412
2186 9416
2187 9420
2188 9424
2189 9428
2190 9432
2191 9436
2192 9440
2193 9444
2194 9448
2195 9452
2196 9455
2197 9457
2198 9458
2199 9460
2200 9462
2201 9465
2202 9469
2203 9472
2204 9476
2205 9480
2206 9484
2207 9487
2208 9491
2209 9495
2210 9499
2211 9503
2212 9507
2213 9511
2214 9515
2215 9519
2216 9523
2217 9527
2218 9531
2219 9535
2220 9539
2221 9543
2222 9547
2223 9551
2224 9555
2225 9559
2226 9563
2227 9567
2228 9570
2229 9574
2230 9578
2231 9582
2232 9586
2233 9590
2234 9594
2235 9598
2236 9602
2237 9606
2238 9610
2239 9614
2240 9618
2241 9622
2242 9626
2243 9630
2244 9634
2245 9638
2246 9642
2247 9646
2248 9650
2249 9654
2250 9658
2251 9662
2252 9666
2253 9670
2254 9674
2255 9678
2256 9682
2257 9686
2258 9690
2259 9694
2260 9698
2261 9702
2262 9706
2263 9710
2264 9714
2265 9718
2266 9722
2267 9726
2268 9730
2269 9734
2270 9738
2271 9742
2272 9746
2273 9749
2274 9753
2275 9757
2276 9760
2277 9764
2278 9768
2279 9772
2280 9776
2281 9780
2282 9784
2283 9788
2284 9792
2285 9796
2286 9800
2287 9804
2288 9808
2289 9812
2290 9816
2291 9820
2292 9824
2293 9828
2294 9832
2295 9836
2296 9840
2297 9844
2298 9848
2299 9852
2300 9856
2301 9860
2302 9864
2303 9868
2304 9872
2305 9876
2306 9880
2307 9884
2308 9888
2309 9892
2310 9896
2311 9900
2312 9904
2313 9908
2314 9912
2315 9916
2316 9920
2317 9924
2318 9928
2319 9932
2320 9936
2321 9940
2322 9944
2323 9948
2324 9952
2325 9956
2326 9960
2327 9964
2328 9968
2329 9972
2330 9976
2331 9980
2332 9984
2333 9988
2334 9992
2335 9996
2336 9999
2337 10003
2338 10006
2339 10010
2340 10014
2341 10018
2342 10022
2343 10026
2344 10030
2345 10034
2346 10038
2347 10042
2348 10046
2349 10050
2350 10054
2351 10058
2352 10062
2353 10066
2354 10070
2355 10074
2356 10078
2357 10081
2358 10085
2359 10089
2360 10093
2361 10097
2362 10101
2363 10105
2364 10109
2365 10112
2366 10116
2367 10120
2368 10124
2369 10128
2370 10132
2371 10136
2372 10139
2373 10142
2374 10146
2375 10149
2376 10153
2377 10157
2378 10161
2379 10165
2380 10169
2381 10172
2382 10176
2383 10180
2384 10184
2385 10188
2386 10192
2387 10196
2388 10200
2389 10204
2390 10208
2391 10212
2392 10216
2393 10220
2394 10224
2395 10228
2396 10232
2397 10236
2398 10240
2399 10244
2400 10248
2401 10252
2402 10256
2403 10260
2404 10264
2405 10268
2406 10271
2407 10275
2408 10279
2409 10283
2410 10287
2411 10291
2412 10295
2413 10299
2414 10303
2415 10307
2416 10311
2417 10315
2418 10319
2419 10323
2420 10327
2421 10331
2422 10335
2423 10339
2424 10343
2425 10347
2426 10350
2427 10354
2428 10358
2429 10362
2430 10365
2431 10369
2432 10373
2433 10377
2434 10381
2435 10385
2436 10389
2437 10393
2438 10397
2439 10401
2440 10405
2441 10409
2442 10413
2443 10416
2444 10419
2445 10423
2446 10426
2447 10429
2448 10432
2449 10436
2450 10440
2451 10444
2452 10448
2453 10452
2454 10456
2455 10460
2456 10464
2457 10468
2458 10472
2459 10476
2460 10480
2461 10484
2462 10488
2463 10492
2464 10496
2465 10500
2466 10504
2467 10508
2468 10512
2469 10516
2470 10520
2471 10524
2472 10528
2473 10532
2474 10536
2475 10540
2476 10544
2477 10548
2478 10551
2479 10552
2480 10554
2481 10555
2482 10558
2483 10560
2484 10561
2486 10562
2487 10563
2488 10564
2489 10565
2490 10566
2491 10567
2493 10568
2494 10570
2495 10572
2496 10575
2498 10576
2499 10579
2500 10583
2501 10587
2502 10590
2503 10594
2504 10598
2505 10602
2506 10606
2507 10610
2508 10614
2509 10618
2510 10622
2511 10626
2512 10630
2513 10634
2514 10638
2515 10642
2516 10646
2517 10650
2518 10653
2519 10656
2520 10659
2521 10663
2522 10667
2523 10671
2524 10674
2525 10678
2526 10681
2527 10684
2528 10688
2529 10692
2530 10695
2531 10698
2532 10701
2533 10705
2534 10709
2535 10713
2536 10717
2537 10721
2538 10725
2539 10729
2540 10733
2541 10737
2542 10741
2543 10744
2544 10748
2545 10752
2546 10756
2547 10760
2548 10764
2549 10768
2550 10772
2551 10776
2552 10779
2553 10782
2554 10785
2555 10787
2556 10789
2562 10790
2563 10792
2564 10795
2565 10799
2566 10803
2567 10804
2568 10807
2569 10809
2570 10811
2571 10813
2572 10816
2573 10818
2574 10820
2575 10824
2576 10828
2577 10832
2578 10836
2579 10840
2580 10844
2581 10848
2582 10852
2583 10856
2584 10859
2585 10863
2586 10867
2587 10871
2588 10875
2589 10879
2590 10883
2591 10887
2592 10891
2593 10895
2594 10899
2595 10903
2596 10907
2597 10911
2598 10915
2599 10919
2600 10923
2601 10927
2602 10930
2603 10932
2604 10935
2605 10938
2606 10939
2607 10940
2608 10942
2609 10945
2610 10949
2611 10952
2612 10956
2613 10960
2614 10964
2615 10967
2616 10968
2617 10972
2618 10976
2619 10980
2620 10984
2621 10988
2622 10992
2623 10995
2624 10999
2625 11003
2626 11007
2627 11010
2628 11013
2629 11016
2630 11020
2631 11024
2632 11028
2633 11032
2634 11036
2635 11040
2636 11043
2637 11047
2638 11051
2639 11055
2640 11059
2641 11063
2642 11067
2643 11071
2644 11074
2645 11078
2646 11082
2647 11085
2648 11089
2649 11093
2650 11097
2651 11101
2652 11105
2653 11109
2654 11113
2655 11117
2656 11121
2657 11125
2658 11129
2659 11133
2660 11136
2661 11140
2662 11144
2663 11148
2664 11152
2665 11156
2666 11160
2667 11164
2668 11168
2669 11172
2670 11176
2671 11180
2672 11184
2673 11188
2674 11192
2675 11196
2676 11200
2677 11204
2678 11208
2679 11212
2680 11216
2681 11220
2682 11224
2683 11228
2684 11232
2685 11236
2686 11240
2687 11244
2688 11248
2689 11252
2690 11256
2691 11260
2692 11264
2693 11268
2694 11272
2695 11276
2696 11280
2697 11284
2698 11288
2699 11292
2700 11296
2701 11300
2702 11304
2703 11308
2704 11312
2705 11316
2706 11320
2707 11324
2708 11328
2709 11332
2710 11336
2711 11340
2712 11344
2713 11348
2714 11352
2715 11356
2716 11360
2717 11364
2718 11368
2719 11372
2720 11376
2721 11380
2722 11384
2723 11388
2724 11392
2725 11396
2726 11400
2727 11404
2728 11408
2729 11412
2730 11416
2731 11420
2732 11424
2733 11428
2734 11432
2735 11436
2736 11440
2737 11444
2738 11448
2739 11452
2740 11456
2741 11460
2742 11464
2743 11468
2744 11472
2745 11476
2746 11480
2747 11484
2748 11488
2749 11492
2750 11496
2751 11500
2752 11504
2753 11508
2754 11512
2755 11516
2756 11520
2757 11524
2758 11528
2759 11532
2760 11536
2761 11540
2762 11544
2763 11548
2764 11552
2765 11556
2766 11560
2767 11564
2768 11568
2769 11572
2770 11576
2771 11580
2772 11584
2773 11588
2774 11592
2775 11596
2776 11600
2777 11604
2778 11608
2779 11612
2780 11616
2781 11620
2782 11624
2783 11628
2784 11632
2785 11636
2786 11640
2787 11644
2788 11648
2789 11652
2790 11656
2791 11660
2792 11664
2793 11668
2794 11672
2795 11676
2796 11680
2797 11684
2798 11688
2799 11692
2800 11696
2801 11700
2802 11704
2803 11708
2804 11712
2805 11716
2806 11720
2807 11724
2808 11728
2809 11732
2810 11736
2811 11740
2812 11744
2813 11748
2814 11752
2815 11756
2816 11760
2817 11764
2818 11768
2819 11772
2820 11776
2821 11780
2822 11784
2823 11788
2824 11792
2825 11796
2826 11800
2827 11804
2828 11808
2829 11812
2830 11816
2831 11819
2832 11823
2833 11827
2834 11831
2835 11835
2836 11839
2837 11843
2838 11847
2839 11851
2840 11855
2841 11859
2842 11863
2843 11867
2844 11871
2845 11875
2846 11879
2847 11883
2848 11887
2849 11891
2850 11895
2851 11899
2852 11903
2853 11907
2854 11911
2855 11915
2856 11919
2857 11923
2858 11927
2859 11931
2860 11935
2861 11939
2862 11943
2863 11947
2864 11951
2865 11955
2866 11959
2867 11963
2868 11967
2869 11971
2870 11975
2871 11979
2872 11983
2873 11987
2874 11991
2875 11995
2876 11999
2877 12003
2878 12007
2879 12011
2880 12015
2881 12019
2882 12023
2883 12027
2884 12031
2885 12035
2886 12039
2887 12043
2888 12047
2889 12051
2890 12055
2891 12059
2892 12063
2893 12067
2894 12071
2895 12075
2896 12079
2897 12083
2898 12087
2899 12091
2900 12095
2901 12099
2902 12103
2903 12107
2904 12111
2905 12115
2906 12119
2907 12123
2908 12127
2909 12131
2910 12135
2911 12138
2912 12142
2913 12146
2914 12150
2915 12154
2916 12158
2917 12162
2918 12166
2919 12170
2920 12174
2921 12178
2922 12182
2923 12186
2924 12190
2925 12194
2926 12198
2927 12202
2928 12206
2929 12210
2930 12214
2931 12218
2932 12222
2933 12226
2934 12230
2935 12234
2936 12238
2937 12242
2938 12246
2939 12250
2940 12254
2941 12258
2942 12262
2943 12266
2944 12270
2945 12274
2946 12278
2947 12282
2948 12286
2949 12290
2950 12294
2951 12298
2952 12302
2953 12306
2954 12310
2955 12314
2956 12318
2957 12322
2958 12326
2959 12330
2960 12334
2961 12338
2962 12342
2963 12346
2964 12350
2965 12354
2966 12357
2967 12361
2968 12365
2969 12369
2970 12373
2971 12377
2972 12381
2973 12385
2974 12389
2975 12393
2976 12397
2977 12401
2978 12405
2979 12409
2980 12413
2981 12417
2982 12421
2983 12425
2984 12429
2985 12433
2986 12437
2987 12441
2988 12445
2989 12449
2990 12453
2991 12457
2992 12461
2993 12465
2994 12469
2995 12473
2996 12477
2997 12481
2998 12485
2999 12489
3000 12493
3001 12497
3002 12501
3003 12505
3004 12509
3005 12513
3006 12517
3007 12521
3008 12525
3009 12529
3010 12533
3011 12537
3012 12540
3013 12543
3014 12547
3015 12551
3016 12555
3017 12559
3018 12563
3019 12566
3020 12570
3021 12574
3022 12576
3023 12580
3024 12584
3025 12588
3026 12592
3027 12596
3028 12600
3029 12604
3030 12608
3031 12612
3032 12616
3033 12620
3034 12624
3035 12628
3036 12632
3037 12636
3038 12640
3039 12644
3040 12648
3041 12652
3042 12656
3043 12660
3044 12664
3045 12668
3046 12672
3047 12676
3048 12680
3049 12684
3050 12688
3051 12692
3052 12696
3053 12700
3054 12704
3055 12708
3056 12712
3057 12716
3058 12720
3059 12724
3060 12728
3061 12732
3062 12736
3063 12740
3064 12744
3065 12748
3066 12752
3067 12756
3068 12760
3069 12764
3070 12768
3071 12771
3072 12774
3073 12778
3074 12782
3075 12786
3076 12790
3077 12794
3078 12798
3079 12802
3080 12806
3081 12810
3082 12814
3083 12818
3084 12822
3085 12825
3086 12828
3087 12832
3088 12836
3089 12840
3090 12844
3091 12848
3092 12852
3093 12856
3094 12860
3095 12864
3096 12868
3097 12872
3098 12876
3099 12880
3100 12884
3101 12888
3102 12892
3103 12896
3104 12900
3105 12904
3106 12908
3107 12912
3108 12916
3109 12920
3110 12924
3111 12928
3112 12932
3113 12936
3114 12940
3115 12944
3116 12947
3117 12951
3118 12955
3119 12959
3120 12963
3121 12967
3122 12971
3123 12975
3124 12979
3125 12983
3126 12987
3127 12991
3128 12995
3129 12999
3130 13003
3131 13007
3132 13011
3133 13015
3134 13016
3135 13019
3136 13021
3137 13024
3138 13027
3139 13031
3140 13035
3141 13039
3142 13043
3143 13047
3144 13051
3145 13055
3146 13059
3147 13063
3148 13067
3149 13071
3150 13075
3151 13079
3152 13083
3153 13087
3154 13091
3155 13095
3156 13099
3157 13102
3158 13106
3159 13110
3160 13114
3161 13118
3162 13122
3163 13126
3164 13130
3165 13134
3166 13138
3167 13142
3168 13146
3169 13150
3170 13154
3171 13158
3172 13162
3173 13165
3174 13169
3175 13173
3176 13177
3177 13180
3178 13183
3179 13187
3180 13191
3181 13195
3182 13199
3183 13203
3184 13207
3185 13211
3186 13215
3187 13219
3188 13223
3189 13227
3190 13231
3191 13234
3192 13237
3193 13239
3194 13241
3195 13242
3196 13244
3197 13248
3198 13252
3199 13256
3200 13260
3201 13264
3202 13268
3203 13272
3204 13276
3205 13280
3206 13284
3207 13288
3208 13292
3209 13296
3210 13297
3213 13298
3214 13299
3216 13300
3217 13302
3218 13303
3223 13304
3224 13306
3225 13307
3226 13311
3227 13315
3228 13319
3229 13323
3230 13326
3231 13330
3232 13333
3233 13336
3234 13340
3235 13344
3236 13348
3237 13352
3238 13356
3239 13360
3240 13364
3241 13368
3242 13372
3243 13376
3244 13380
3245 13384
3246 13388
3247 13392
3248 13396
3249 13400
3250 13404
3251 13408
3252 13412
3253 13416
3254 13420
3255 13423
3256 13426
3257 13430
3258 13434
3259 13436
3260 13440
3261 13444
3262 13448
3263 13452
3265 13453
3266 13455
3267 13458
3268 13462
3269 13465
3270 13467
3271 13469
3272 13471
3273 13474
3274 13477
3275 13480
3276 13484
3277 13486
3278 13489
3279 13490
3280 13491
3281 13494
3282 13495
3286 13496
3287 13499
3288 13503
3289 13506
3290 13509
3291 13510
3292 13514
3293 13517
3294 13520
3295 13524
3296 13526
3297 13530
3298 13534
3299 13538
3300 13542
3301 13546
3302 13549
3303 13553
3304 13557
3305 13561
3306 13565
3307 13569
3308 13573
3309 13577
3310 13581
3311 13585
3312 13589
3313 13593
3314 13597
3315 13601
3316 13605
3317 13609
3318 13613
3319 13617
3320 13621
3321 13625
3322 13629
3323 13633
3324 13637
3325 13641
3326 13645
3327 13649
3328 13653
3329 13657
3330 13661
3331 13665
3332 13669
3333 13673
3334 13677
3335 13681
3336 13685
3337 13689
3338 13693
3339 13697
3340 13701
3341 13705
3342 13709
3343 13713
3344 13717
3345 13721
3346 13725
3347 13729
3348 13733
3349 13737
3350 13741
3351 13745
3352 13749
3353 13753
3354 13757
3355 13761
3356 13765
3357 13769
3358 13773
3359 13776
3360 13779
3361 13782
3362 13784
3363 13786
3364 13788
3365 13790
3366 13791
3367 13792
3368 13793
3376 13794
3377 13795
3378 13797
3381 13798
3382 13799
3383 13800
3385 13801
3386 13803
3393 13804
3394 13806
3395 13807
3396 13808
3397 13809
3398 13812
3399 13815
3400 13817
3401 13821
3402 13825
3403 13829
3404 13832
3405 13835
3406 13839
3407 13843
3408 13846
3409 13848
3410 13851
3411 13853
3412 13857
3413 13860
3414 13863
3415 13866
3416 13870
3417 13872
3418 13876
3419 13880
3420 13884
3421 13888
3422 13891
3423 13895
3424 13899
3425 13903
3426 13907
3427 13911
3428 13915
3429 13919
3430 13923
3431 13927
3432 13931
3433 13935
3434 13939
3435 13943
3436 13947
3437 13951
3438 13955
3439 13959
3440 13963
3441 13965
3442 13967
3443 13971
3444 13975
3445 13979
3446 13983
3447 13987
3448 13991
3449 13995
3450 13999
3451 14003
3452 14007
3453 14011
3454 14015
3455 14019
3456 14023
3457 14027
3458 14030
3460 14031
3461 14033
3462 14035
3463 14038
3464 14041
3465 14043
3466 14046
3467 14047
3468 14051
3469 14055
3470 14059
3471 14063
3472 14067
3473 14071
3474 14075
3475 14079
3476 14083
3477 14087
3478 14091
3479 14095
3480 14098
3481 14102
3482 14106
3483 14110
3484 14114
3485 14118
3486 14121
3487 14125
3488 14129
3489 14133
3490 14137
3491 14141
3492 14145
3493 14149
3494 14153
3495 14156
3496 14159
3497 14163
3498 14166
3499 14169
3500 14173
3501 14177
3502 14180
3503 14184
3504 14187
3505 14190
3506 14194
3507 14198
3508 14202
3509 14206
3510 14210
3511 14213
3512 14217
3513 14221
3514 14224
3515 14228
3516 14232
3517 14236
3518 14240
3519 14244
3520 14248
3521 14252
3522 14256
3523 14260
3524 14264
3525 14268
3526 14271
3527 14275
3528 14279
3529 14283
3530 14287
3531 14291
3532 14295
3533 14299
3534 14303
3535 14307
3536 14311
3537 14315
3538 14319
3539 14323
3540 14327
3541 14331
3542 14335
3543 14339
3544 14343
3545 14347
3546 14351
3547 14355
3548 14359
3549 14363
3550 14367
3551 14371
3552 14375
3553 14379
3554 14383
3555 14387
3556 14390
3557 14394
3558 14398
3559 14402
3560 14405
3561 14408
3562 14411
3563 14414
3564 14417
3565 14420
3566 14423
3567 14425
3568 14427
3569 14429
3570 14430
3571 14433
3572 14437
3573 14440
3574 14444
3575 14448
3576 14452
3577 14455
3578 14458
3579 14461
3580 14465
3581 14469
3582 14473
3583 14477
3584 14481
3585 14485
3586 14489
3587 14493
3588 14497
3589 14501
3590 14505
3591 14509
3592 14513
3593 14517
3594 14521
3595 14525
3596 14529
3597 14533
3598 14537
3599 14541
3600 14545
3601 14549
3602 14553
3603 14557
3604 14561
3605 14565
3606 14569
3607 14573
3608 14577
3609 14581
3610 14585
3611 14589
3612 14593
3613 14597
3614 14601
3615 14605
3616 14609
3617 14613
3618 14617
3619 14621
3620 14625
3621 14629
3622 14633
3623 14637
3624 14641
3625 14645
3626 14649
3627 14653
3628 14657
3629 14661
3630 14665
3631 14669
3632 14673
3633 14677
3634 14681
3635 14685
3636 14689
3637 14693
3638 14697
3639 14701
3640 14705
3641 14709
3642 14713
3643 14717
3644 14721
3645 14725
3646 14729
3647 14733
3648 14737
3649 14741
3650 14745
3651 14749
3652 14753
3653 14757
3654 14761
3655 14765
3656 14769
3657 14773
3658 14777
3659 14781
3660 14785
3661 14789
3662 14793
3663 14797
3664 14801
3665 14805
3666 14809
3667 14813
3668 14817
3669 14821
3670 14825
3671 14829
3672 14833
3673 14837
3674 14841
3675 14845
3676 14849
3677 14853
3678 14857
3679 14861
3680 14865
3681 14869
3682 14873
3683 14877
3684 14881
3685 14885
3686 14889
3687 14893
3688 14897
3689 14901
3690 14905
3691 14909
3692 14913
3693 14917
3694 14921
3695 14925
3696 14929
3697 14933
3698 14937
3699 14941
3700 14945
3701 14949
3702 14953
3703 14957
3704 14961
3705 14965
3706 14969
3707 14973
3708 14977
3709 14981
3710 14985
3711 14989
3712 14993
3713 14997
3714 15001
3715 15005
3716 15009
3717 15013
3718 15017
3719 15021
3720 15025
3721 15029
3722 15033
3723 15037
3724 15041
3725 15045
3726 15049
3727 15053
3728 15057
3729 15061
3730 15065
3731 15069
3732 15073
3733 15077
3734 15080
3735 15084
3736 15088
3737 15091
3738 15096
3739 15100
3740 15104
3741 15108
3742 15112
3743 15116
3744 15120
3745 15124
3746 15127
3747 15131
3748 15135
3749 15140
3750 15144
3751 15148
3752 15152
3753 15156
3754 15160
3755 15163
3756 15167
3757 15171
3758 15175
3759 15180
3760 15184
3761 15188
3762 15192
3763 15196
3764 15199
3765 15203
3766 15207
3767 15211
3768 15215
3769 15219
3770 15224
3771 15228
3772 15232
3773 15235
3774 15239
3775 15243
3776 15247
3777 15251
3778 15255
3779 15259
3780 15263
3781 15265
3782 15268
3783 15272
3784 15275
3785 15277
3786 15281
3787 15285
3788 15289
3789 15293
3790 15297
3791 15300
3792 15304
3793 15308
3794 15311
3795 15315
3796 15318
3797 15321
3798 15324
3799 15327
3800 15329
3801 15333
3802 15337
3803 15341
3804 15345
3805 15347
3806 15351
3807 15355
3808 15357
3809 15360
3810 15364
3811 15367
3812 15370
3813 15374
3814 15378
3815 15382
3816 15386
3817 15390
3818 15394
3819 15398
3820 15402
3821 15406
3822 15410
3823 15414
3824 15418
3825 15421
3826 15425
3827 15429
3828 15432
3829 15436
3830 15440
3831 15444
3832 15448
3833 15452
3834 15456
3835 15460
3836 15464
3837 15468
3838 15472
3839 15476
3840 15480
3841 15484
3842 15488
3843 15492
3844 15496
3845 15500
3846 15504
3847 15508
3848 15512
3849 15516
3850 15520
3851 15524
3852 15528
3853 15532
3854 15536
3855 15540
3856 15544
3859 15547
3863 15548
3864 15549
3865 15551
3869 15553
3870 15556
3871 15559
3872 15561
3873 15563
3875 15566
3876 15569
3877 15572
3878 15576
3879 15579
3880 15583
3882 15586
3899 15587
3900 15590
3901 15591
3902 15593
3903 15595
