#timestamp tx ty tz qx qy qz qw
339.186725632000 0.000000000000 0.000000000000 -0.000000000000 0.000000000000 -0.000000000000 0.000000000000 1.000000000000
339.286674637000 0.013061000000 0.004677000000 -0.000387000000 0.530041000000 0.038956000000 0.047067000000 0.845768000000
339.386623637000 0.034035000000 0.007347000000 0.001082000000 0.665189000000 0.027269000000 0.044775000000 0.744832000000
339.486573099000 0.061703000000 0.006493000000 -0.002628000000 0.663063000000 0.021800000000 0.035132000000 0.747421000000
339.586671632000 0.094669000000 -0.000076000000 -0.010789000000 0.619180000000 0.031415000000 0.030925000000 0.784011000000
339.686620637000 0.130050000000 -0.008715000000 -0.019027000000 0.605956000000 0.039434000000 0.028453000000 0.794010000000
339.786569637000 0.163309000000 -0.016962000000 -0.029004000000 0.634586000000 0.038910000000 0.055634000000 0.769865000000
339.886668609000 0.188686000000 -0.031436000000 -0.042443000000 0.630423000000 0.035470000000 0.071413000000 0.772146000000
339.986617632000 0.208179000000 -0.040999000000 -0.058752000000 0.646586000000 0.031350000000 0.089018000000 0.756981000000
340.086566609000 0.224736000000 -0.049042000000 -0.078297000000 0.653581000000 0.036172000000 0.105391000000 0.748610000000
340.186515632000 0.231364000000 -0.063979000000 -0.094213000000 0.630781000000 0.055205000000 0.110917000000 0.766006000000
340.286614609000 0.232426000000 -0.094415000000 -0.083962000000 0.561282000000 0.064056000000 0.112342000000 0.817458000000
340.386563632000 0.228841000000 -0.116566000000 -0.066784000000 0.515979000000 0.063283000000 0.119692000000 0.845834000000
340.486512637000 0.213244000000 -0.128093000000 -0.049373000000 0.485250000000 0.078530000000 0.117136000000 0.862928000000
340.586611632000 0.190902000000 -0.126091000000 -0.035097000000 0.487832000000 0.107930000000 0.119186000000 0.858001000000
340.686560637000 0.171254000000 -0.114970000000 -0.014321000000 0.499654000000 0.129949000000 0.123264000000 0.847505000000
340.786509632000 0.155181000000 -0.095388000000 0.011071000000 0.526362000000 0.135584000000 0.132147000000 0.828913000000
340.886458637000 0.144450000000 -0.071758000000 0.036427000000 0.558385000000 0.151621000000 0.138389000000 0.803782000000
340.986557666000 0.151844000000 -0.049084000000 0.062965000000 0.586678000000 0.137410000000 0.134690000000 0.786629000000
341.086506637000 0.169871000000 -0.027548000000 0.081712000000 0.607525000000 0.125635000000 0.123531000000 0.774512000000
341.186455666000 0.194117000000 -0.012149000000 0.091595000000 0.615669000000 0.107320000000 0.103411000000 0.773783000000
341.286554637000 0.219311000000 -0.002118000000 0.091979000000 0.616715000000 0.095299000000 0.096499000000 0.775416000000
341.386503637000 0.243763000000 0.001031000000 0.082715000000 0.610562000000 0.087168000000 0.091385000000 0.781834000000
341.486453370000 0.265620000000 -0.001509000000 0.067892000000 0.596649000000 0.067775000000 0.091727000000 0.794357000000
341.586401665000 0.277394000000 -0.010543000000 0.045992000000 0.579973000000 0.063580000000 0.088772000000 0.807285000000
341.686500637000 0.281014000000 -0.023464000000 0.021978000000 0.559837000000 0.060457000000 0.092892000000 0.821157000000
341.786449632000 0.276762000000 -0.040202000000 -0.000869000000 0.538767000000 0.059808000000 0.098612000000 0.834523000000
341.886398665000 0.263847000000 -0.057795000000 -0.020635000000 0.520396000000 0.067636000000 0.099570000000 0.845399000000
341.986497665000 0.245271000000 -0.072520000000 -0.035157000000 0.505747000000 0.081763000000 0.095780000000 0.853441000000
342.086446608000 0.222814000000 -0.081541000000 -0.040809000000 0.499778000000 0.098962000000 0.103176000000 0.854274000000
342.186395637000 0.199205000000 -0.085943000000 -0.036967000000 0.499530000000 0.114384000000 0.101644000000 0.852675000000
342.286344608000 0.178895000000 -0.082845000000 -0.025975000000 0.505284000000 0.130568000000 0.100261000000 0.847106000000
342.386444094000 0.163983000000 -0.070456000000 -0.006008000000 0.520105000000 0.134336000000 0.101919000000 0.837291000000
342.486392632000 0.152386000000 -0.050701000000 0.017530000000 0.544350000000 0.147120000000 0.108240000000 0.818733000000
342.586341632000 0.149761000000 -0.025603000000 0.042646000000 0.571656000000 0.151612000000 0.108488000000 0.799033000000
342.686440637000 0.159155000000 -0.000919000000 0.067555000000 0.595867000000 0.143683000000 0.099505000000 0.783835000000
342.786389665000 0.177630000000 0.019670000000 0.086698000000 0.612865000000 0.131291000000 0.083702000000 0.774696000000
342.886338613000 0.200915000000 0.031588000000 0.096215000000 0.622169000000 0.112342000000 0.067144000000 0.771866000000
342.986437665000 0.225189000000 0.035110000000 0.094143000000 0.620812000000 0.092102000000 0.057868000000 0.776377000000
343.086386665000 0.249039000000 0.031034000000 0.080714000000 0.609299000000 0.073275000000 0.053577000000 0.787728000000
343.186335632000 0.270397000000 0.019493000000 0.058848000000 0.590724000000 0.047826000000 0.052969000000 0.803712000000
343.286284637000 0.283497000000 0.001532000000 0.031503000000 0.566933000000 0.028030000000 0.048532000000 0.821855000000
343.386383603000 0.284082000000 -0.019884000000 0.003099000000 0.542381000000 0.023665000000 0.049014000000 0.838368000000
343.486332637000 0.269935000000 -0.040457000000 -0.021252000000 0.522694000000 0.032527000000 0.057266000000 0.849972000000
343.586281665000 0.247605000000 -0.059870000000 -0.037026000000 0.509031000000 0.044458000000 0.064314000000 0.857190000000
343.686380637000 0.220166000000 -0.072840000000 -0.041555000000 0.503800000000 0.069584000000 0.070610000000 0.858113000000
343.786329665000 0.192630000000 -0.075706000000 -0.034101000000 0.506979000000 0.101091000000 0.080523000000 0.852214000000
343.886278665000 0.169736000000 -0.069271000000 -0.017342000000 0.517516000000 0.124992000000 0.078278000000 0.842868000000
343.986227665000 0.160562000000 -0.056141000000 0.007193000000 0.535753000000 0.131854000000 0.075883000000 0.830557000000
344.086326637000 0.165471000000 -0.035166000000 0.033670000000 0.560201000000 0.126079000000 0.072336000000 0.815504000000
344.186275636000 0.181788000000 -0.013396000000 0.057529000000 0.579297000000 0.109543000000 0.059138000000 0.805555000000
344.286224636000 0.206586000000 0.004208000000 0.073737000000 0.593419000000 0.092177000000 0.042849000000 0.798450000000
344.386323632000 0.237854000000 0.013153000000 0.080354000000 0.597986000000 0.068618000000 0.026414000000 0.798127000000
344.486272608000 0.270256000000 0.010505000000 0.074808000000 0.588782000000 0.042423000000 0.015093000000 0.807036000000
344.586221665000 0.298742000000 -0.002202000000 0.056625000000 0.566332000000 0.018430000000 0.006005000000 0.823949000000
344.686170636000 0.316973000000 -0.020539000000 0.030045000000 0.539466000000 0.004525000000 0.019529000000 0.841769000000
344.786269636000 0.318564000000 -0.046326000000 -0.000794000000 0.507851000000 0.002546000000 0.026623000000 0.861030000000
344.886218636000 0.303647000000 -0.072952000000 -0.028871000000 0.477662000000 0.013563000000 0.037898000000 0.877621000000
344.986167636000 0.273895000000 -0.093175000000 -0.052949000000 0.458083000000 0.046748000000 0.050676000000 0.886231000000
345.086266636000 0.237410000000 -0.105222000000 -0.067082000000 0.451704000000 0.079324000000 0.059097000000 0.886667000000
345.186215636000 0.198178000000 -0.104973000000 -0.069606000000 0.456798000000 0.111726000000 0.063477000000 0.880240000000
345.286164665000 0.163558000000 -0.095108000000 -0.062842000000 0.476396000000 0.136449000000 0.064944000000 0.866147000000
345.386113665000 0.131879000000 -0.079421000000 -0.048403000000 0.501490000000 0.150952000000 0.055991000000 0.850051000000
345.486212636000 0.103499000000 -0.062744000000 -0.033637000000 0.524093000000 0.161900000000 0.042081000000 0.835072000000
345.586161636000 0.084256000000 -0.043756000000 -0.018828000000 0.548213000000 0.160655000000 0.025861000000 0.820356000000
345.686110636000 0.066608000000 -0.028419000000 -0.005085000000 0.573587000000 0.155885000000 0.021566000000 0.803886000000
345.786209631000 0.047873000000 -0.028107000000 0.004189000000 0.584412000000 0.135623000000 0.013769000000 0.799925000000
345.886158636000 0.029813000000 -0.038249000000 0.012228000000 0.590000000000 0.125760000000 0.014977000000 0.797408000000
345.986107674000 0.017913000000 -0.050122000000 0.019904000000 0.596111000000 0.097543000000 0.010492000000 0.796886000000
346.086039335000 0.008631000000 -0.057969000000 0.025666000000 0.602585000000 0.074540000000 0.016663000000 0.794392000000
346.186115541000 0.000954000000 -0.065047000000 0.029716000000 0.601934000000 0.045801000000 0.019175000000 0.797001000000
346.286041758000 -0.001457000000 -0.074458000000 0.034546000000 0.589061000000 -0.008219000000 0.018472000000 0.807836000000
346.385967941000 0.000921000000 -0.085344000000 0.035193000000 0.562131000000 -0.061083000000 0.011058000000 0.824715000000
346.486044699000 -0.004058000000 -0.089927000000 0.034086000000 0.546981000000 -0.075924000000 -0.001316000000 0.833694000000
346.585970320000 -0.008572000000 -0.090486000000 0.035620000000 0.539000000000 -0.091038000000 -0.002173000000 0.837369000000
346.685896565000 -0.013857000000 -0.091469000000 0.034685000000 0.526749000000 -0.094279000000 -0.001356000000 0.844775000000
346.785822777000 -0.020375000000 -0.093449000000 0.033724000000 0.516029000000 -0.098560000000 0.000764000000 0.850881000000
346.885898954000 -0.025403000000 -0.090440000000 0.032090000000 0.512966000000 -0.096051000000 0.018619000000 0.852815000000
346.985825166000 -0.030492000000 -0.080040000000 0.029554000000 0.527524000000 -0.069182000000 0.046067000000 0.845465000000
347.085768403000 -0.027476000000 -0.080024000000 0.029122000000 0.528568000000 -0.066639000000 0.048290000000 0.844892000000
347.185867408000 -0.024370000000 -0.080971000000 0.029066000000 0.529188000000 -0.066864000000 0.048279000000 0.844487000000
347.285816432000 -0.023950000000 -0.080803000000 0.028834000000 0.527831000000 -0.066974000000 0.048481000000 0.845315000000
347.385765408000 -0.023548000000 -0.080902000000 0.028900000000 0.527754000000 -0.067003000000 0.048516000000 0.845360000000
347.485714437000 -0.023434000000 -0.081101000000 0.028988000000 0.527938000000 -0.067066000000 0.048532000000 0.845239000000
347.585813408000 -0.023084000000 -0.081091000000 0.028925000000 0.528355000000 -0.067098000000 0.048562000000 0.844974000000
347.685762437000 -0.023077000000 -0.081105000000 0.029128000000 0.528273000000 -0.067112000000 0.048538000000 0.845025000000
347.785712237000 -0.023253000000 -0.080953000000 0.029341000000 0.530899000000 -0.066953000000 0.048482000000 0.843394000000
347.885810403000 -0.023507000000 -0.081051000000 0.029490000000 0.532742000000 -0.066740000000 0.048491000000 0.842247000000
347.985759408000 -0.023492000000 -0.081104000000 0.029564000000 0.533011000000 -0.066686000000 0.048509000000 0.842080000000
348.085708403000 -0.023480000000 -0.081105000000 0.029636000000 0.532850000000 -0.066716000000 0.048481000000 0.842181000000
348.185657436000 -0.023547000000 -0.081080000000 0.029757000000 0.532693000000 -0.066706000000 0.048587000000 0.842275000000
348.285756441000 -0.023660000000 -0.080999000000 0.029820000000 0.532573000000 -0.066674000000 0.048697000000 0.842348000000
348.385705408000 -0.023747000000 -0.081029000000 0.029714000000 0.532540000000 -0.066717000000 0.048647000000 0.842368000000
348.485654408000 -0.023857000000 -0.080976000000 0.029763000000 0.532441000000 -0.066712000000 0.048734000000 0.842426000000
348.585753403000 -0.023872000000 -0.081086000000 0.029864000000 0.532382000000 -0.066699000000 0.048764000000 0.842462000000
348.685702408000 -0.023926000000 -0.081057000000 0.029966000000 0.533270000000 -0.066671000000 0.048725000000 0.841905000000
348.785651403000 -0.023968000000 -0.081178000000 0.029878000000 0.531504000000 -0.066804000000 0.048721000000 0.843010000000
348.885600436000 -0.024013000000 -0.081270000000 0.029795000000 0.530077000000 -0.066917000000 0.048660000000 0.843903000000
348.985699436000 -0.024087000000 -0.081219000000 0.029878000000 0.529859000000 -0.066910000000 0.048623000000 0.844043000000
349.085648408000 -0.024115000000 -0.081220000000 0.029691000000 0.528966000000 -0.066919000000 0.048563000000 0.844605000000
349.185597403000 -0.024107000000 -0.081456000000 0.029414000000 0.525129000000 -0.067200000000 0.048614000000 0.846971000000
349.285696384000 -0.024049000000 -0.082222000000 0.030283000000 0.523776000000 -0.067120000000 0.046509000000 0.847933000000
349.385645408000 -0.012821000000 -0.081528000000 0.034536000000 0.529415000000 -0.051492000000 0.048610000000 0.845403000000
349.485594436000 0.014895000000 -0.073619000000 0.039851000000 0.547724000000 -0.033309000000 0.069164000000 0.833130000000
349.585543436000 0.051891000000 -0.060836000000 0.043360000000 0.569302000000 -0.004866000000 0.077616000000 0.818442000000
349.685642436000 0.100746000000 -0.044019000000 0.054617000000 0.594869000000 -0.003454000000 0.077786000000 0.800042000000
349.785591403000 0.153128000000 -0.024074000000 0.072223000000 0.624447000000 0.004603000000 0.072539000000 0.777678000000
349.885540408000 0.205678000000 -0.008476000000 0.097876000000 0.640746000000 -0.016453000000 0.057037000000 0.765455000000
349.985639436000 0.247382000000 0.013078000000 0.130140000000 0.665052000000 -0.008805000000 0.054860000000 0.744727000000
350.085588408000 0.281502000000 0.036743000000 0.165476000000 0.675368000000 0.011809000000 0.072478000000 0.733816000000
350.185537436000 0.316157000000 0.056688000000 0.208410000000 0.674329000000 -0.035277000000 0.060324000000 0.735117000000
350.285486379000 0.333661000000 0.088694000000 0.251923000000 0.679513000000 -0.022931000000 0.082454000000 0.728655000000
350.385585408000 0.337308000000 0.125600000000 0.294219000000 0.684635000000 0.016433000000 0.095942000000 0.722358000000
350.485534408000 0.334740000000 0.153111000000 0.343978000000 0.693124000000 -0.018372000000 0.096836000000 0.714048000000
350.585483408000 0.307244000000 0.193272000000 0.390225000000 0.716376000000 0.021606000000 0.145711000000 0.681987000000
350.685582436000 0.271577000000 0.221890000000 0.441190000000 0.747414000000 0.032933000000 0.177329000000 0.639407000000
350.785532036000 0.235618000000 0.248217000000 0.488878000000 0.779512000000 0.036828000000 0.182519000000 0.598073000000
350.885480436000 0.195019000000 0.285165000000 0.529253000000 0.798684000000 0.098627000000 0.208897000000 0.555642000000
350.985429407000 0.173245000000 0.311550000000 0.579503000000 0.827773000000 0.099541000000 0.217095000000 0.507694000000
351.085528436000 0.167411000000 0.334986000000 0.639334000000 0.862112000000 0.101087000000 0.224624000000 0.442818000000
351.185477407000 0.186087000000 0.378457000000 0.685913000000 0.888547000000 0.094166000000 0.209641000000 0.397074000000
351.285426441000 0.220300000000 0.414110000000 0.730671000000 0.915890000000 0.075767000000 0.196777000000 0.341590000000
351.385525436000 0.260165000000 0.450308000000 0.761557000000 0.938172000000 0.073231000000 0.176662000000 0.288550000000
351.485474436000 0.300198000000 0.481804000000 0.779518000000 0.957656000000 0.047044000000 0.142011000000 0.245998000000
351.585423436000 0.317564000000 0.530502000000 0.788892000000 0.965420000000 0.043628000000 0.134737000000 0.218875000000
351.685372407000 0.312269000000 0.592326000000 0.789818000000 0.964104000000 0.064871000000 0.140822000000 0.215555000000
351.785471407000 0.291885000000 0.658181000000 0.783862000000 0.961358000000 0.082659000000 0.136612000000 0.224265000000
351.885420403000 0.255340000000 0.732076000000 0.778312000000 0.948909000000 0.075068000000 0.167288000000 0.256811000000
351.985369407000 0.212465000000 0.808472000000 0.774902000000 0.937305000000 0.079757000000 0.192197000000 0.279567000000
352.085468436000 0.176891000000 0.884754000000 0.774242000000 0.921252000000 0.094218000000 0.227314000000 0.301240000000
352.185417374000 0.162426000000 0.964160000000 0.776905000000 0.904060000000 0.122152000000 0.242462000000 0.330101000000
352.285366403000 0.178729000000 1.031649000000 0.785093000000 0.901645000000 0.119314000000 0.219226000000 0.353187000000
352.385465407000 0.210806000000 1.092392000000 0.800651000000 0.896707000000 0.105385000000 0.212672000000 0.373606000000
352.485414407000 0.247894000000 1.144526000000 0.824735000000 0.903044000000 0.077899000000 0.174844000000 0.384543000000
352.585363402000 0.259405000000 1.189134000000 0.864126000000 0.906934000000 0.072528000000 0.161827000000 0.382130000000
352.685312402000 0.236238000000 1.228771000000 0.916205000000 0.919258000000 0.072046000000 0.162976000000 0.351016000000
352.785411402000 0.196879000000 1.271487000000 0.978423000000 0.931685000000 0.082282000000 0.177738000000 0.305946000000
352.885360436000 0.155814000000 1.304494000000 1.044715000000 0.941883000000 0.083273000000 0.212343000000 0.246644000000
352.985309436000 0.120892000000 1.328219000000 1.107349000000 0.951870000000 0.096444000000 0.220886000000 0.189343000000
353.085408436000 0.096716000000 1.335975000000 1.169646000000 0.958204000000 0.106407000000 0.233747000000 0.126033000000
353.185357402000 0.090797000000 1.329383000000 1.227530000000 0.964138000000 0.099203000000 0.236642000000 0.067803000000
353.285306583000 0.099751000000 1.320622000000 1.282514000000 0.969037000000 0.098940000000 0.225013000000 0.023415000000
353.385257145000 0.123229000000 1.317203000000 1.335037000000 0.977665000000 0.095482000000 0.187122000000 -0.006277000000
353.485354412000 0.145230000000 1.323511000000 1.389067000000 0.982715000000 0.090278000000 0.160341000000 -0.020312000000
353.585303407000 0.159323000000 1.341308000000 1.441348000000 0.987020000000 0.082976000000 0.136353000000 -0.017743000000
353.685252469000 0.159619000000 1.374530000000 1.498734000000 0.989629000000 0.068695000000 0.126102000000 0.003758000000
353.785351912000 0.141617000000 1.420984000000 1.556893000000 0.989293000000 0.064318000000 0.125048000000 0.039062000000
353.885300402000 0.114852000000 1.473315000000 1.613297000000 0.983773000000 0.051467000000 0.155276000000 0.073700000000
353.985249436000 0.101308000000 1.522451000000 1.654462000000 0.980313000000 0.063009000000 0.154063000000 0.106213000000
354.085198402000 0.114361000000 1.558716000000 1.685481000000 0.977009000000 0.063768000000 0.152759000000 0.134354000000
354.185297407000 0.151689000000 1.578379000000 1.714668000000 0.980577000000 0.051804000000 0.107729000000 0.155496000000
354.285246402000 0.182696000000 1.578608000000 1.758343000000 0.984183000000 0.026479000000 0.084125000000 0.153641000000
354.385195407000 0.185549000000 1.573340000000 1.820926000000 0.987721000000 0.025800000000 0.076400000000 0.133807000000
354.485294402000 0.167840000000 1.559615000000 1.900438000000 0.992523000000 0.024195000000 0.077710000000 0.090955000000
354.585243436000 0.139707000000 1.540512000000 1.984537000000 0.994111000000 0.031740000000 0.094146000000 0.043263000000
354.685192407000 0.109980000000 1.512974000000 2.071574000000 0.992881000000 0.044129000000 0.110127000000 -0.010554000000
354.785141402000 0.083276000000 1.475757000000 2.156889000000 0.988173000000 0.047560000000 0.128574000000 -0.068714000000
354.885240407000 0.058673000000 1.427351000000 2.229655000000 0.978631000000 0.055226000000 0.150315000000 -0.128983000000
354.985189402000 0.048735000000 1.370959000000 2.288275000000 0.967516000000 0.063265000000 0.155492000000 -0.189028000000
355.085138407000 0.056189000000 1.311638000000 2.337780000000 0.957609000000 0.067242000000 0.141607000000 -0.241683000000
355.185237407000 0.071180000000 1.252624000000 2.380212000000 0.949498000000 0.063383000000 0.118403000000 -0.283578000000
355.285186435000 0.078879000000 1.200794000000 2.421303000000 0.943416000000 0.055599000000 0.096675000000 -0.312297000000
355.385135407000 0.064451000000 1.152773000000 2.466005000000 0.936569000000 0.051546000000 0.093634000000 -0.333789000000
355.485084435000 0.029940000000 1.112685000000 2.524962000000 0.931862000000 0.042923000000 0.117012000000 -0.340732000000
355.585183435000 -0.006356000000 1.084948000000 2.599215000000 0.926869000000 0.032440000000 0.146544000000 -0.344073000000
355.685132407000 -0.031628000000 1.077207000000 2.666092000000 0.931879000000 0.033873000000 0.171328000000 -0.317962000000
355.785081402000 -0.038626000000 1.082193000000 2.729111000000 0.938289000000 0.039943000000 0.180066000000 -0.292565000000
355.885180435000 -0.018355000000 1.099942000000 2.781489000000 0.951498000000 0.043402000000 0.162734000000 -0.257461000000
355.985129402000 0.017588000000 1.113887000000 2.827670000000 0.965461000000 0.039086000000 0.125569000000 -0.224920000000
356.085078435000 0.048221000000 1.116094000000 2.879820000000 0.973389000000 0.026081000000 0.099744000000 -0.204658000000
356.185027435000 0.053836000000 1.114255000000 2.938067000000 0.977742000000 0.035921000000 0.083677000000 -0.189021000000
356.285126407000 0.030345000000 1.100641000000 3.005395000000 0.978168000000 0.053715000000 0.082399000000 -0.183063000000
356.385075373000 -0.013469000000 1.067110000000 3.082589000000 0.969015000000 0.064304000000 0.127328000000 -0.201651000000
356.485024407000 -0.055180000000 1.018524000000 3.155240000000 0.954083000000 0.078068000000 0.162675000000 -0.239099000000
356.585123435000 -0.079935000000 0.956143000000 3.211890000000 0.935530000000 0.072644000000 0.190793000000 -0.288279000000
356.685072402000 -0.083399000000 0.887736000000 3.251042000000 0.915710000000 0.055363000000 0.199992000000 -0.344113000000
356.785021402000 -0.069929000000 0.822645000000 3.279894000000 0.898940000000 0.047299000000 0.186358000000 -0.393625000000
356.884970402000 -0.049698000000 0.763276000000 3.298938000000 0.886307000000 0.041462000000 0.162821000000 -0.431544000000
356.985069402000 -0.036197000000 0.711046000000 3.315240000000 0.873656000000 0.038697000000 0.140622000000 -0.464170000000
357.085018402000 -0.045544000000 0.664226000000 3.338147000000 0.860875000000 0.029778000000 0.133124000000 -0.490188000000
357.184967435000 -0.078021000000 0.621393000000 3.379367000000 0.852019000000 0.018883000000 0.150460000000 -0.501067000000
357.285066407000 -0.112488000000 0.586403000000 3.438130000000 0.843558000000 -0.007355000000 0.180726000000 -0.505662000000
357.385015445000 -0.127774000000 0.570746000000 3.506318000000 0.848153000000 -0.012031000000 0.186639000000 -0.495639000000
357.484964435000 -0.121647000000 0.560517000000 3.578087000000 0.858050000000 -0.011366000000 0.179637000000 -0.480990000000
357.584913402000 -0.094850000000 0.548447000000 3.645630000000 0.865997000000 -0.016137000000 0.168117000000 -0.470666000000
357.685012402000 -0.051086000000 0.539294000000 3.701365000000 0.879313000000 0.009393000000 0.120045000000 -0.460772000000
357.784961435000 -0.016025000000 0.518114000000 3.743106000000 0.882609000000 0.028183000000 0.078284000000 -0.462686000000
357.884910749000 -0.008598000000 0.476112000000 3.776562000000 0.873749000000 0.030928000000 0.066593000000 -0.480802000000
357.985009402000 -0.031263000000 0.416436000000 3.808419000000 0.852144000000 0.051286000000 0.064376000000 -0.516794000000
358.084958435000 -0.067161000000 0.341052000000 3.833328000000 0.819483000000 0.033050000000 0.089560000000 -0.565096000000
358.184907406000 -0.107194000000 0.265419000000 3.847012000000 0.773275000000 0.009444000000 0.125145000000 -0.621526000000
358.284856402000 -0.131693000000 0.199229000000 3.847181000000 0.728794000000 -0.000556000000 0.143623000000 -0.669501000000
358.384955406000 -0.134941000000 0.138336000000 3.831791000000 -0.685344000000 0.011550000000 -0.151178000000 0.712261000000
358.484904435000 -0.109809000000 0.083111000000 3.809055000000 -0.644841000000 -0.010482000000 -0.133058000000 0.752573000000
358.584853435000 -0.070802000000 0.031958000000 3.779041000000 -0.608162000000 -0.028174000000 -0.096679000000 0.787400000000
358.684952406000 -0.042143000000 -0.018418000000 3.744297000000 -0.572784000000 -0.040045000000 -0.061293000000 0.816430000000
358.784901402000 -0.043576000000 -0.074468000000 3.710287000000 -0.545245000000 -0.034136000000 -0.051549000000 0.835994000000
358.884850435000 -0.068921000000 -0.140480000000 3.682858000000 -0.526839000000 0.007145000000 -0.058765000000 0.847901000000
358.984799435000 -0.097594000000 -0.210359000000 3.674607000000 -0.517232000000 0.038954000000 -0.080882000000 0.851124000000
359.084898406000 -0.106861000000 -0.277489000000 3.680457000000 -0.524202000000 0.052371000000 -0.095617000000 0.844587000000
359.184847401000 -0.091603000000 -0.332220000000 3.691464000000 -0.534266000000 0.043694000000 -0.093672000000 0.838973000000
359.284796373000 -0.047948000000 -0.365772000000 3.701215000000 -0.545993000000 0.038157000000 -0.069662000000 0.834016000000
359.384895435000 0.007503000000 -0.396367000000 3.699433000000 -0.555753000000 -0.000073000000 -0.031076000000 0.830767000000
359.484844435000 0.047590000000 -0.428378000000 3.682606000000 -0.551817000000 -0.015548000000 0.001655000000 0.833819000000
359.584793435000 0.056317000000 -0.467996000000 3.654664000000 -0.537395000000 -0.032694000000 0.009900000000 0.842638000000
359.684742435000 0.034288000000 -0.529562000000 3.608775000000 -0.502277000000 -0.025661000000 -0.010684000000 0.864260000000
359.784841435000 0.001745000000 -0.586702000000 3.549848000000 -0.452128000000 0.004573000000 -0.033224000000 0.891323000000
359.884790435000 -0.026581000000 -0.634045000000 3.483155000000 -0.393384000000 0.032482000000 -0.058934000000 0.916908000000
359.984739435000 -0.038306000000 -0.664149000000 3.407461000000 -0.325476000000 0.050383000000 -0.070324000000 0.941585000000
360.084838406000 -0.028849000000 -0.670465000000 3.329399000000 -0.254754000000 0.061998000000 -0.067041000000 0.962685000000
360.184787435000 0.001041000000 -0.661980000000 3.259674000000 -0.191379000000 0.033357000000 -0.066766000000 0.978674000000
360.284736435000 0.040970000000 -0.644492000000 3.195156000000 -0.140788000000 0.022786000000 -0.033326000000 0.989216000000
360.384685435000 0.060655000000 -0.634408000000 3.133710000000 -0.105138000000 0.010274000000 -0.005392000000 0.994390000000
360.484784435000 0.047605000000 -0.642963000000 3.066745000000 -0.084748000000 0.023385000000 0.002727000000 0.996124000000
360.584733487000 0.019221000000 -0.677466000000 3.000384000000 -0.092368000000 0.050902000000 -0.006535000000 0.994402000000
360.684682420000 0.000400000000 -0.726679000000 2.942569000000 -0.110030000000 0.081317000000 -0.016158000000 0.990464000000
360.784783282000 0.004187000000 -0.783143000000 2.902448000000 -0.151118000000 0.089361000000 -0.032375000000 0.983936000000
360.884730373000 0.037584000000 -0.832678000000 2.873082000000 -0.184431000000 0.075103000000 -0.026328000000 0.979618000000
360.984679401000 0.090968000000 -0.866370000000 2.846440000000 -0.216010000000 0.049538000000 -0.002465000000 0.975130000000
361.084760272000 0.147716000000 -0.887286000000 2.819483000000 -0.238349000000 0.000171000000 0.026787000000 0.970810000000
361.184684685000 0.174513000000 -0.896886000000 2.781094000000 -0.242022000000 -0.011670000000 0.046158000000 0.969102000000
361.284609069000 0.161156000000 -0.907869000000 2.724978000000 -0.226772000000 -0.011595000000 0.037924000000 0.973140000000
361.384533476000 0.123857000000 -0.924442000000 2.637514000000 -0.190537000000 0.021370000000 0.009208000000 0.981404000000
361.484607852000 0.091032000000 -0.927401000000 2.539529000000 -0.140941000000 0.073674000000 0.005949000000 0.987255000000
361.584532298000 0.073179000000 -0.913810000000 2.444406000000 -0.077932000000 0.114481000000 -0.000685000000 0.990364000000
361.684456677000 0.080377000000 -0.880022000000 2.359796000000 -0.009298000000 0.115993000000 0.005937000000 0.993189000000
361.784531086000 0.104590000000 -0.834908000000 2.287617000000 0.052852000000 0.104326000000 0.015067000000 0.993024000000
361.884455465000 0.140459000000 -0.785279000000 2.221556000000 0.106930000000 0.074522000000 0.021145000000 0.991244000000
361.984379940000 0.168305000000 -0.734787000000 2.161439000000 0.153484000000 0.051497000000 0.051082000000 0.985485000000
362.084322406000 0.167055000000 -0.700012000000 2.100626000000 0.183156000000 0.043777000000 0.056059000000 0.980507000000
362.184421434000 0.138033000000 -0.680378000000 2.024266000000 0.196334000000 0.067935000000 0.062238000000 0.976199000000
362.284370434000 0.106331000000 -0.675030000000 1.937475000000 0.200944000000 0.101870000000 0.066788000000 0.972000000000
362.384319406000 0.082433000000 -0.683969000000 1.851954000000 0.189788000000 0.141114000000 0.069790000000 0.969122000000
362.484418396000 0.076303000000 -0.709895000000 1.783562000000 0.160405000000 0.154500000000 0.049212000000 0.973642000000
362.584367401000 0.095367000000 -0.739464000000 1.731536000000 0.127176000000 0.165158000000 0.049859000000 0.976762000000
362.684316406000 0.144070000000 -0.762625000000 1.692003000000 0.092060000000 0.126883000000 0.057161000000 0.985981000000
362.784265434000 0.191548000000 -0.769076000000 1.653636000000 0.072983000000 0.093152000000 0.084116000000 0.989404000000
362.884364434000 0.208166000000 -0.760593000000 1.603908000000 0.073065000000 0.076911000000 0.092653000000 0.990031000000
362.984313434000 0.193105000000 -0.738044000000 1.538699000000 0.100435000000 0.069435000000 0.072459000000 0.989869000000
363.084262434000 0.160759000000 -0.689187000000 1.454990000000 0.155363000000 0.123741000000 0.072036000000 0.977426000000
363.184365934000 0.136566000000 -0.620420000000 1.384818000000 0.225377000000 0.153379000000 0.069499000000 0.959609000000
363.284310434000 0.127135000000 -0.537519000000 1.333244000000 0.298711000000 0.159607000000 0.061261000000 0.938906000000
363.384259434000 0.132543000000 -0.442203000000 1.300648000000 0.374817000000 0.169959000000 0.088022000000 0.907126000000
363.484208406000 0.157809000000 -0.354503000000 1.287616000000 0.442857000000 0.137761000000 0.097107000000 0.880608000000
363.584307434000 0.177715000000 -0.277761000000 1.277899000000 0.493127000000 0.110650000000 0.114577000000 0.855251000000
363.684256434000 0.178126000000 -0.222179000000 1.249358000000 0.514591000000 0.092986000000 0.123816000000 0.843338000000
363.784206653000 0.154266000000 -0.186242000000 1.194453000000 0.514536000000 0.099785000000 0.128391000000 0.841909000000
363.884304434000 0.126314000000 -0.161436000000 1.126597000000 0.495933000000 0.136054000000 0.135185000000 0.846915000000
363.984253434000 0.118413000000 -0.143824000000 1.053476000000 0.469044000000 0.161998000000 0.128576000000 0.858617000000
364.084202434000 0.147232000000 -0.126282000000 0.985262000000 0.439156000000 0.155641000000 0.115324000000 0.877279000000
364.184151434000 0.199454000000 -0.101855000000 0.926459000000 0.423019000000 0.122796000000 0.130619000000 0.888209000000
364.284250434000 0.239461000000 -0.079374000000 0.875773000000 0.413970000000 0.081360000000 0.125399000000 0.897933000000
364.384199425000 0.236641000000 -0.048122000000 0.830350000000 0.420844000000 0.068956000000 0.119832000000 0.896535000000
364.484148401000 0.192590000000 -0.001162000000 0.782943000000 0.443565000000 0.106504000000 0.125990000000 0.880928000000
364.584247434000 0.138732000000 0.063151000000 0.740475000000 0.492138000000 0.149580000000 0.105199000000 0.851093000000
364.684196401000 0.109866000000 0.141658000000 0.718552000000 0.541108000000 0.183626000000 0.146649000000 0.807451000000
364.784145434000 0.113448000000 0.217231000000 0.717136000000 0.599414000000 0.174623000000 0.151222000000 0.766382000000
364.884094434000 0.133473000000 0.285763000000 0.737651000000 0.653335000000 0.160981000000 0.162386000000 0.721713000000
364.984193405000 0.166981000000 0.338527000000 0.771186000000 0.703004000000 0.126817000000 0.135905000000 0.686464000000
365.084142401000 0.194908000000 0.387068000000 0.811495000000 0.749992000000 0.089095000000 0.115426000000 0.645175000000
365.184091434000 0.197302000000 0.431429000000 0.846621000000 0.784408000000 0.070668000000 0.130151000000 0.602305000000
365.284190401000 0.163031000000 0.472361000000 0.852279000000 0.796185000000 0.079931000000 0.146416000000 0.581604000000
365.384139434000 0.115023000000 0.514836000000 0.832097000000 0.789450000000 0.100600000000 0.166628000000 0.582137000000
365.484088434000 0.077421000000 0.563116000000 0.794875000000 0.776547000000 0.118118000000 0.196800000000 0.586765000000
365.584037434000 0.064677000000 0.616441000000 0.761152000000 0.753874000000 0.132718000000 0.237894000000 0.597886000000
365.684136434000 0.090571000000 0.668680000000 0.736044000000 0.734513000000 0.125741000000 0.235934000000 0.623711000000
365.784085401000 0.144660000000 0.714840000000 0.732881000000 0.729183000000 0.091606000000 0.215911000000 0.642871000000
365.884034434000 0.196861000000 0.761957000000 0.751213000000 0.740619000000 0.048875000000 0.182690000000 0.644763000000
365.984133434000 0.208944000000 0.812312000000 0.785669000000 0.759825000000 0.031536000000 0.180359000000 0.623812000000
366.084082434000 0.174025000000 0.865933000000 0.831384000000 0.785934000000 0.041830000000 0.202768000000 0.582617000000
366.184031400000 0.117487000000 0.917618000000 0.885636000000 0.814296000000 0.071695000000 0.217356000000 0.533421000000
366.283980434000 0.068720000000 0.964453000000 0.952956000000 0.845618000000 0.097467000000 0.229968000000 0.471747000000
366.384079400000 0.034837000000 1.001672000000 1.026255000000 0.876244000000 0.118557000000 0.233716000000 0.404374000000
366.484028405000 0.020490000000 1.026416000000 1.097374000000 0.902241000000 0.140185000000 0.222828000000 0.341551000000
366.583977372000 0.027101000000 1.037725000000 1.165902000000 0.926902000000 0.135658000000 0.208949000000 0.280696000000
366.684076400000 0.043935000000 1.040934000000 1.227363000000 0.945348000000 0.110145000000 0.207097000000 0.226488000000
366.784025400000 0.053810000000 1.046982000000 1.282794000000 0.957074000000 0.088896000000 0.205471000000 0.184086000000
366.883974405000 0.036103000000 1.066997000000 1.332606000000 0.961554000000 0.081874000000 0.209285000000 0.157827000000
366.983923434000 -0.007752000000 1.099365000000 1.373949000000 0.955623000000 0.086729000000 0.236085000000 0.153386000000
367.084022400000 -0.049863000000 1.146435000000 1.407030000000 0.944353000000 0.090446000000 0.265254000000 0.172214000000
367.183971400000 -0.068795000000 1.205294000000 1.433017000000 0.932867000000 0.107818000000 0.275665000000 0.205291000000
367.283920434000 -0.051848000000 1.265420000000 1.458585000000 0.929378000000 0.105872000000 0.252774000000 0.247290000000
367.384019405000 -0.015338000000 1.318681000000 1.490783000000 0.929929000000 0.086533000000 0.228835000000 0.274553000000
367.483968400000 0.029283000000 1.366128000000 1.524402000000 0.932440000000 0.071208000000 0.195621000000 0.295328000000
367.583917376000 0.067164000000 1.401911000000 1.561368000000 0.937073000000 0.059461000000 0.155890000000 0.306687000000
367.683866434000 0.075553000000 1.418834000000 1.602552000000 0.942347000000 0.044627000000 0.142454000000 0.299495000000
367.783965376000 0.044127000000 1.431957000000 1.654936000000 0.948403000000 0.046927000000 0.151913000000 0.274321000000
367.883914391000 -0.003702000000 1.443109000000 1.719891000000 0.955378000000 0.063266000000 0.173440000000 0.230585000000
367.983863372000 -0.051387000000 1.446057000000 1.794633000000 0.957485000000 0.081818000000 0.216139000000 0.172663000000
368.083962405000 -0.082707000000 1.438160000000 1.871691000000 0.960829000000 0.103906000000 0.232764000000 0.108776000000
368.183911433000 -0.089675000000 1.414659000000 1.949385000000 0.966231000000 0.106511000000 0.231540000000 0.037965000000
368.283860433000 -0.073719000000 1.383073000000 2.013701000000 0.970404000000 0.103712000000 0.216462000000 -0.026549000000
368.383809405000 -0.041903000000 1.355543000000 2.068976000000 0.976509000000 0.097596000000 0.176361000000 -0.076166000000
368.483908405000 -0.012868000000 1.334470000000 2.117678000000 0.980167000000 0.076894000000 0.144390000000 -0.111851000000
368.583857433000 -0.014061000000 1.322085000000 2.161901000000 0.980099000000 0.069063000000 0.131822000000 -0.131375000000
368.683806400000 -0.050470000000 1.317203000000 2.209933000000 0.975420000000 0.073152000000 0.149421000000 -0.144491000000
368.783905400000 -0.091960000000 1.324436000000 2.259185000000 0.972873000000 0.071646000000 0.172597000000 -0.136363000000
368.883854433000 -0.122435000000 1.340391000000 2.318356000000 0.970509000000 0.062796000000 0.200420000000 -0.118324000000
368.983803433000 -0.132888000000 1.362916000000 2.371327000000 0.969235000000 0.055970000000 0.222431000000 -0.089308000000
369.083752405000 -0.115553000000 1.386214000000 2.414580000000 0.975796000000 0.057091000000 0.204070000000 -0.054018000000
369.183853729000 -0.077160000000 1.395207000000 2.451129000000 0.981184000000 0.024191000000 0.188414000000 -0.034552000000
369.283800400000 -0.044793000000 1.392191000000 2.481760000000 0.987966000000 0.008751000000 0.153025000000 -0.020728000000
369.383749433000 -0.047689000000 1.372422000000 2.524317000000 0.986614000000 0.000586000000 0.159823000000 -0.032389000000
369.483848400000 -0.084883000000 1.334354000000 2.572595000000 0.980339000000 -0.004758000000 0.183813000000 -0.071598000000
369.583797400000 -0.138590000000 1.286949000000 2.625962000000 0.968801000000 0.010677000000 0.218222000000 -0.117002000000
369.683746433000 -0.183104000000 1.228481000000 2.678769000000 0.954120000000 0.011764000000 0.246642000000 -0.169364000000
369.783695433000 -0.204097000000 1.159682000000 2.731456000000 0.935508000000 0.007423000000 0.262450000000 -0.236408000000
369.883794400000 -0.198690000000 1.092056000000 2.780154000000 0.922758000000 0.023694000000 0.248484000000 -0.293620000000
369.983743405000 -0.174437000000 1.019338000000 2.814522000000 0.908814000000 0.033537000000 0.216279000000 -0.355183000000
370.083692405000 -0.140183000000 0.946561000000 2.835596000000 0.887914000000 0.018048000000 0.196149000000 -0.415703000000
370.183791405000 -0.105857000000 0.887011000000 2.852877000000 0.871871000000 0.018498000000 0.153584000000 -0.464661000000
370.283740433000 -0.098737000000 0.838000000000 2.871793000000 0.854602000000 0.005353000000 0.144065000000 -0.498871000000
370.383689400000 -0.126932000000 0.800165000000 2.896912000000 0.841027000000 -0.000347000000 0.152698000000 -0.518996000000
370.483638433000 -0.175285000000 0.774914000000 2.944174000000 0.836555000000 -0.006599000000 0.183469000000 -0.516209000000
370.583737433000 -0.213664000000 0.759338000000 3.009296000000 0.843221000000 -0.014972000000 0.202065000000 -0.497920000000
370.683686405000 -0.233025000000 0.750760000000 3.082536000000 0.854853000000 -0.010148000000 0.225442000000 -0.467225000000
370.783635433000 -0.213942000000 0.746757000000 3.157284000000 0.879179000000 0.017262000000 0.213612000000 -0.425578000000
370.883734400000 -0.168523000000 0.734768000000 3.222603000000 0.902176000000 0.019628000000 0.168941000000 -0.396423000000
370.983683433000 -0.130263000000 0.716389000000 3.275433000000 0.911242000000 0.004843000000 0.152804000000 -0.382447000000
371.083632433000 -0.110599000000 0.700509000000 3.314414000000 0.922065000000 0.011195000000 0.118904000000 -0.368149000000
371.183581404000 -0.125934000000 0.667388000000 3.350811000000 0.916024000000 0.010410000000 0.125923000000 -0.380704000000
371.283680371000 -0.158598000000 0.616872000000 3.376503000000 0.903014000000 0.018261000000 0.132791000000 -0.408166000000
371.383629433000 -0.187721000000 0.546948000000 3.405118000000 0.881119000000 0.023911000000 0.146091000000 -0.449127000000
371.483578404000 -0.201144000000 0.472657000000 3.431114000000 0.847583000000 0.005670000000 0.162612000000 -0.505102000000
371.583677433000 -0.195020000000 0.407330000000 3.444825000000 0.811113000000 -0.002194000000 0.159287000000 -0.562778000000
371.683626433000 -0.177855000000 0.352984000000 3.437783000000 0.776381000000 -0.005159000000 0.135262000000 -0.615556000000
371.783575404000 -0.166040000000 0.302132000000 3.422007000000 0.737939000000 -0.016137000000 0.123583000000 -0.663259000000
371.883674433000 -0.145747000000 0.258520000000 3.404881000000 -0.701456000000 -0.014315000000 -0.101699000000 0.705274000000
371.983623400000 -0.135215000000 0.215928000000 3.377481000000 -0.662802000000 -0.008638000000 -0.078274000000 0.744642000000
372.083572433000 -0.169161000000 0.173534000000 3.348256000000 -0.622812000000 0.016207000000 -0.099756000000 0.775817000000
372.183521433000 -0.228471000000 0.131498000000 3.329477000000 -0.587239000000 0.053560000000 -0.137262000000 0.795890000000
372.283620433000 -0.279357000000 0.091297000000 3.334104000000 -0.573022000000 0.084793000000 -0.162656000000 0.798749000000
372.383569433000 -0.306666000000 0.040432000000 3.364707000000 -0.580298000000 0.098712000000 -0.179584000000 0.788200000000
372.483518404000 -0.300346000000 -0.020305000000 3.403502000000 -0.594338000000 0.113911000000 -0.185447000000 0.774207000000
372.583617433000 -0.254057000000 -0.081943000000 3.443658000000 -0.617987000000 0.101591000000 -0.156487000000 0.763730000000
372.683566433000 -0.191389000000 -0.134160000000 3.475096000000 -0.637777000000 0.083196000000 -0.106723000000 0.758241000000
372.783515404000 -0.136188000000 -0.179582000000 3.492728000000 -0.645447000000 0.067590000000 -0.075992000000 0.757004000000
372.883464399000 -0.099703000000 -0.220763000000 3.497163000000 -0.641450000000 0.031987000000 -0.044001000000 0.765234000000
372.983563433000 -0.095827000000 -0.274873000000 3.478214000000 -0.615302000000 0.027864000000 -0.035426000000 0.787002000000
373.083512433000 -0.111035000000 -0.334983000000 3.443380000000 -0.570871000000 0.019180000000 -0.045739000000 0.819540000000
373.183461404000 -0.121807000000 -0.393115000000 3.399987000000 -0.511964000000 0.024319000000 -0.047435000000 0.857351000000
373.283560399000 -0.122029000000 -0.439581000000 3.359845000000 -0.454604000000 0.046241000000 -0.040778000000 0.888557000000
373.383509404000 -0.106386000000 -0.477599000000 3.329894000000 -0.398320000000 0.046361000000 -0.034227000000 0.915434000000
373.483458404000 -0.077529000000 -0.500492000000 3.307776000000 -0.347779000000 0.051870000000 -0.005983000000 0.936122000000
373.583407404000 -0.055288000000 -0.516292000000 3.294621000000 -0.310420000000 0.036040000000 0.007328000000 0.949888000000
373.683506433000 -0.044180000000 -0.532844000000 3.280789000000 -0.276882000000 0.024242000000 0.008817000000 0.960557000000
373.783455433000 -0.044374000000 -0.546048000000 3.264432000000 -0.255931000000 0.037662000000 0.020867000000 0.965736000000
373.883404433000 -0.051877000000 -0.556267000000 3.238611000000 -0.237985000000 0.038877000000 -0.001441000000 0.970489000000
373.983503404000 -0.049015000000 -0.568711000000 3.209564000000 -0.219081000000 0.027849000000 -0.010459000000 0.975253000000
374.083452399000 -0.039726000000 -0.589361000000 3.173426000000 -0.212661000000 0.046860000000 0.002107000000 0.976000000000
374.183401433000 -0.019542000000 -0.614465000000 3.133970000000 -0.209588000000 0.059131000000 0.022238000000 0.975747000000
374.283350433000 0.010939000000 -0.638210000000 3.103960000000 -0.215178000000 0.042291000000 0.041979000000 0.974755000000
374.383449452000 0.034245000000 -0.657153000000 3.076613000000 -0.221638000000 0.034729000000 0.052712000000 0.973084000000
374.483398399000 0.045455000000 -0.672645000000 3.053910000000 -0.226654000000 0.031546000000 0.056220000000 0.971840000000
374.583347433000 0.053244000000 -0.691117000000 3.029607000000 -0.227747000000 0.037717000000 0.057786000000 0.971272000000
374.683446404000 0.061870000000 -0.710461000000 3.008944000000 -0.223859000000 0.031671000000 0.062705000000 0.972086000000
374.783395433000 0.065165000000 -0.733256000000 2.986280000000 -0.217811000000 0.036280000000 0.062142000000 0.973335000000
374.883345918000 0.065601000000 -0.762466000000 2.964027000000 -0.209404000000 0.038889000000 0.056221000000 0.975437000000
374.983293456000 0.071925000000 -0.793966000000 2.943323000000 -0.201069000000 0.037544000000 0.052575000000 0.977444000000
375.083392452000 0.095416000000 -0.813203000000 2.938558000000 -0.177728000000 -0.053023000000 0.068934000000 0.980229000000
375.183341404000 0.105375000000 -0.845511000000 2.922212000000 -0.173743000000 -0.065126000000 0.069882000000 0.980147000000
375.283290432000 0.109321000000 -0.881494000000 2.896864000000 -0.170163000000 -0.039902000000 0.054696000000 0.983087000000
375.383389399000 0.115909000000 -0.913053000000 2.873030000000 -0.174376000000 -0.026807000000 0.059558000000 0.982511000000
375.483338432000 0.104082000000 -0.948617000000 2.848237000000 -0.180636000000 -0.004645000000 0.044414000000 0.982536000000
375.583287404000 0.078201000000 -0.987622000000 2.810807000000 -0.165266000000 0.000725000000 -0.000089000000 0.986249000000
375.683236404000 0.051711000000 -1.017839000000 2.767112000000 -0.152285000000 0.014938000000 -0.016783000000 0.988081000000
375.783335399000 0.029615000000 -1.045931000000 2.716412000000 -0.147179000000 0.053186000000 -0.030042000000 0.987222000000
375.883284404000 0.022342000000 -1.063722000000 2.669599000000 -0.149987000000 0.040747000000 -0.030335000000 0.987382000000
375.983233399000 0.027152000000 -1.072594000000 2.612376000000 -0.159517000000 0.048748000000 -0.020578000000 0.985776000000
376.083322046000 0.047072000000 -1.076641000000 2.552793000000 -0.165561000000 0.056836000000 -0.023064000000 0.984290000000
376.183256753000 0.086685000000 -1.076493000000 2.497253000000 -0.172889000000 0.035652000000 -0.025413000000 0.983968000000
376.283191432000 0.128812000000 -1.078920000000 2.451149000000 -0.181614000000 0.007793000000 -0.018624000000 0.983163000000
376.383126168000 0.147565000000 -1.093683000000 2.418691000000 -0.204075000000 0.010934000000 -0.028918000000 0.978467000000
376.483210820000 0.138102000000 -1.119561000000 2.404329000000 -0.239444000000 0.011124000000 -0.066801000000 0.968546000000
376.583145528000 0.109633000000 -1.149420000000 2.390757000000 -0.268445000000 0.012863000000 -0.094473000000 0.958565000000
376.683080268000 0.078157000000 -1.177295000000 2.369091000000 -0.280087000000 0.040051000000 -0.099207000000 0.953994000000
376.783164925000 0.051632000000 -1.198480000000 2.342147000000 -0.278400000000 0.063843000000 -0.100968000000 0.953007000000
376.883099628000 0.032399000000 -1.214744000000 2.300573000000 -0.260759000000 0.083251000000 -0.096951000000 0.956909000000
376.983034335000 0.027839000000 -1.226637000000 2.247537000000 -0.230290000000 0.079471000000 -0.099544000000 0.964750000000
377.082979399000 0.041339000000 -1.237965000000 2.185070000000 -0.188868000000 0.075271000000 -0.103256000000 0.973654000000
377.183078404000 0.075090000000 -1.242263000000 2.125830000000 -0.150378000000 0.053686000000 -0.098685000000 0.982225000000
377.283027404000 0.110253000000 -1.236878000000 2.072790000000 -0.107531000000 0.041525000000 -0.077845000000 0.990279000000
377.382976399000 0.132145000000 -1.223287000000 2.031540000000 -0.069267000000 0.032025000000 -0.060772000000 0.995230000000
377.483075432000 0.132501000000 -1.206815000000 1.992140000000 -0.029224000000 0.029023000000 -0.056820000000 0.997535000000
377.583024432000 0.114641000000 -1.193165000000 1.956881000000 0.002129000000 0.035315000000 -0.056702000000 0.997764000000
377.682973432000 0.086219000000 -1.180542000000 1.926769000000 0.023347000000 0.069928000000 -0.049050000000 0.996072000000
377.782922432000 0.065343000000 -1.173441000000 1.901588000000 0.034101000000 0.091475000000 -0.050266000000 0.993953000000
377.883021432000 0.063958000000 -1.178901000000 1.876710000000 0.022353000000 0.102106000000 -0.045163000000 0.993496000000
377.982970432000 0.077544000000 -1.202574000000 1.855911000000 -0.015386000000 0.086742000000 -0.040394000000 0.995293000000
378.082919399000 0.090906000000 -1.239279000000 1.836758000000 -0.061533000000 0.089738000000 -0.046272000000 0.992985000000
378.183018432000 0.106252000000 -1.281605000000 1.839594000000 -0.122020000000 0.063445000000 -0.067008000000 0.988229000000
378.282967432000 0.118447000000 -1.312792000000 1.848615000000 -0.176447000000 0.050707000000 -0.062386000000 0.981022000000
378.382916432000 0.122993000000 -1.346396000000 1.852570000000 -0.221191000000 0.068587000000 -0.074814000000 0.969935000000
378.482865432000 0.138179000000 -1.377796000000 1.866786000000 -0.267714000000 0.072603000000 -0.083242000000 0.957146000000
378.582964432000 0.167201000000 -1.399517000000 1.897516000000 -0.306305000000 0.027884000000 -0.085668000000 0.947661000000
378.682913403000 0.199445000000 -1.408178000000 1.924441000000 -0.328216000000 -0.003590000000 -0.072227000000 0.941831000000
378.782862432000 0.219985000000 -1.406150000000 1.936856000000 -0.334342000000 -0.015829000000 -0.058372000000 0.940509000000
378.882961432000 0.219454000000 -1.394466000000 1.929959000000 -0.313991000000 -0.016733000000 -0.050256000000 0.947947000000
378.982910403000 0.200746000000 -1.376024000000 1.911013000000 -0.275941000000 -0.001961000000 -0.046523000000 0.960046000000
379.082859375000 0.170228000000 -1.349209000000 1.885433000000 -0.224457000000 0.036153000000 -0.035478000000 0.973167000000
379.182808432000 0.135842000000 -1.314115000000 1.859770000000 -0.162950000000 0.069098000000 -0.023524000000 0.983931000000
379.282907432000 0.105240000000 -1.274342000000 1.843984000000 -0.097129000000 0.088517000000 -0.029879000000 0.990877000000
379.382856403000 0.093808000000 -1.219028000000 1.836391000000 -0.039218000000 0.082210000000 -0.032623000000 0.995309000000
379.482805398000 0.103057000000 -1.151181000000 1.826725000000 0.023327000000 0.061056000000 -0.028539000000 0.997454000000
379.582904398000 0.124197000000 -1.076163000000 1.817756000000 0.085485000000 0.042294000000 -0.008009000000 0.995409000000
379.682853403000 0.144604000000 -1.007893000000 1.814362000000 0.135550000000 0.018714000000 0.009427000000 0.990549000000
379.782802432000 0.146410000000 -0.951990000000 1.808673000000 0.165489000000 0.008936000000 0.018937000000 0.985989000000
379.882751403000 0.127295000000 -0.899148000000 1.793601000000 0.195292000000 0.018613000000 0.019595000000 0.980373000000
379.982850403000 0.102816000000 -0.847710000000 1.773973000000 0.212864000000 0.063858000000 0.039293000000 0.974201000000
380.082799432000 0.086912000000 -0.798274000000 1.752902000000 0.229383000000 0.077973000000 0.055821000000 0.968601000000
380.182748432000 0.086910000000 -0.747343000000 1.732465000000 0.244936000000 0.074846000000 0.056327000000 0.965003000000
380.282847398000 0.103046000000 -0.698859000000 1.713781000000 0.262517000000 0.062103000000 0.047614000000 0.961749000000
380.382796432000 0.122495000000 -0.653884000000 1.693413000000 0.274287000000 0.041033000000 0.048517000000 0.959546000000
380.482745403000 0.130388000000 -0.622970000000 1.664764000000 0.283449000000 0.028267000000 0.038416000000 0.957800000000
380.582694403000 0.121698000000 -0.599606000000 1.633052000000 0.299821000000 0.030059000000 0.041961000000 0.952598000000
380.682793436000 0.099885000000 -0.575746000000 1.598633000000 0.319200000000 0.046832000000 0.049304000000 0.945245000000
380.782742403000 0.072413000000 -0.552376000000 1.556105000000 0.341381000000 0.081976000000 0.050747000000 0.934967000000
380.882691374000 0.059437000000 -0.534859000000 1.508639000000 0.360762000000 0.097349000000 0.044930000000 0.926474000000
380.982790403000 0.061680000000 -0.521967000000 1.453032000000 0.376751000000 0.106837000000 0.030862000000 0.919615000000
381.082739403000 0.073039000000 -0.517576000000 1.398148000000 0.386909000000 0.103959000000 0.034061000000 0.915606000000
381.182688432000 0.083230000000 -0.521525000000 1.344926000000 0.384778000000 0.104474000000 0.040242000000 0.916194000000
381.282787432000 0.092384000000 -0.535776000000 1.294117000000 0.370276000000 0.110688000000 0.043150000000 0.921293000000
381.382736403000 0.108415000000 -0.557807000000 1.250965000000 0.345418000000 0.100251000000 0.028114000000 0.932655000000
381.482685374000 0.130042000000 -0.573496000000 1.209652000000 0.316488000000 0.085508000000 0.026312000000 0.944368000000
381.582634403000 0.153481000000 -0.582512000000 1.176131000000 0.287340000000 0.061628000000 0.021164000000 0.955610000000
381.682733403000 0.169622000000 -0.572960000000 1.147005000000 0.267747000000 0.042115000000 0.024287000000 0.962262000000
381.782682403000 0.165668000000 -0.545181000000 1.117610000000 0.256309000000 0.046254000000 0.029949000000 0.965023000000
381.882631393000 0.147120000000 -0.499522000000 1.091800000000 0.259849000000 0.058039000000 0.029740000000 0.963445000000
381.982730431000 0.125123000000 -0.431519000000 1.068169000000 0.279856000000 0.084657000000 0.045777000000 0.955206000000
382.082679389000 0.107157000000 -0.352719000000 1.051363000000 0.311682000000 0.099933000000 0.044537000000 0.943867000000
382.182628403000 0.099617000000 -0.269879000000 1.043400000000 0.350224000000 0.105949000000 0.050388000000 0.929290000000
382.282577431000 0.102938000000 -0.202199000000 1.044876000000 0.394374000000 0.082115000000 0.018188000000 0.915093000000
382.382676403000 0.111545000000 -0.148577000000 1.051709000000 0.416146000000 0.066129000000 0.001677000000 0.906889000000
382.482625431000 0.119996000000 -0.098980000000 1.058070000000 0.444421000000 0.049923000000 0.005996000000 0.894406000000
382.582574431000 0.118889000000 -0.051726000000 1.060106000000 0.474649000000 0.049732000000 0.025000000000 0.878413000000
382.682673398000 0.106869000000 -0.014471000000 1.056080000000 0.502177000000 0.063617000000 0.043715000000 0.861313000000
382.782622374000 0.087897000000 0.010846000000 1.039590000000 0.519244000000 0.087998000000 0.055518000000 0.848269000000
382.882571431000 0.072658000000 0.024329000000 1.010670000000 0.532037000000 0.102784000000 0.063669000000 0.838044000000
382.982520403000 0.065102000000 0.031486000000 0.971465000000 0.538498000000 0.112640000000 0.079121000000 0.831307000000
383.082619398000 0.061706000000 0.027327000000 0.921051000000 0.536298000000 0.120104000000 0.081235000000 0.831481000000
383.182568431000 0.062625000000 0.017173000000 0.863896000000 0.524594000000 0.133158000000 0.087151000000 0.836346000000
383.282517431000 0.072318000000 0.000877000000 0.805732000000 0.509209000000 0.135281000000 0.089586000000 0.845210000000
383.382616431000 0.089536000000 -0.021117000000 0.751145000000 0.488333000000 0.129059000000 0.076531000000 0.859661000000
383.482565398000 0.112004000000 -0.043827000000 0.706501000000 0.462464000000 0.116397000000 0.058223000000 0.877034000000
383.582514431000 0.136718000000 -0.067465000000 0.670593000000 0.430408000000 0.097381000000 0.036453000000 0.896625000000
383.682463403000 0.160014000000 -0.091330000000 0.643557000000 0.391465000000 0.075989000000 0.018374000000 0.916866000000
383.782562398000 0.180640000000 -0.110799000000 0.623546000000 0.347860000000 0.052517000000 0.008740000000 0.936034000000
383.882511431000 0.190484000000 -0.125792000000 0.609137000000 0.295665000000 0.041116000000 0.007331000000 0.954378000000
383.982460403000 0.188751000000 -0.137972000000 0.602673000000 0.239229000000 0.035462000000 -0.005270000000 0.970301000000
384.082559398000 0.187577000000 -0.140503000000 0.603243000000 0.184747000000 0.028716000000 -0.026917000000 0.981998000000
384.182508398000 0.196289000000 -0.133847000000 0.611837000000 0.138049000000 0.015177000000 -0.037180000000 0.989611000000
384.282457398000 0.209793000000 -0.127354000000 0.625991000000 0.090736000000 -0.001125000000 -0.038116000000 0.995145000000
384.382406369000 0.221037000000 -0.131928000000 0.644618000000 0.039384000000 -0.013078000000 -0.032958000000 0.998595000000
384.482505402000 0.224470000000 -0.126037000000 0.671315000000 -0.019073000000 -0.014652000000 -0.022327000000 0.999461000000
384.582454431000 0.223201000000 -0.141954000000 0.693888000000 -0.070757000000 0.007900000000 -0.007580000000 0.997434000000
384.682403431000 0.214989000000 -0.167694000000 0.719661000000 -0.111487000000 0.021700000000 -0.004535000000 0.993519000000
384.782502402000 0.202341000000 -0.192585000000 0.747405000000 -0.144056000000 0.036134000000 -0.004368000000 0.988900000000
384.882451431000 0.183627000000 -0.219428000000 0.776316000000 -0.166126000000 0.053248000000 -0.015946000000 0.984537000000
384.982400398000 0.163329000000 -0.231042000000 0.806833000000 -0.178743000000 0.069665000000 -0.024691000000 0.981116000000
385.082349398000 0.141570000000 -0.224512000000 0.839540000000 -0.181456000000 0.084408000000 -0.028146000000 0.979366000000
385.182448431000 0.118959000000 -0.202928000000 0.872284000000 -0.172229000000 0.091122000000 -0.037213000000 0.980127000000
385.282397402000 0.102252000000 -0.165900000000 0.901369000000 -0.148353000000 0.097521000000 -0.041122000000 0.983255000000
385.382346431000 0.092849000000 -0.120300000000 0.924643000000 -0.114120000000 0.098703000000 -0.040947000000 0.987703000000
385.482445383000 0.096934000000 -0.076731000000 0.947011000000 -0.081563000000 0.090731000000 -0.045935000000 0.991466000000
385.582394402000 0.116980000000 -0.032841000000 0.966578000000 -0.048787000000 0.071609000000 -0.038767000000 0.995484000000
385.682343398000 0.139116000000 0.012388000000 0.995471000000 -0.020458000000 0.053514000000 -0.029679000000 0.997916000000
385.782292431000 0.160881000000 0.050742000000 1.025313000000 0.003116000000 0.034133000000 -0.020607000000 0.999200000000
385.882391398000 0.178727000000 0.085670000000 1.049221000000 0.024527000000 0.012929000000 -0.017296000000 0.999466000000
385.982342636000 0.185642000000 0.123536000000 1.067861000000 0.047736000000 0.005683000000 -0.006586000000 0.998822000000
386.082289431000 0.172701000000 0.167842000000 1.084310000000 0.077241000000 0.009719000000 -0.003331000000 0.996959000000
386.182388402000 0.147150000000 0.216564000000 1.099485000000 0.108888000000 0.025225000000 0.001241000000 0.993733000000
386.282337431000 0.117712000000 0.265686000000 1.117272000000 0.140122000000 0.040583000000 0.010429000000 0.989247000000
386.382286402000 0.092093000000 0.314228000000 1.136708000000 0.172805000000 0.063379000000 0.014507000000 0.982808000000
386.482235431000 0.065249000000 0.367393000000 1.173185000000 0.209653000000 0.070605000000 0.016789000000 0.975079000000
386.582334397000 0.041972000000 0.418710000000 1.200896000000 0.243770000000 0.090468000000 0.037804000000 0.964864000000
386.682283402000 0.020136000000 0.462581000000 1.237596000000 0.277352000000 0.103173000000 0.050785000000 0.953862000000
386.782232431000 0.005178000000 0.505052000000 1.278852000000 0.314206000000 0.101814000000 0.048283000000 0.942644000000
386.882331431000 -0.004770000000 0.547296000000 1.314049000000 0.349929000000 0.102793000000 0.063021000000 0.928984000000
386.982280397000 -0.008733000000 0.583222000000 1.352884000000 0.383815000000 0.101194000000 0.066553000000 0.915432000000
387.082229431000 -0.002409000000 0.608320000000 1.392349000000 0.415170000000 0.090511000000 0.061611000000 0.903131000000
387.182178431000 0.013088000000 0.629675000000 1.427123000000 0.447472000000 0.075399000000 0.060291000000 0.889072000000
387.282277431000 0.033054000000 0.640178000000 1.459012000000 0.478484000000 0.055611000000 0.055685000000 0.874562000000
387.382226397000 0.049408000000 0.643060000000 1.494151000000 0.513050000000 0.035658000000 0.046415000000 0.856361000000
387.482175402000 0.052046000000 0.658167000000 1.536161000000 0.552253000000 0.029218000000 0.055575000000 0.831309000000
387.582274373000 0.034323000000 0.665197000000 1.563900000000 0.588942000000 0.038193000000 0.072995000000 0.803965000000
387.682223402000 0.004834000000 0.661446000000 1.595879000000 0.622713000000 0.051649000000 0.081610000000 0.776467000000
387.782172431000 -0.029451000000 0.648926000000 1.636465000000 0.657317000000 0.073034000000 0.099929000000 0.743381000000
387.882121397000 -0.060430000000 0.634283000000 1.683792000000 0.690444000000 0.089849000000 0.117030000000 0.708180000000
387.982220431000 -0.086581000000 0.628515000000 1.736790000000 0.722216000000 0.105412000000 0.121909000000 0.672629000000
388.082169431000 -0.100859000000 0.635336000000 1.790641000000 0.749763000000 0.112738000000 0.125954000000 0.639750000000
388.182118369000 -0.096747000000 0.649047000000 1.854577000000 0.780836000000 0.100214000000 0.121428000000 0.604572000000
388.282217997000 -0.082993000000 0.672035000000 1.921642000000 0.809646000000 0.085490000000 0.107843000000 0.570557000000
388.382166430000 -0.065529000000 0.692225000000 1.995135000000 0.835762000000 0.064408000000 0.086665000000 0.538370000000
388.482115369000 -0.060190000000 0.714732000000 2.068432000000 0.857620000000 0.051807000000 0.073646000000 0.506339000000
388.582064388000 -0.075208000000 0.737040000000 2.143064000000 0.874605000000 0.055547000000 0.077230000000 0.475412000000
388.682163397000 -0.102176000000 0.763722000000 2.214459000000 0.887312000000 0.070413000000 0.088256000000 0.447135000000
388.782112430000 -0.126921000000 0.784367000000 2.286589000000 0.900054000000 0.077330000000 0.106117000000 0.415526000000
388.882061430000 -0.143139000000 0.794972000000 2.355032000000 0.912675000000 0.086981000000 0.116949000000 0.381813000000
388.982160430000 -0.143658000000 0.802732000000 2.422239000000 0.928579000000 0.093327000000 0.105443000000 0.343383000000
389.082109373000 -0.134804000000 0.811447000000 2.492516000000 0.944207000000 0.086706000000 0.095041000000 0.303187000000
389.182058688000 -0.121993000000 0.819085000000 2.551165000000 0.957434000000 0.086512000000 0.065063000000 0.267587000000
389.282007430000 -0.123361000000 0.830955000000 2.604343000000 0.967580000000 0.085151000000 0.055457000000 0.231218000000
389.382106397000 -0.145450000000 0.852388000000 2.651442000000 0.973958000000 0.085194000000 0.065876000000 0.199522000000
389.482055402000 -0.178298000000 0.890235000000 2.692509000000 0.975463000000 0.093140000000 0.091834000000 0.177098000000
389.582004402000 -0.205540000000 0.942916000000 2.731073000000 0.972081000000 0.098435000000 0.134267000000 0.165353000000
389.682103430000 -0.209594000000 1.000636000000 2.764485000000 0.973018000000 0.088289000000 0.142863000000 0.158214000000
389.782052402000 -0.194040000000 1.051934000000 2.791419000000 0.974289000000 0.074572000000 0.141350000000 0.158811000000
389.882001397000 -0.164782000000 1.090611000000 2.814893000000 0.978212000000 0.072282000000 0.107358000000 0.162327000000
389.981950397000 -0.140002000000 1.111513000000 2.839423000000 0.980751000000 0.067424000000 0.077552000000 0.166031000000
390.082049397000 -0.142257000000 1.118684000000 2.871112000000 0.982729000000 0.063679000000 0.067552000000 0.160077000000
390.181998402000 -0.174895000000 1.113594000000 2.913897000000 0.983481000000 0.069176000000 0.094082000000 0.138304000000
390.281947430000 -0.216420000000 1.092283000000 2.966964000000 0.983656000000 0.081553000000 0.121898000000 0.104453000000
390.382046430000 -0.246671000000 1.056098000000 3.027604000000 0.984639000000 0.073909000000 0.143757000000 0.066017000000
390.481995402000 -0.265273000000 1.013276000000 3.097833000000 0.985405000000 0.071051000000 0.153178000000 0.021579000000
390.581944397000 -0.268300000000 0.964434000000 3.169535000000 0.984927000000 0.074264000000 0.154074000000 -0.025766000000
390.682043430000 -0.249670000000 0.912285000000 3.239200000000 0.985917000000 0.068482000000 0.134487000000 -0.072044000000
390.781992383000 -0.217109000000 0.865115000000 3.295412000000 0.986169000000 0.069332000000 0.101160000000 -0.111494000000
390.881941430000 -0.182107000000 0.818672000000 3.327664000000 0.984839000000 0.058206000000 0.070373000000 -0.147486000000
390.981890430000 -0.168163000000 0.773156000000 3.347532000000 0.980715000000 0.056450000000 0.050845000000 -0.180072000000
391.081978325000 -0.193363000000 0.726349000000 3.370952000000 0.971446000000 0.051467000000 0.066264000000 -0.221931000000
391.181911866000 -0.245701000000 0.675263000000 3.398044000000 0.953970000000 0.049551000000 0.112385000000 -0.273597000000
391.281845374000 -0.301530000000 0.622754000000 3.427532000000 0.932951000000 0.055851000000 0.150256000000 -0.322344000000
391.381928830000 -0.341252000000 0.566921000000 3.467204000000 0.905975000000 0.052915000000 0.184805000000 -0.377168000000
391.481862338000 -0.348415000000 0.515962000000 3.506862000000 0.881887000000 0.033119000000 0.187623000000 -0.431250000000
391.581795874000 -0.329437000000 0.475172000000 3.540019000000 0.858486000000 0.040173000000 0.172736000000 -0.481197000000
391.681729382000 -0.289746000000 0.443691000000 3.562008000000 0.838192000000 0.058504000000 0.135184000000 -0.525106000000
391.781812838000 -0.248546000000 0.410757000000 3.568024000000 0.815338000000 0.066511000000 0.106798000000 -0.565150000000
391.881746346000 -0.210444000000 0.377718000000 3.557115000000 0.788882000000 0.087350000000 0.075105000000 -0.603651000000
391.981679883000 -0.197133000000 0.341922000000 3.526880000000 0.757725000000 0.088635000000 0.058748000000 -0.643852000000
392.081774585000 -0.222361000000 0.302649000000 3.505076000000 0.731654000000 0.080047000000 0.073540000000 -0.672953000000
392.181723556000 -0.267797000000 0.253400000000 3.474303000000 -0.702245000000 -0.053274000000 -0.102691000000 0.702473000000
392.281672585000 -0.309135000000 0.203780000000 3.434426000000 -0.673692000000 -0.021446000000 -0.125965000000 0.727882000000
392.381621552000 -0.336210000000 0.146738000000 3.390569000000 -0.640582000000 0.002150000000 -0.141691000000 0.754701000000
392.481720585000 -0.339350000000 0.082460000000 3.335763000000 -0.601361000000 0.009232000000 -0.144015000000 0.785837000000
392.581669556000 -0.321161000000 0.022739000000 3.269420000000 -0.560532000000 0.010129000000 -0.136120000000 0.816806000000
392.681618585000 -0.282192000000 -0.022430000000 3.206470000000 -0.526564000000 -0.009009000000 -0.118426000000 0.841798000000
392.781717556000 -0.238664000000 -0.052121000000 3.153703000000 -0.496178000000 -0.026204000000 -0.089197000000 0.863229000000
392.881666585000 -0.208899000000 -0.074206000000 3.110408000000 -0.467526000000 -0.043135000000 -0.069281000000 0.880204000000
392.981615556000 -0.205272000000 -0.101075000000 3.065242000000 -0.434882000000 -0.038796000000 -0.067781000000 0.897095000000
393.081564585000 -0.224053000000 -0.128922000000 3.016237000000 -0.394343000000 -0.020140000000 -0.073769000000 0.915776000000
393.181663585000 -0.253378000000 -0.168954000000 2.967709000000 -0.355770000000 0.007217000000 -0.092170000000 0.929989000000
393.281612585000 -0.264509000000 -0.214680000000 2.922647000000 -0.318325000000 0.019285000000 -0.089328000000 0.943566000000
393.381561585000 -0.253970000000 -0.262648000000 2.874170000000 -0.275929000000 0.032803000000 -0.073626000000 0.957792000000
393.481660585000 -0.228447000000 -0.306030000000 2.832217000000 -0.230303000000 0.022235000000 -0.070912000000 0.970277000000
393.581609551000 -0.187921000000 -0.332548000000 2.797816000000 -0.184718000000 -0.004170000000 -0.058009000000 0.981069000000
393.681558585000 -0.150710000000 -0.350781000000 2.764689000000 -0.143874000000 -0.022683000000 -0.042085000000 0.988441000000
393.781507585000 -0.129592000000 -0.368688000000 2.731974000000 -0.113843000000 -0.043445000000 -0.042041000000 0.991658000000
393.881606585000 -0.137753000000 -0.392141000000 2.693399000000 -0.095639000000 -0.024668000000 -0.040607000000 0.994281000000
393.981555556000 -0.171374000000 -0.432690000000 2.645730000000 -0.091762000000 0.015730000000 -0.040130000000 0.994848000000
394.081504585000 -0.203183000000 -0.480445000000 2.602657000000 -0.100184000000 0.046700000000 -0.044001000000 0.992898000000
394.181603556000 -0.217350000000 -0.538673000000 2.557730000000 -0.123239000000 0.066995000000 -0.048210000000 0.988939000000
394.281552551000 -0.205795000000 -0.602731000000 2.513531000000 -0.150459000000 0.074857000000 -0.051084000000 0.984454000000
394.381501551000 -0.171890000000 -0.661551000000 2.478148000000 -0.184953000000 0.064060000000 -0.042828000000 0.979722000000
394.481450585000 -0.131124000000 -0.713288000000 2.447316000000 -0.215701000000 0.034799000000 -0.035649000000 0.975188000000
394.581549585000 -0.091471000000 -0.756532000000 2.418409000000 -0.235960000000 0.021720000000 -0.026846000000 0.971149000000
394.681498585000 -0.059191000000 -0.795803000000 2.394876000000 -0.254630000000 -0.003098000000 -0.022062000000 0.966782000000
394.781447585000 -0.053256000000 -0.835912000000 2.368040000000 -0.265603000000 -0.004768000000 -0.024763000000 0.963753000000
394.881546556000 -0.067775000000 -0.881654000000 2.331250000000 -0.266953000000 -0.000116000000 -0.044345000000 0.962689000000
394.981495556000 -0.079371000000 -0.923684000000 2.285021000000 -0.251296000000 -0.000764000000 -0.062386000000 0.965897000000
395.081444542000 -0.073492000000 -0.958056000000 2.225795000000 -0.218267000000 0.005465000000 -0.063615000000 0.973798000000
395.181393584000 -0.048816000000 -0.986703000000 2.159930000000 -0.173477000000 -0.000639000000 -0.072895000000 0.982136000000
395.281492551000 -0.009039000000 -1.003294000000 2.098904000000 -0.131756000000 -0.007144000000 -0.048411000000 0.990074000000
395.381441584000 0.020268000000 -1.015472000000 2.053089000000 -0.102946000000 -0.018601000000 -0.033388000000 0.993952000000
395.481390551000 0.025935000000 -1.034705000000 2.010364000000 -0.088800000000 -0.028896000000 -0.033740000000 0.995058000000
395.581489556000 0.004033000000 -1.068662000000 1.960224000000 -0.087795000000 -0.005193000000 -0.023659000000 0.995844000000
395.681438551000 -0.030595000000 -1.121664000000 1.914355000000 -0.109309000000 0.026980000000 -0.026112000000 0.993298000000
395.781387584000 -0.053193000000 -1.184329000000 1.875676000000 -0.142400000000 0.028173000000 -0.039923000000 0.988602000000
395.881336584000 -0.059123000000 -1.250632000000 1.833286000000 -0.187684000000 0.052138000000 -0.048251000000 0.979657000000
395.981435556000 -0.044535000000 -1.312960000000 1.796621000000 -0.220014000000 0.052873000000 -0.057989000000 0.972335000000
396.081384551000 -0.019374000000 -1.372462000000 1.775912000000 -0.267819000000 0.037312000000 -0.065612000000 0.960508000000
396.181333594000 0.007546000000 -1.428059000000 1.767023000000 -0.312203000000 0.030349000000 -0.055478000000 0.947909000000
396.281432618000 0.027361000000 -1.480106000000 1.773351000000 -0.350014000000 0.036116000000 -0.048713000000 0.934780000000
396.381383280000 0.041285000000 -1.530667000000 1.790104000000 -0.384065000000 0.011491000000 -0.047785000000 0.921997000000
396.481330556000 0.051480000000 -1.578110000000 1.802459000000 -0.407241000000 0.011892000000 -0.044658000000 0.912151000000
396.581279584000 0.060877000000 -1.622163000000 1.812534000000 -0.420277000000 0.010005000000 -0.048727000000 0.906031000000
396.681378560000 0.075846000000 -1.667392000000 1.821271000000 -0.424843000000 -0.013402000000 -0.050773000000 0.903743000000
396.781327584000 0.097993000000 -1.717146000000 1.819834000000 -0.419644000000 -0.018574000000 -0.044231000000 0.906420000000
396.881276551000 0.121161000000 -1.770665000000 1.817637000000 -0.413875000000 -0.015904000000 -0.047385000000 0.908960000000
396.981375584000 0.142379000000 -1.820513000000 1.812681000000 -0.402446000000 -0.017051000000 -0.033699000000 0.914664000000
397.081324584000 0.153855000000 -1.867373000000 1.806709000000 -0.396373000000 -0.000848000000 -0.045618000000 0.916955000000
397.181273584000 0.168127000000 -1.902106000000 1.802665000000 -0.394509000000 -0.002374000000 -0.044377000000 0.917817000000
397.281222584000 0.182586000000 -1.933379000000 1.791820000000 -0.388906000000 0.001999000000 -0.039255000000 0.920439000000
397.381321584000 0.198977000000 -1.960535000000 1.779087000000 -0.386458000000 0.001223000000 -0.033726000000 0.921689000000
397.481270556000 0.218617000000 -1.985565000000 1.763132000000 -0.382456000000 -0.006934000000 -0.025242000000 0.923603000000
397.581219584000 0.236786000000 -2.009907000000 1.744824000000 -0.382316000000 -0.002074000000 -0.021244000000 0.923785000000
397.681318551000 0.257068000000 -2.034309000000 1.723011000000 -0.381689000000 -0.013655000000 -0.015072000000 0.924067000000
397.781267551000 0.276821000000 -2.054765000000 1.692999000000 -0.385690000000 -0.000975000000 -0.009394000000 0.922580000000
397.881216555000 0.298103000000 -2.069900000000 1.656512000000 -0.374349000000 -0.003645000000 -0.000914000000 0.927280000000
397.981165584000 0.320168000000 -2.079311000000 1.617337000000 -0.360410000000 -0.006642000000 0.005322000000 0.932755000000
398.081264551000 0.341452000000 -2.084941000000 1.579532000000 -0.345229000000 -0.010849000000 0.008506000000 0.938417000000
398.181213584000 0.356388000000 -2.087353000000 1.546786000000 -0.323527000000 -0.015683000000 0.006897000000 0.946064000000
398.281162527000 0.369858000000 -2.083462000000 1.519811000000 -0.301467000000 -0.018078000000 0.009516000000 0.953258000000
398.381261555000 0.382289000000 -2.078187000000 1.500356000000 -0.281767000000 -0.022929000000 0.009619000000 0.959161000000
398.481210584000 0.389857000000 -2.061855000000 1.490250000000 -0.268785000000 -0.023156000000 0.016831000000 0.962775000000
398.581159584000 0.391955000000 -2.041840000000 1.491441000000 -0.258505000000 -0.023973000000 0.023572000000 0.965425000000
398.681108584000 0.389480000000 -2.017488000000 1.505543000000 -0.253693000000 -0.021680000000 0.024630000000 0.966728000000
398.781207584000 0.388161000000 -1.995353000000 1.528237000000 -0.250332000000 -0.024492000000 0.030476000000 0.967370000000
398.881156584000 0.385413000000 -1.974332000000 1.562103000000 -0.249217000000 -0.032390000000 0.035957000000 0.967238000000
398.981105584000 0.380148000000 -1.951281000000 1.597357000000 -0.253809000000 -0.040462000000 0.035252000000 0.965765000000
399.081204551000 0.370990000000 -1.920723000000 1.631793000000 -0.264760000000 -0.047116000000 0.033969000000 0.962563000000
399.181153584000 0.355763000000 -1.890165000000 1.663877000000 -0.274807000000 -0.054097000000 0.034037000000 0.959373000000
399.281102584000 0.332255000000 -1.864303000000 1.691682000000 -0.269779000000 -0.069367000000 0.025156000000 0.960091000000
399.381051551000 0.307968000000 -1.842604000000 1.714724000000 -0.277840000000 -0.060657000000 0.010988000000 0.958647000000
399.481150584000 0.291373000000 -1.828080000000 1.736474000000 -0.279905000000 -0.069045000000 -0.012592000000 0.957459000000
399.581099584000 0.268086000000 -1.801328000000 1.750321000000 -0.296238000000 -0.070331000000 -0.015968000000 0.952387000000
399.681048550000 0.232164000000 -1.767444000000 1.766735000000 -0.307839000000 -0.062768000000 -0.029057000000 0.948921000000
399.781147550000 0.194363000000 -1.731066000000 1.765406000000 -0.304688000000 -0.039055000000 -0.044407000000 0.950614000000
399.881096522000 0.154302000000 -1.683924000000 1.759946000000 -0.301460000000 -0.013263000000 -0.057163000000 0.951671000000
399.981045555000 0.112070000000 -1.628767000000 1.752462000000 -0.292368000000 0.013241000000 -0.070017000000 0.953647000000
400.081144584000 0.069889000000 -1.567978000000 1.747600000000 -0.284448000000 0.041998000000 -0.079497000000 0.954466000000
400.181093555000 0.033811000000 -1.507049000000 1.746601000000 -0.272115000000 0.063859000000 -0.088821000000 0.956026000000
400.281042527000 0.006838000000 -1.445065000000 1.740815000000 -0.253369000000 0.086153000000 -0.095433000000 0.958788000000
400.380991550000 -0.008343000000 -1.382620000000 1.738554000000 -0.238263000000 0.095580000000 -0.087774000000 0.962492000000
400.481090584000 -0.012103000000 -1.325577000000 1.744753000000 -0.214150000000 0.098388000000 -0.086640000000 0.967963000000
400.581039584000 0.007968000000 -1.272856000000 1.752162000000 -0.192461000000 0.078478000000 -0.068369000000 0.975769000000
400.680988584000 0.036872000000 -1.215754000000 1.768653000000 -0.172075000000 0.050071000000 -0.043268000000 0.982859000000
400.781087555000 0.066309000000 -1.153232000000 1.793605000000 -0.146965000000 0.004937000000 -0.025053000000 0.988812000000
400.881036584000 0.089111000000 -1.095653000000 1.829696000000 -0.140913000000 -0.006375000000 -0.005995000000 0.989983000000
400.980985584000 0.094239000000 -1.037697000000 1.871251000000 -0.129657000000 -0.042020000000 0.008351000000 0.990633000000
401.080934584000 0.072351000000 -0.984692000000 1.908225000000 -0.112966000000 -0.047239000000 0.001738000000 0.992474000000
401.181033522000 0.038386000000 -0.936840000000 1.930532000000 -0.085228000000 -0.030661000000 -0.012146000000 0.995816000000
401.280982526000 0.007346000000 -0.897153000000 1.939578000000 -0.064594000000 0.001511000000 -0.019668000000 0.997717000000
401.380931584000 -0.025251000000 -0.851367000000 1.946326000000 -0.047460000000 0.020715000000 -0.023320000000 0.998386000000
401.481030584000 -0.063704000000 -0.800114000000 1.946761000000 -0.032883000000 0.043687000000 -0.028172000000 0.998106000000
401.580979584000 -0.089700000000 -0.744051000000 1.940065000000 -0.012467000000 0.055084000000 -0.035403000000 0.997776000000
401.680928584000 -0.092338000000 -0.680405000000 1.932275000000 0.000599000000 0.053272000000 -0.034797000000 0.997973000000
401.780877583000 -0.078739000000 -0.611873000000 1.924698000000 0.020835000000 0.032925000000 -0.029328000000 0.998810000000
401.880976550000 -0.061909000000 -0.530373000000 1.917040000000 0.043071000000 0.010681000000 -0.027619000000 0.998633000000
401.980925583000 -0.038735000000 -0.455982000000 1.903085000000 0.067793000000 -0.018862000000 -0.030716000000 0.997048000000
402.080874526000 -0.022624000000 -0.352535000000 1.892235000000 0.085682000000 -0.044308000000 -0.030361000000 0.994874000000
402.180973550000 -0.001008000000 -0.287754000000 1.881386000000 0.103445000000 -0.069371000000 -0.025034000000 0.991897000000
402.280922836000 0.008023000000 -0.233442000000 1.857282000000 0.123585000000 -0.072924000000 -0.015640000000 0.989527000000
402.380871583000 0.001218000000 -0.192711000000 1.833267000000 0.137042000000 -0.054825000000 0.001822000000 0.989045000000
402.480820583000 -0.018793000000 -0.156479000000 1.796505000000 0.149931000000 -0.027536000000 0.020907000000 0.988092000000
402.580919555000 -0.049563000000 -0.130417000000 1.751968000000 0.169942000000 -0.008133000000 0.026240000000 0.985071000000
402.680868550000 -0.084829000000 -0.101273000000 1.706461000000 0.193813000000 0.016531000000 0.024484000000 0.980594000000
402.780817583000 -0.108812000000 -0.075253000000 1.639615000000 0.220842000000 0.050292000000 0.024966000000 0.973692000000
402.880916607000 -0.120845000000 -0.046340000000 1.592500000000 0.242954000000 0.068303000000 0.012092000000 0.967554000000
402.980865579000 -0.116677000000 -0.026594000000 1.541500000000 0.265158000000 0.067670000000 0.003652000000 0.961821000000
403.080814817000 -0.110141000000 0.015163000000 1.523649000000 0.288168000000 0.061520000000 0.006676000000 0.955578000000
403.180763550000 -0.083625000000 0.021822000000 1.471863000000 0.300675000000 0.041057000000 -0.002679000000 0.952839000000
403.280862555000 -0.059370000000 0.037043000000 1.435503000000 0.313012000000 0.018633000000 0.001795000000 0.949565000000
403.380811583000 -0.047356000000 0.066303000000 1.411571000000 0.319039000000 -0.001938000000 -0.002521000000 0.947736000000
403.480760588000 -0.048791000000 0.089637000000 1.370233000000 0.305527000000 -0.012939000000 -0.010939000000 0.952033000000
403.580859583000 -0.063441000000 0.103893000000 1.345214000000 0.280767000000 -0.010938000000 -0.015845000000 0.959583000000
403.680808521000 -0.082914000000 0.116701000000 1.332511000000 0.246653000000 -0.004598000000 -0.018648000000 0.968913000000
403.780757583000 -0.087689000000 0.087884000000 1.314425000000 0.211924000000 0.006599000000 -0.014415000000 0.977158000000
403.880706583000 -0.081357000000 0.153111000000 1.280846000000 0.168482000000 0.001933000000 -0.026890000000 0.985336000000
403.980805583000 -0.061821000000 0.161004000000 1.271635000000 0.138814000000 -0.010772000000 -0.021921000000 0.990017000000
404.080754583000 -0.041494000000 0.180801000000 1.267604000000 0.122372000000 -0.026240000000 -0.009781000000 0.992089000000
404.180703555000 -0.025805000000 0.218799000000 1.261551000000 0.119551000000 -0.045872000000 -0.001363000000 0.991767000000
404.280802521000 -0.013682000000 0.245298000000 1.247777000000 0.140426000000 -0.052509000000 0.008770000000 0.988659000000
404.380751555000 -0.002635000000 0.288038000000 1.108517000000 0.172689000000 -0.054441000000 0.021904000000 0.983227000000
404.480700555000 -0.020464000000 0.362339000000 1.079964000000 0.226007000000 -0.040380000000 0.030970000000 0.972795000000
404.580649554000 -0.051724000000 0.447769000000 1.050490000000 0.293828000000 -0.012198000000 0.045924000000 0.954677000000
404.680748583000 -0.086258000000 0.532690000000 1.023816000000 0.362871000000 0.011259000000 0.056861000000 0.930035000000
404.780697588000 -0.110416000000 0.614263000000 1.000498000000 0.428718000000 0.029459000000 0.060169000000 0.900951000000
404.880646583000 -0.126169000000 0.691738000000 0.991055000000 0.487714000000 0.045046000000 0.062943000000 0.869565000000
404.980745550000 -0.129986000000 0.764223000000 1.011845000000 0.548491000000 0.044554000000 0.058818000000 0.832895000000
405.080694583000 -0.124731000000 0.829040000000 1.050348000000 0.605980000000 0.043395000000 0.057238000000 0.792231000000
405.180643550000 -0.110044000000 0.885919000000 1.095800000000 0.659197000000 0.029728000000 0.025151000000 0.750962000000
405.280593021000 -0.093966000000 0.940582000000 1.141979000000 0.704654000000 0.011139000000 0.025417000000 0.709008000000
405.380691583000 -0.100355000000 0.988103000000 1.201006000000 0.744776000000 0.003724000000 0.025905000000 0.666801000000
405.480640550000 -0.127985000000 1.036394000000 1.261744000000 0.776937000000 0.014314000000 0.034174000000 0.628487000000
405.580589583000 -0.163971000000 1.076334000000 1.330510000000 0.799731000000 0.024420000000 0.051147000000 0.597677000000
405.680688554000 -0.199008000000 1.121381000000 1.397822000000 0.816410000000 0.033268000000 0.072587000000 0.571925000000
405.780637583000 -0.228919000000 1.164709000000 1.469495000000 0.830929000000 0.044521000000 0.095335000000 0.546339000000
405.880586521000 -0.250182000000 1.199218000000 1.535776000000 0.848242000000 0.053787000000 0.097019000000 0.517861000000
405.980535583000 -0.262296000000 1.229445000000 1.604960000000 0.866121000000 0.063117000000 0.110937000000 0.483263000000
406.080622643000 -0.260613000000 1.253503000000 1.668044000000 0.885141000000 0.070252000000 0.092641000000 0.450564000000
406.180554624000 -0.251815000000 1.276363000000 1.727671000000 0.902631000000 0.070566000000 0.073371000000 0.418205000000
406.280486627000 -0.242852000000 1.300369000000 1.783743000000 0.920492000000 0.062021000000 0.061423000000 0.380888000000
406.380568644000 -0.246345000000 1.323145000000 1.837112000000 0.937866000000 0.062955000000 0.049558000000 0.337621000000
406.480500653000 -0.259832000000 1.352074000000 1.889594000000 0.952523000000 0.064641000000 0.054136000000 0.292560000000
406.580432628000 -0.276428000000 1.377124000000 1.932795000000 0.961222000000 0.065358000000 0.093776000000 0.250971000000
406.680364637000 -0.293305000000 1.408711000000 1.964522000000 0.967635000000 0.071006000000 0.096267000000 0.222199000000
406.780446625000 -0.313116000000 1.425011000000 1.995521000000 0.972024000000 0.072760000000 0.117080000000 0.190176000000
406.880378662000 -0.329259000000 1.430915000000 2.028619000000 0.974441000000 0.098117000000 0.117812000000 0.164190000000
406.980310642000 -0.331590000000 1.430226000000 2.080803000000 0.979073000000 0.104615000000 0.111698000000 0.134143000000
407.080404583000 -0.320175000000 1.418855000000 2.127931000000 0.984085000000 0.096157000000 0.104752000000 0.106572000000
407.180353583000 -0.303988000000 1.404303000000 2.164699000000 0.988311000000 0.092486000000 0.076461000000 0.094034000000
407.280302549000 -0.297244000000 1.391900000000 2.202742000000 0.988494000000 0.093081000000 0.066413000000 0.099022000000
407.380251554000 -0.304594000000 1.379527000000 2.248509000000 0.987211000000 0.095832000000 0.068469000000 0.107441000000
407.480350583000 -0.319997000000 1.365672000000 2.303472000000 0.985001000000 0.095013000000 0.091579000000 0.111173000000
407.580299583000 -0.337256000000 1.351825000000 2.355939000000 0.982468000000 0.101609000000 0.104624000000 0.116129000000
407.680248554000 -0.351532000000 1.338140000000 2.402806000000 0.980276000000 0.105971000000 0.113145000000 0.122585000000
407.780347583000 -0.363235000000 1.331247000000 2.442268000000 0.977878000000 0.111677000000 0.122751000000 0.127336000000
407.880296583000 -0.364536000000 1.334311000000 2.476931000000 0.976207000000 0.112810000000 0.121362000000 0.139878000000
407.980245583000 -0.354181000000 1.343997000000 2.513576000000 0.977269000000 0.107673000000 0.106435000000 0.148405000000
408.080194578000 -0.340203000000 1.356238000000 2.553677000000 0.979435000000 0.100162000000 0.087400000000 0.151779000000
408.180293554000 -0.337021000000 1.369909000000 2.597252000000 0.980850000000 0.094194000000 0.075071000000 0.153050000000
408.280242549000 -0.354763000000 1.389813000000 2.643330000000 0.979869000000 0.103071000000 0.070559000000 0.155741000000
408.380191583000 -0.383339000000 1.409581000000 2.700464000000 0.978025000000 0.118347000000 0.082951000000 0.150265000000
408.480290554000 -0.410347000000 1.423370000000 2.764107000000 0.976048000000 0.126682000000 0.117937000000 0.131808000000
408.580239582000 -0.428046000000 1.428710000000 2.825265000000 0.976223000000 0.145356000000 0.121858000000 0.104934000000
408.680188554000 -0.435588000000 1.420870000000 2.881431000000 0.977973000000 0.145860000000 0.131124000000 0.071419000000
408.780137554000 -0.440458000000 1.406539000000 2.933932000000 0.977914000000 0.158233000000 0.129808000000 0.042385000000
408.880236549000 -0.440068000000 1.387390000000 2.983431000000 0.978308000000 0.165466000000 0.123553000000 0.016389000000
408.980185549000 -0.433427000000 1.363593000000 3.029389000000 0.979572000000 0.168831000000 0.109236000000 -0.001262000000
409.080134582000 -0.422112000000 1.330756000000 3.075867000000 0.980989000000 0.169517000000 0.091425000000 -0.023789000000
409.180236649000 -0.412930000000 1.288703000000 3.123950000000 0.984609000000 0.147527000000 0.081622000000 -0.046033000000
409.280182549000 -0.423804000000 1.249385000000 3.176048000000 0.984803000000 0.138329000000 0.087682000000 -0.057795000000
409.380131554000 -0.441217000000 1.209473000000 3.232655000000 0.983719000000 0.124152000000 0.107384000000 -0.073163000000
409.480080582000 -0.451461000000 1.170512000000 3.287838000000 0.982420000000 0.122388000000 0.114853000000 -0.081739000000
409.580179549000 -0.443340000000 1.127075000000 3.346603000000 0.981257000000 0.121081000000 0.112308000000 -0.099307000000
409.680128587000 -0.415314000000 1.084986000000 3.401927000000 0.981455000000 0.112288000000 0.092477000000 -0.124838000000
409.780077582000 -0.380701000000 1.051875000000 3.445664000000 0.982632000000 0.107953000000 0.052922000000 -0.141350000000
409.880176582000 -0.365964000000 1.017953000000 3.485136000000 0.980135000000 0.099357000000 0.029707000000 -0.169062000000
409.980126154000 -0.385449000000 0.983837000000 3.524835000000 0.974091000000 0.109493000000 0.029379000000 -0.195690000000
410.080075030000 -0.432598000000 0.945127000000 3.572488000000 0.966698000000 0.112799000000 0.061117000000 -0.221442000000
410.180173549000 -0.483167000000 0.901854000000 3.629904000000 0.954124000000 0.117646000000 0.102662000000 -0.255474000000
410.280122582000 -0.514363000000 0.851901000000 3.684346000000 0.940294000000 0.089830000000 0.126736000000 -0.302846000000
410.380071582000 -0.527405000000 0.802481000000 3.739855000000 0.923398000000 0.090517000000 0.144674000000 -0.343821000000
410.480020549000 -0.514399000000 0.750627000000 3.780116000000 0.908219000000 0.079159000000 0.144658000000 -0.384639000000
410.580119582000 -0.488341000000 0.701222000000 3.806096000000 0.891903000000 0.111071000000 0.115720000000 -0.422826000000
410.680068582000 -0.457836000000 0.643476000000 3.817994000000 0.875665000000 0.123166000000 0.088536000000 -0.458477000000
410.780017611000 -0.442865000000 0.577575000000 3.816161000000 0.859333000000 0.116348000000 0.074039000000 -0.492471000000
410.880116549000 -0.456747000000 0.502685000000 3.802840000000 0.839354000000 0.104448000000 0.070354000000 -0.528797000000
410.980065549000 -0.493619000000 0.421021000000 3.786875000000 0.818036000000 0.088195000000 0.094042000000 -0.560531000000
411.080014582000 -0.526763000000 0.334639000000 3.761856000000 0.795465000000 0.057294000000 0.118858000000 -0.591460000000
411.179963582000 -0.536392000000 0.248826000000 3.732145000000 0.770024000000 0.034784000000 0.134013000000 -0.622811000000
411.280062549000 -0.518634000000 0.167987000000 3.695501000000 0.743278000000 0.037203000000 0.121410000000 -0.656821000000
411.380011582000 -0.485177000000 0.103578000000 3.644361000000 0.707525000000 0.030973000000 0.101451000000 -0.698682000000
411.479960582000 -0.439968000000 0.053579000000 3.596505000000 -0.676175000000 -0.065403000000 -0.075972000000 0.729889000000
411.580059582000 -0.395809000000 0.017546000000 3.551289000000 -0.638598000000 -0.087050000000 -0.051808000000 0.762844000000
411.680008553000 -0.370831000000 -0.019102000000 3.511176000000 -0.602458000000 -0.077476000000 -0.039183000000 0.793414000000
411.779957582000 -0.376681000000 -0.056570000000 3.487572000000 -0.570785000000 -0.088176000000 -0.032118000000 0.815719000000
411.879906530000 -0.403915000000 -0.104754000000 3.472449000000 -0.543114000000 -0.077013000000 -0.043891000000 0.834967000000
411.980005582000 -0.428917000000 -0.166485000000 3.461520000000 -0.517438000000 -0.059376000000 -0.053107000000 0.852005000000
412.079954549000 -0.444836000000 -0.230222000000 3.449130000000 -0.489344000000 -0.039384000000 -0.066644000000 0.868649000000
412.179903582000 -0.438081000000 -0.283912000000 3.427875000000 -0.453390000000 -0.041301000000 -0.074014000000 0.887273000000
412.280002549000 -0.410578000000 -0.321726000000 3.396240000000 -0.411687000000 -0.048995000000 -0.062466000000 0.907861000000
412.379951549000 -0.375645000000 -0.348268000000 3.354780000000 -0.371421000000 -0.071106000000 -0.049030000000 0.924438000000
412.479900553000 -0.351139000000 -0.363534000000 3.299636000000 -0.325515000000 -0.071995000000 -0.026837000000 0.942410000000
412.579849553000 -0.355709000000 -0.377998000000 3.229741000000 -0.282868000000 -0.055123000000 -0.008901000000 0.957532000000
412.679948582000 -0.390248000000 -0.395425000000 3.149191000000 -0.245051000000 -0.021892000000 -0.015396000000 0.969141000000
412.779897582000 -0.421748000000 -0.423596000000 3.068310000000 -0.220428000000 0.003141000000 -0.025324000000 0.975069000000
412.879846582000 -0.427773000000 -0.451419000000 2.982753000000 -0.197999000000 0.026855000000 -0.026104000000 0.979487000000
412.979945572000 -0.398650000000 -0.476921000000 2.899386000000 -0.175737000000 0.017706000000 -0.023364000000 0.984001000000
413.079894582000 -0.347721000000 -0.489596000000 2.821423000000 -0.151053000000 -0.008375000000 -0.004295000000 0.988481000000
413.179843582000 -0.297456000000 -0.496169000000 2.760063000000 -0.124514000000 -0.036097000000 0.008991000000 0.991520000000
413.279792582000 -0.266280000000 -0.499663000000 2.709524000000 -0.097186000000 -0.074974000000 0.015884000000 0.992311000000
413.379891548000 -0.279597000000 -0.504881000000 2.651179000000 -0.073131000000 -0.049578000000 0.023578000000 0.995810000000
413.479840553000 -0.322516000000 -0.522654000000 2.583235000000 -0.041303000000 -0.025409000000 -0.001853000000 0.998822000000
413.579789553000 -0.356398000000 -0.547832000000 2.503012000000 -0.010809000000 0.010260000000 -0.010677000000 0.999832000000
413.679888582000 -0.366607000000 -0.566477000000 2.426107000000 0.033357000000 0.027779000000 0.000097000000 0.999057000000
413.779837548000 -0.352120000000 -0.578515000000 2.349115000000 0.076088000000 0.029361000000 -0.003840000000 0.996661000000
413.879786548000 -0.324610000000 -0.575776000000 2.271614000000 0.124303000000 0.033861000000 0.004480000000 0.991656000000
413.979735548000 -0.301801000000 -0.560602000000 2.205354000000 0.167066000000 0.030001000000 0.020789000000 0.985270000000
414.079834582000 -0.289980000000 -0.537608000000 2.142627000000 0.207815000000 0.002837000000 0.021289000000 0.977932000000
414.179783582000 -0.297594000000 -0.508111000000 2.067281000000 0.237882000000 0.011085000000 0.035072000000 0.970597000000
414.279732553000 -0.322337000000 -0.473079000000 1.990382000000 0.263879000000 0.031914000000 0.054478000000 0.962487000000
414.379831582000 -0.346018000000 -0.441630000000 1.905444000000 0.278765000000 0.052349000000 0.064794000000 0.956740000000
414.479780548000 -0.354590000000 -0.406594000000 1.815347000000 0.295505000000 0.080695000000 0.077756000000 0.948746000000
414.579729553000 -0.339897000000 -0.371915000000 1.727864000000 0.309915000000 0.085780000000 0.065719000000 0.944603000000
414.679678548000 -0.304319000000 -0.333670000000 1.655861000000 0.328754000000 0.075734000000 0.067470000000 0.938953000000
414.779777553000 -0.259585000000 -0.299595000000 1.590135000000 0.342660000000 0.059091000000 0.075314000000 0.934569000000
414.879726582000 -0.221248000000 -0.274566000000 1.529464000000 0.361962000000 0.023022000000 0.047973000000 0.930673000000
414.979675582000 -0.190603000000 -0.244656000000 1.463659000000 0.381622000000 0.006913000000 0.049456000000 0.922969000000
415.079774582000 -0.154877000000 -0.214250000000 1.389002000000 0.405909000000 -0.015148000000 0.050865000000 0.912371000000
415.179723548000 -0.112417000000 -0.188037000000 1.315597000000 0.427024000000 -0.043470000000 0.042742000000 0.902183000000
415.279672581000 -0.072531000000 -0.162559000000 1.244820000000 0.449489000000 -0.060100000000 0.035000000000 0.890574000000
415.379621581000 -0.038250000000 -0.132174000000 1.178896000000 0.475650000000 -0.069553000000 0.037690000000 0.876070000000
415.479720548000 -0.006597000000 -0.101893000000 1.129034000000 0.491478000000 -0.077980000000 0.053581000000 0.865735000000
415.579669553000 0.026724000000 -0.083727000000 1.087174000000 0.499860000000 -0.104977000000 0.038793000000 0.858845000000
415.679618581000 0.049920000000 -0.068733000000 1.044110000000 0.494704000000 -0.130450000000 0.021335000000 0.858950000000
415.779717562000 0.065695000000 -0.055409000000 0.998247000000 0.482150000000 -0.141452000000 0.013701000000 0.864485000000
415.879666524000 0.078600000000 -0.041313000000 0.948499000000 0.461424000000 -0.165181000000 0.003456000000 0.871660000000
415.979615553000 0.087032000000 -0.017721000000 0.890302000000 0.443862000000 -0.174473000000 -0.000792000000 0.878945000000
416.079564548000 0.092995000000 0.014206000000 0.828676000000 0.431923000000 -0.181368000000 0.000706000000 0.883486000000
416.179663553000 0.089043000000 0.044373000000 0.768679000000 0.420135000000 -0.188911000000 0.009194000000 0.887533000000
416.279612524000 0.065495000000 0.078324000000 0.702063000000 0.422294000000 -0.174347000000 0.024219000000 0.889205000000
416.379562310000 0.025251000000 0.110599000000 0.632753000000 0.432334000000 -0.150585000000 0.024737000000 0.888707000000
416.479660519000 -0.035200000000 0.148377000000 0.564214000000 0.454584000000 -0.104957000000 0.038550000000 0.883658000000
416.579609581000 -0.104741000000 0.181588000000 0.504240000000 0.490918000000 -0.068021000000 0.052634000000 0.866950000000
416.679558553000 -0.176364000000 0.205361000000 0.450598000000 0.526758000000 -0.031301000000 0.069231000000 0.846613000000
416.779508157000 -0.252976000000 0.220238000000 0.405734000000 0.562922000000 0.009485000000 0.091037000000 0.821427000000
416.879608448000 -0.334478000000 0.233897000000 0.377726000000 0.612770000000 0.040590000000 0.118022000000 0.780344000000
416.979555557000 -0.408109000000 0.242384000000 0.361694000000 0.653209000000 0.058753000000 0.134922000000 0.742740000000
417.079504581000 -0.468511000000 0.237260000000 0.354613000000 0.682066000000 0.044291000000 0.093876000000 0.723887000000
417.179603548000 -0.519667000000 0.235345000000 0.353759000000 0.696260000000 0.031852000000 0.066249000000 0.714016000000
417.279552553000 -0.552427000000 0.224401000000 0.362654000000 0.702460000000 0.002873000000 0.042170000000 0.710467000000
417.379501548000 -0.568966000000 0.217526000000 0.364735000000 0.686551000000 -0.024354000000 0.027037000000 0.726170000000
417.479450581000 -0.574332000000 0.213148000000 0.365075000000 0.677061000000 -0.030004000000 0.017164000000 0.735114000000
417.579549548000 -0.577577000000 0.212437000000 0.365347000000 0.682234000000 -0.038712000000 0.019997000000 0.729835000000
417.679498553000 -0.582189000000 0.217178000000 0.365216000000 0.693626000000 -0.040088000000 0.032181000000 0.718499000000
417.779447581000 -0.581982000000 0.221512000000 0.363215000000 0.695591000000 -0.043859000000 0.027185000000 0.716583000000
417.879546548000 -0.583165000000 0.228220000000 0.364063000000 0.699729000000 -0.036710000000 0.040179000000 0.712333000000
417.979495553000 -0.581924000000 0.226651000000 0.365862000000 0.702732000000 -0.045925000000 0.035150000000 0.709100000000
418.079444548000 -0.582759000000 0.230238000000 0.366087000000 0.707778000000 -0.037837000000 0.039751000000 0.704300000000
418.179393581000 -0.580998000000 0.233704000000 0.365759000000 0.715663000000 -0.034217000000 0.037470000000 0.696600000000
418.279492552000 -0.580613000000 0.235403000000 0.364719000000 0.718333000000 -0.033040000000 0.036747000000 0.693942000000
418.379441581000 -0.579210000000 0.235289000000 0.364183000000 0.720220000000 -0.033149000000 0.034952000000 0.692071000000
418.479390557000 -0.578624000000 0.234243000000 0.363984000000 0.720876000000 -0.035833000000 0.030796000000 0.691452000000
418.579489552000 -0.577661000000 0.233112000000 0.363462000000 0.721383000000 -0.039266000000 0.025800000000 0.690941000000
418.679438552000 -0.576561000000 0.232338000000 0.362355000000 0.721810000000 -0.046073000000 0.018607000000 0.690306000000
418.779387548000 -0.574491000000 0.232187000000 0.360719000000 0.721868000000 -0.048288000000 0.014377000000 0.690194000000
418.879336552000 -0.572515000000 0.229836000000 0.361688000000 0.721494000000 -0.057297000000 0.008723000000 0.689990000000
418.979435581000 -0.572674000000 0.232360000000 0.360617000000 0.720965000000 -0.050013000000 0.014779000000 0.691006000000
419.079384552000 -0.571816000000 0.232754000000 0.359287000000 0.717482000000 -0.052589000000 0.014833000000 0.694431000000
419.179333581000 -0.575348000000 0.239980000000 0.358977000000 0.717364000000 -0.031855000000 0.036902000000 0.694991000000
419.279432552000 -0.574767000000 0.238821000000 0.357602000000 0.714738000000 -0.039456000000 0.036045000000 0.697347000000
419.379381581000 -0.576347000000 0.241424000000 0.358438000000 0.715588000000 -0.038650000000 0.046056000000 0.695931000000
419.479330548000 -0.576049000000 0.241755000000 0.357784000000 0.715862000000 -0.037555000000 0.045034000000 0.695775000000
419.579429581000 -0.576211000000 0.241942000000 0.358629000000 0.713881000000 -0.040767000000 0.049057000000 0.697355000000
