245 0
246 11
247 23
248 35
249 47
250 59
251 71
252 83
253 95
254 107
255 119
256 130
257 142
258 154
259 166
260 178
261 190
262 202
263 214
264 226
265 238
266 250
267 262
268 274
269 286
270 298
271 310
272 322
273 334
274 346
275 358
276 370
277 382
278 394
279 406
280 418
281 430
282 442
283 454
284 466
285 478
286 490
287 502
288 514
289 526
290 538
291 549
292 561
293 573
294 585
295 597
296 609
297 621
298 633
299 645
300 657
301 666
302 677
303 688
304 700
305 712
306 724
307 736
308 748
309 760
310 769
311 780
312 792
313 802
314 811
315 820
316 829
317 838
318 848
319 857
320 868
321 880
322 892
323 902
324 913
325 923
326 933
327 945
328 957
329 969
330 981
331 993
332 1005
333 1016
334 1028
335 1040
336 1052
337 1064
338 1076
339 1088
340 1100
341 1112
342 1124
343 1136
344 1148
345 1160
346 1172
347 1183
348 1195
349 1207
350 1219
351 1231
352 1243
353 1255
354 1267
355 1279
356 1291
357 1303
358 1314
359 1326
360 1336
361 1346
362 1358
363 1370
364 1381
365 1393
366 1405
367 1416
368 1428
369 1440
370 1451
371 1463
372 1475
373 1487
374 1499
375 1511
376 1522
377 1534
378 1546
379 1558
380 1570
381 1582
382 1594
383 1606
384 1618
385 1630
386 1642
387 1654
388 1666
389 1678
390 1690
391 1702
392 1714
393 1725
394 1737
395 1749
396 1761
397 1773
398 1785
399 1797
400 1809
401 1821
402 1833
403 1845
404 1857
405 1868
406 1880
407 1892
408 1904
409 1916
410 1928
411 1940
412 1952
413 1964
414 1976
415 1988
416 2000
417 2012
418 2024
419 2036
420 2048
421 2060
422 2072
423 2084
424 2096
425 2108
426 2120
427 2132
428 2144
429 2156
430 2168
431 2180
432 2192
433 2204
434 2216
435 2228
436 2240
437 2252
438 2264
439 2276
440 2288
441 2300
442 2312
443 2324
444 2336
445 2348
446 2360
447 2372
448 2384
449 2396
450 2408
451 2420
452 2432
453 2444
454 2456
455 2468
456 2480
457 2492
458 2504
459 2516
460 2528
461 2540
462 2552
463 2564
464 2576
465 2588
466 2600
467 2612
468 2624
469 2636
470 2648
471 2660
472 2672
473 2684
474 2696
475 2708
476 2720
477 2731
478 2743
479 2755
480 2767
481 2779
482 2791
483 2803
484 2815
485 2827
486 2839
487 2851
488 2863
489 2875
490 2887
491 2898
492 2909
493 2921
494 2932
495 2944
496 2956
497 2968
498 2980
499 2992
500 3004
501 3016
502 3028
503 3040
504 3052
505 3064
506 3076
507 3088
508 3100
509 3112
510 3124
511 3136
512 3148
513 3160
514 3172
515 3184
516 3196
517 3208
518 3220
519 3232
520 3244
521 3256
522 3268
523 3280
524 3292
525 3304
526 3316
527 3328
528 3340
529 3352
530 3364
531 3376
532 3388
533 3400
534 3412
535 3424
536 3436
537 3448
538 3460
539 3472
540 3484
541 3496
542 3508
543 3520
544 3532
545 3544
546 3556
547 3568
548 3580
549 3592
550 3604
551 3616
552 3628
553 3640
554 3652
555 3664
556 3675
557 3687
558 3698
559 3710
560 3722
561 3733
562 3744
563 3755
564 3767
565 3779
566 3791
567 3803
568 3814
569 3826
570 3838
571 3850
572 3862
573 3873
574 3885
575 3897
576 3909
577 3921
578 3933
579 3945
580 3957
581 3969
582 3981
583 3993
584 4005
585 4017
586 4029
587 4041
588 4053
589 4065
590 4077
591 4089
592 4101
593 4113
594 4125
595 4137
596 4149
597 4160
598 4172
599 4184
600 4196
601 4208
602 4220
603 4232
604 4244
605 4256
606 4268
607 4280
608 4292
609 4304
610 4316
611 4328
612 4340
613 4351
614 4362
615 4374
616 4386
617 4398
618 4410
619 4421
620 4433
621 4445
622 4457
623 4469
624 4481
625 4492
626 4504
627 4516
628 4528
629 4540
630 4552
631 4564
632 4576
633 4588
634 4600
635 4612
636 4624
637 4636
638 4648
639 4660
640 4672
641 4684
642 4696
643 4708
644 4720
645 4732
646 4744
647 4756
648 4768
649 4780
650 4792
651 4804
652 4816
653 4828
654 4840
655 4852
656 4864
657 4876
658 4888
659 4900
660 4912
661 4924
662 4936
663 4948
664 4960
665 4972
666 4984
667 4996
668 5008
669 5020
670 5032
671 5043
672 5055
673 5067
674 5079
675 5091
676 5103
677 5115
678 5127
679 5139
680 5150
681 5162
682 5174
683 5186
684 5198
685 5210
686 5222
687 5234
688 5246
689 5258
690 5270
691 5282
692 5294
693 5306
694 5318
695 5330
696 5342
697 5354
698 5366
699 5378
700 5390
701 5402
702 5414
703 5426
704 5438
705 5450
706 5462
707 5474
708 5486
709 5498
710 5510
711 5522
712 5534
713 5546
714 5558
715 5570
716 5582
717 5594
718 5606
719 5618
720 5630
721 5642
722 5654
723 5666
724 5678
725 5690
726 5701
727 5713
728 5725
729 5737
730 5749
731 5761
732 5773
733 5785
734 5797
735 5809
736 5821
737 5832
738 5844
739 5856
740 5868
741 5880
742 5892
743 5904
744 5916
745 5928
746 5940
747 5952
748 5964
749 5976
750 5988
751 6000
752 6011
753 6024
754 6035
755 6047
756 6060
757 6071
758 6083
759 6095
760 6107
761 6119
762 6131
763 6143
764 6155
765 6167
766 6179
767 6191
768 6203
769 6215
770 6227
771 6239
772 6251
773 6263
774 6275
775 6287
776 6299
777 6311
778 6323
779 6335
780 6347
781 6359
782 6371
783 6383
784 6395
785 6407
786 6419
787 6431
788 6443
789 6453
790 6465
791 6477
792 6489
793 6501
794 6513
795 6525
796 6537
797 6549
798 6561
799 6573
800 6585
801 6597
802 6609
803 6621
804 6633
805 6645
806 6657
807 6669
808 6681
809 6693
810 6705
811 6717
812 6729
813 6741
814 6753
815 6765
816 6777
817 6789
818 6801
819 6813
820 6825
821 6837
822 6849
823 6861
824 6873
825 6885
826 6897
827 6909
828 6921
829 6933
830 6945
831 6957
832 6969
833 6981
834 6993
835 7005
836 7017
837 7029
838 7041
839 7053
840 7065
841 7077
842 7089
843 7101
844 7113
845 7125
846 7137
847 7149
848 7161
849 7173
850 7185
851 7197
852 7209
853 7221
854 7233
855 7245
856 7257
857 7269
858 7281
859 7293
860 7305
861 7317
862 7329
863 7341
864 7353
865 7365
866 7377
867 7389
868 7401
869 7413
870 7425
871 7437
872 7449
873 7461
874 7473
875 7485
876 7496
877 7508
878 7520
879 7532
880 7544
881 7556
882 7568
883 7580
884 7592
885 7604
886 7616
887 7628
888 7640
889 7652
890 7664
891 7676
892 7688
893 7698
894 7709
895 7721
896 7733
897 7745
898 7757
899 7769
900 7781
901 7793
902 7805
903 7817
904 7829
905 7841
906 7853
907 7865
908 7877
909 7889
910 7901
911 7913
912 7925
913 7937
914 7949
915 7961
916 7973
917 7985
918 7997
919 8009
920 8021
921 8031
922 8043
923 8055
924 8067
925 8079
926 8091
927 8103
928 8115
929 8127
930 8139
931 8151
932 8163
933 8175
934 8187
935 8199
936 8211
937 8223
938 8235
939 8247
940 8259
941 8271
942 8283
943 8295
944 8307
945 8319
946 8331
947 8343
948 8355
949 8367
950 8379
951 8391
952 8403
953 8415
954 8427
955 8439
956 8451
957 8463
958 8475
959 8487
960 8499
961 8511
962 8523
963 8535
964 8547
965 8559
966 8571
967 8583
968 8595
969 8607
970 8619
971 8631
972 8643
973 8655
974 8667
975 8679
976 8691
977 8703
978 8715
979 8727
