770 0
771 2
772 6
773 10
774 14
775 18
776 22
777 26
778 30
779 34
780 38
781 42
782 46
783 50
784 54
785 58
786 62
787 66
788 70
789 74
790 78
791 82
792 86
793 90
794 94
795 98
796 102
797 106
798 110
799 114
800 118
801 121
802 125
803 129
804 133
805 137
806 141
807 145
808 149
809 153
810 157
811 161
812 165
813 169
814 173
815 177
816 181
817 185
818 189
819 193
820 197
821 201
822 205
823 209
824 213
825 217
826 221
827 225
828 229
829 233
830 237
831 241
832 245
833 249
834 253
835 257
836 261
837 265
838 269
839 273
840 277
841 281
842 285
843 289
844 293
845 297
846 301
847 305
848 309
849 313
850 317
851 321
852 325
853 329
854 333
855 337
856 341
857 345
858 349
859 353
860 357
861 361
862 365
863 369
864 373
865 377
866 381
867 385
868 389
869 393
870 397
871 401
872 405
873 409
874 413
875 417
876 421
877 425
878 429
879 433
880 437
881 441
882 445
883 449
884 453
885 457
886 461
887 465
888 469
889 473
890 477
891 481
892 485
893 489
894 493
895 497
896 501
897 505
898 509
899 513
900 517
901 521
902 525
903 529
904 533
905 537
906 541
907 545
908 548
909 552
910 556
911 560
912 564
913 568
914 572
915 576
916 580
917 584
918 588
919 592
920 596
921 600
922 604
923 608
924 612
925 616
926 620
927 624
928 628
929 632
930 636
931 640
932 644
933 648
934 652
935 656
936 660
937 663
938 666
939 668
940 672
941 676
942 680
943 684
944 687
945 691
946 695
947 699
948 703
949 707
950 711
951 715
952 719
953 723
954 727
955 731
956 735
957 739
958 743
959 747
960 751
961 755
962 759
963 762
964 764
965 768
966 772
967 775
968 779
969 783
970 787
971 791
972 795
973 798
974 801
975 804
976 807
977 810
978 813
979 816
980 819
981 822
982 825
983 828
984 831
985 834
986 837
987 841
988 844
989 847
990 850
991 853
992 856
993 859
994 863
995 867
996 871
997 875
998 879
999 883
1000 887
1001 891
1002 894
1003 898
1004 901
1005 904
1006 908
1007 912
1008 915
1009 918
1010 922
1011 926
1012 929
1013 932
1014 936
1015 940
1016 944
1017 948
1018 952
1019 956
1020 960
1021 964
1022 968
1023 972
1024 976
1025 980
1026 984
1027 988
1028 992
1029 996
1030 1000
1031 1004
1032 1008
1033 1011
1034 1015
1035 1019
1036 1023
1037 1027
1038 1031
1039 1035
1040 1039
1041 1043
1042 1047
1043 1051
1044 1055
1045 1059
1046 1063
1047 1067
1048 1071
1049 1075
1050 1079
1051 1083
1052 1087
1053 1091
1054 1095
1055 1099
1056 1103
1057 1107
1058 1111
1059 1115
1060 1119
1061 1123
1062 1127
1063 1131
1064 1135
1065 1139
1066 1143
1067 1147
1068 1151
1069 1155
1070 1159
1071 1163
1072 1167
1073 1171
1074 1175
1075 1179
1076 1182
1077 1186
1078 1190
1079 1194
1080 1198
1081 1202
1082 1206
1083 1210
1084 1214
1085 1218
1086 1222
1087 1226
1088 1230
1089 1234
1090 1238
1091 1242
1092 1246
1093 1250
1094 1254
1095 1258
1096 1262
1097 1266
1098 1270
1099 1274
1100 1278
1101 1282
1102 1286
1103 1290
1104 1294
1105 1298
1106 1302
1107 1306
1108 1309
1109 1313
1110 1317
1111 1321
1112 1325
1113 1328
1114 1332
1115 1336
1116 1339
1117 1342
1118 1345
1119 1349
1120 1353
1121 1357
1122 1361
1123 1365
1124 1369
1125 1373
1126 1377
1127 1380
1128 1384
1129 1388
1130 1392
1131 1396
1132 1400
1133 1404
1134 1408
1135 1411
1136 1415
1137 1419
1138 1423
1139 1427
1140 1431
1141 1435
1142 1439
1143 1443
1144 1447
1145 1450
1146 1454
1147 1458
1148 1462
1149 1466
1150 1470
1151 1474
1152 1478
1153 1482
1154 1486
1155 1490
1156 1494
1157 1498
1158 1502
1159 1506
1160 1510
1161 1514
1162 1518
1163 1522
1164 1525
1165 1529
1166 1533
1167 1537
1168 1541
1169 1545
1170 1549
1171 1553
1172 1557
1173 1561
1174 1565
1175 1569
1176 1573
1177 1577
1178 1581
1179 1585
1180 1589
1181 1593
1182 1597
1183 1601
1184 1605
1185 1609
1186 1613
1187 1617
1188 1621
1189 1625
1190 1629
1191 1633
1192 1637
1193 1641
1194 1645
1195 1649
1196 1653
1197 1657
1198 1661
1199 1665
1200 1669
1201 1673
1202 1677
1203 1681
1204 1685
1205 1689
1206 1693
1207 1697
1208 1701
1209 1705
1210 1709
1211 1713
1212 1716
1213 1720
1214 1724
1215 1728
1216 1732
1217 1736
1218 1740
1219 1744
1220 1748
1221 1752
1222 1756
1223 1760
1224 1764
1225 1768
1226 1772
1227 1776
1228 1780
1229 1784
1230 1788
1231 1792
1232 1796
1233 1800
1234 1804
1235 1808
1236 1812
1237 1816
1238 1820
1239 1824
1240 1828
1241 1832
1242 1836
1243 1840
1244 1844
1245 1848
1246 1852
1247 1856
1248 1860
1249 1863
1250 1867
1251 1871
1252 1875
1253 1879
1254 1883
1255 1887
1256 1891
1257 1895
1258 1899
1259 1903
1260 1907
1261 1911
1262 1915
1263 1919
1264 1923
1265 1927
1266 1931
1267 1935
1268 1939
1269 1943
1270 1947
1271 1951
1272 1955
1273 1959
1274 1963
1275 1967
1276 1971
1277 1975
1278 1979
1279 1983
1280 1987
1281 1991
1282 1995
1283 1999
1284 2003
1285 2007
1286 2011
1287 2015
1288 2019
1289 2023
1290 2027
1291 2031
1292 2035
1293 2039
1294 2043
1295 2047
1296 2051
1297 2055
1298 2059
1299 2063
1300 2067
1301 2071
1302 2075
1303 2079
1304 2083
1305 2087
1306 2091
1307 2095
1308 2099
1309 2103
1310 2107
1311 2111
1312 2115
1313 2119
1314 2123
1315 2127
1316 2131
1317 2135
1318 2139
1319 2143
1320 2147
1321 2151
1322 2155
1323 2159
1324 2163
1325 2167
1326 2171
1327 2175
1328 2179
1329 2183
1330 2187
1331 2191
1332 2195
1333 2199
1334 2203
1335 2207
1336 2211
1337 2215
1338 2219
1339 2223
1340 2227
1341 2231
1342 2235
1343 2239
1344 2243
1345 2247
1346 2251
1347 2255
1348 2259
1349 2263
1350 2267
1351 2271
1352 2275
1353 2279
1354 2283
1355 2287
1356 2291
1357 2295
1358 2299
1359 2303
1360 2307
1361 2311
1362 2315
1363 2319
1364 2323
1365 2327
1366 2331
1367 2335
1368 2339
1369 2343
1370 2347
1371 2351
1372 2355
1373 2359
1374 2363
1375 2367
1376 2371
1377 2375
1378 2379
1379 2383
1380 2387
1381 2391
1382 2395
1383 2399
1384 2403
1385 2407
1386 2411
1387 2415
1388 2419
1389 2423
1390 2427
1391 2431
1392 2435
1393 2439
1394 2443
1395 2447
1396 2451
1397 2455
1398 2459
1399 2463
1400 2467
1401 2471
1402 2475
1403 2479
1404 2483
1405 2487
1406 2491
1407 2495
1408 2499
1409 2503
1410 2507
1411 2511
1412 2515
1413 2519
1414 2523
1415 2527
1416 2531
1417 2535
1418 2539
1419 2543
1420 2547
1421 2551
1422 2555
1423 2559
1424 2563
1425 2567
1426 2571
1427 2575
1428 2579
1429 2583
1430 2587
1431 2591
1432 2595
1433 2599
1434 2603
1435 2607
1436 2611
1437 2615
1438 2619
1439 2623
1440 2627
1441 2631
1442 2635
1443 2639
1444 2643
1445 2647
1446 2651
1447 2655
1448 2659
1449 2663
1450 2667
1451 2671
1452 2675
1453 2679
1454 2683
1455 2687
1456 2691
1457 2695
1458 2699
1459 2703
1460 2707
1461 2711
1462 2715
1463 2719
1464 2723
1465 2726
1466 2730
1467 2734
1468 2738
1469 2742
1470 2746
1471 2750
1472 2754
1473 2758
1474 2762
1475 2766
1476 2770
1477 2774
1478 2778
1479 2782
1480 2786
1481 2790
1482 2794
1483 2798
1484 2802
1485 2806
1486 2810
1487 2814
1488 2818
1489 2822
1490 2826
1491 2830
1492 2834
1493 2838
1494 2842
1495 2846
1496 2850
1497 2854
1498 2858
1499 2862
1500 2866
1501 2870
1502 2874
1503 2878
1504 2882
1505 2886
1506 2890
1507 2894
1508 2897
1509 2901
1510 2904
1511 2908
1512 2912
1513 2916
1514 2920
1515 2923
1516 2927
1517 2931
1518 2935
1519 2939
1520 2943
1521 2947
1522 2951
1523 2955
1524 2959
1525 2963
1526 2967
1527 2971
1528 2975
1529 2979
1530 2983
1531 2987
1532 2991
1533 2995
1534 2999
1535 3003
1536 3007
1537 3011
1538 3015
1539 3019
1540 3023
1541 3027
1542 3031
1543 3035
1544 3039
1545 3043
1546 3047
1547 3051
1548 3055
1549 3059
1550 3063
1551 3067
1552 3071
1553 3075
1554 3079
1555 3083
1556 3087
1557 3091
1558 3095
1559 3099
1560 3103
1561 3107
1562 3111
1563 3115
1564 3119
1565 3123
1566 3127
1567 3131
1568 3135
1569 3139
1570 3143
1571 3147
1572 3151
1573 3155
1574 3159
1575 3163
1576 3167
1577 3171
1578 3175
1579 3179
1580 3183
1581 3187
1582 3191
1583 3195
1584 3199
1585 3203
1586 3207
1587 3211
1588 3215
1589 3219
1590 3223
1591 3227
1592 3231
1593 3235
1594 3239
1595 3243
1596 3247
1597 3251
1598 3255
1599 3259
1600 3263
1601 3267
1602 3271
1603 3275
1604 3279
1605 3283
1606 3287
1607 3291
1608 3295
1609 3299
1610 3303
1611 3307
1612 3311
1613 3315
1614 3319
1615 3323
1616 3327
1617 3331
1618 3335
1619 3339
1620 3343
1621 3347
1622 3351
1623 3355
1624 3359
1625 3363
1626 3367
1627 3371
1628 3375
1629 3379
1630 3383
1631 3387
1632 3391
1633 3395
1634 3399
1635 3403
1636 3407
1637 3411
1638 3415
1639 3419
1640 3423
1641 3427
1642 3431
1643 3435
1644 3439
1645 3443
1646 3447
1647 3451
1648 3455
1649 3459
1650 3463
1651 3467
1652 3471
1653 3475
1654 3479
1655 3483
1656 3487
1657 3491
1658 3495
1659 3499
1660 3503
1661 3507
1662 3511
1663 3515
1664 3519
1665 3523
1666 3527
1667 3531
1668 3535
1669 3539
1670 3543
1671 3547
1672 3551
1673 3555
1674 3559
1675 3563
1676 3567
1677 3571
1678 3575
1679 3579
1680 3583
1681 3587
1682 3591
1683 3595
1684 3599
1685 3603
1686 3607
1687 3611
1688 3615
1689 3619
1690 3623
1691 3627
1692 3631
1693 3635
1694 3639
1695 3643
1696 3647
1697 3651
1698 3655
1699 3659
1700 3663
1701 3667
1702 3671
1703 3674
1704 3678
1705 3682
1706 3686
1707 3689
1708 3693
1709 3697
1710 3701
1711 3705
1712 3709
1713 3713
1714 3717
1715 3721
1716 3725
1717 3728
1718 3732
1719 3735
1720 3739
1721 3743
1722 3747
1723 3750
1724 3754
1725 3758
1726 3762
1727 3766
1728 3770
1729 3774
1730 3778
1731 3782
1732 3786
1733 3790
1734 3794
1735 3798
1736 3802
1737 3806
1738 3809
1739 3813
1740 3817
1741 3821
1742 3825
1743 3829
1744 3833
1745 3837
1746 3841
1747 3845
1748 3849
1749 3853
1750 3857
1751 3861
1752 3865
1753 3869
1754 3872
1755 3876
1756 3880
1757 3884
1758 3888
1759 3892
1760 3896
1761 3900
1762 3904
1763 3908
1764 3912
1765 3916
1766 3920
1767 3924
1768 3928
1769 3932
1770 3936
1771 3940
1772 3944
1773 3948
1774 3952
1775 3956
1776 3960
1777 3964
1778 3968
1779 3972
1780 3976
1781 3980
1782 3984
1783 3988
1784 3992
1785 3996
1786 4000
1787 4004
1788 4008
1789 4012
1790 4016
1791 4020
1792 4024
1793 4028
1794 4032
1795 4036
1796 4040
1797 4044
1798 4048
1799 4052
1800 4056
1801 4060
1802 4064
1803 4068
1804 4072
1805 4076
1806 4080
1807 4084
1808 4088
1809 4092
1810 4096
1811 4100
1812 4104
1813 4108
1814 4112
1815 4116
1816 4120
1817 4124
1818 4128
1819 4132
1820 4136
1821 4140
1822 4144
1823 4148
1824 4152
1825 4156
1826 4159
1827 4163
1828 4167
1829 4171
1830 4175
1831 4179
1832 4183
1833 4187
1834 4191
1835 4195
1836 4199
1837 4203
1838 4207
1839 4211
1840 4215
1841 4219
1842 4223
1843 4227
1844 4231
1845 4235
1846 4239
1847 4243
1848 4247
1849 4251
1850 4255
1851 4259
1852 4263
1853 4267
1854 4271
1855 4275
1856 4279
1857 4283
1858 4287
1859 4291
1860 4295
1861 4299
1862 4303
1863 4307
1864 4311
1865 4315
1866 4319
1867 4323
1868 4327
1869 4331
1870 4335
1871 4339
1872 4343
1873 4346
1874 4350
1875 4353
1876 4357
1877 4361
1878 4365
1879 4369
1880 4373
1881 4377
1882 4381
1883 4385
1884 4389
1885 4393
1886 4397
1887 4401
1888 4405
1889 4409
1890 4413
1891 4417
1892 4421
1893 4424
1894 4428
1895 4432
1896 4436
1897 4440
1898 4444
1899 4448
1900 4452
1901 4456
1902 4460
1903 4464
1904 4468
1905 4472
1906 4476
1907 4480
1908 4484
1909 4488
1910 4491
1911 4495
1912 4499
1913 4503
1914 4507
1915 4511
1916 4515
1917 4519
1918 4523
1919 4527
1920 4531
1921 4535
1922 4539
1923 4543
1924 4547
1925 4551
1926 4555
1927 4559
1928 4563
1929 4567
1930 4571
1931 4575
1932 4579
1933 4583
1934 4587
1935 4591
1936 4595
1937 4599
1938 4603
1939 4607
1940 4611
1941 4615
1942 4619
1943 4623
1944 4627
1945 4631
1946 4635
1947 4639
1948 4643
1949 4647
1950 4651
1951 4655
1952 4659
1953 4663
1954 4667
1955 4671
1956 4675
1957 4679
1958 4683
1959 4687
1960 4691
1961 4695
1962 4699
1963 4703
1964 4707
1965 4711
1966 4715
1967 4719
1968 4723
1969 4727
1970 4731
1971 4735
1972 4739
1973 4743
1974 4747
1975 4751
1976 4755
1977 4759
1978 4763
1979 4767
1980 4771
1981 4775
1982 4779
1983 4783
1984 4787
1985 4791
1986 4795
1987 4799
1988 4803
1989 4807
1990 4811
1991 4815
1992 4819
1993 4823
1994 4827
1995 4831
1996 4835
1997 4839
1998 4843
1999 4847
2000 4851
2001 4855
2002 4859
2003 4863
2004 4867
2005 4871
2006 4875
2007 4879
2008 4883
2009 4887
2010 4891
2011 4895
2012 4899
2013 4903
2014 4907
2015 4911
2016 4915
2017 4919
2018 4923
2019 4927
2020 4931
2021 4935
2022 4939
2023 4943
2024 4947
2025 4951
2026 4955
2027 4959
2028 4963
2029 4967
2030 4971
2031 4975
2032 4979
2033 4983
2034 4987
2035 4991
2036 4995
2037 4999
2038 5003
2039 5007
2040 5011
2041 5015
2042 5019
2043 5023
2044 5027
2045 5031
2046 5034
2047 5038
2048 5042
2049 5046
2050 5050
2051 5054
2052 5058
2053 5062
2054 5066
2055 5070
2056 5074
2057 5078
2058 5082
2059 5086
2060 5090
2061 5094
2062 5098
2063 5102
2064 5106
2065 5110
2066 5114
2067 5118
2068 5122
2069 5126
2070 5130
2071 5134
2072 5138
2073 5142
2074 5146
2075 5150
2076 5153
2077 5157
2078 5161
2079 5165
2080 5169
2081 5173
2082 5177
2083 5181
2084 5185
2085 5189
2086 5193
2087 5197
2088 5201
2089 5205
2090 5209
2091 5213
2092 5217
2093 5221
2094 5225
2095 5229
2096 5233
2097 5237
2098 5241
2099 5245
2100 5249
2101 5253
2102 5257
2103 5261
2104 5265
2105 5269
2106 5273
2107 5277
2108 5281
2109 5285
2110 5289
2111 5293
2112 5297
2113 5301
2114 5305
2115 5309
2116 5313
2117 5317
2118 5321
2119 5325
2120 5329
2121 5333
2122 5337
2123 5341
2124 5345
2125 5349
2126 5353
2127 5357
2128 5361
2129 5365
2130 5369
2131 5373
2132 5377
2133 5381
2134 5385
2135 5389
2136 5393
2137 5397
2138 5401
2139 5405
2140 5409
2141 5413
2142 5417
2143 5421
2144 5425
2145 5429
2146 5433
2147 5437
2148 5441
2149 5445
2150 5449
2151 5453
2152 5457
2153 5461
2154 5465
2155 5469
2156 5473
2157 5477
2158 5481
2159 5485
2160 5489
2161 5493
2162 5497
2163 5501
2164 5505
2165 5509
2166 5513
2167 5517
2168 5521
2169 5525
2170 5529
2171 5533
2172 5537
2173 5541
2174 5545
2175 5549
2176 5553
2177 5557
2178 5561
2179 5565
2180 5569
2181 5573
2182 5577
2183 5581
2184 5585
2185 5589
2186 5593
2187 5597
2188 5601
2189 5605
2190 5609
2191 5613
2192 5617
2193 5621
2194 5625
2195 5629
2196 5633
2197 5637
2198 5641
2199 5645
2200 5649
2201 5653
2202 5657
2203 5661
2204 5665
2205 5669
2206 5673
2207 5677
2208 5681
2209 5685
2210 5689
2211 5693
2212 5696
2213 5700
2214 5704
2215 5708
2216 5712
2217 5716
2218 5720
2219 5724
2220 5728
2221 5732
2222 5736
2223 5740
2224 5744
2225 5748
2226 5752
2227 5756
2228 5760
2229 5764
2230 5768
2231 5772
2232 5776
2233 5780
2234 5784
2235 5788
2236 5792
2237 5796
2238 5800
2239 5804
2240 5808
2241 5812
2242 5816
2243 5820
2244 5824
2245 5828
2246 5832
2247 5835
2248 5839
2249 5843
2250 5847
2251 5851
2252 5855
2253 5859
2254 5863
2255 5867
2256 5871
2257 5875
2258 5879
2259 5883
2260 5887
2261 5891
2262 5895
2263 5899
2264 5903
2265 5907
2266 5911
2267 5915
2268 5919
2269 5923
2270 5927
2271 5931
2272 5935
2273 5939
2274 5943
2275 5947
2276 5951
2277 5955
2278 5959
2279 5963
2280 5967
2281 5971
2282 5975
2283 5979
2284 5983
2285 5987
2286 5991
2287 5995
2288 5999
2289 6003
2290 6007
2291 6011
2292 6015
2293 6019
2294 6023
2295 6027
2296 6031
2297 6035
2298 6039
2299 6043
2300 6047
2301 6051
2302 6055
2303 6059
2304 6063
2305 6067
2306 6071
2307 6075
2308 6079
2309 6083
2310 6087
2311 6091
2312 6095
2313 6099
2314 6103
2315 6107
2316 6111
2317 6115
2318 6119
2319 6123
2320 6127
2321 6131
2322 6135
2323 6139
2324 6143
2325 6147
2326 6151
2327 6155
2328 6159
2329 6163
2330 6167
2331 6171
2332 6175
2333 6179
2334 6183
2335 6187
2336 6191
2337 6195
2338 6199
2339 6203
2340 6207
2341 6211
2342 6215
2343 6219
2344 6223
2345 6227
2346 6231
2347 6235
2348 6239
2349 6243
2350 6247
2351 6251
2352 6255
2353 6259
2354 6263
2355 6267
2356 6271
2357 6275
2358 6279
2359 6283
2360 6287
2361 6291
2362 6295
2363 6299
2364 6303
2365 6307
2366 6311
2367 6315
2368 6319
2369 6323
2370 6327
2371 6331
2372 6335
2373 6339
2374 6343
2375 6347
2376 6351
2377 6355
2378 6359
2379 6363
2380 6367
2381 6371
2382 6375
2383 6379
2384 6383
2385 6387
2386 6391
2387 6395
2388 6399
2389 6403
2390 6407
2391 6411
2392 6415
2393 6419
2394 6423
2395 6427
2396 6431
2397 6435
2398 6439
2399 6443
2400 6446
2401 6450
2402 6453
2403 6457
2404 6461
2405 6465
2406 6469
2407 6473
2408 6477
2409 6481
2410 6485
2411 6489
2412 6493
2413 6497
2414 6501
2415 6505
2416 6509
2417 6513
2418 6517
2419 6521
2420 6525
2421 6529
2422 6533
2423 6537
2424 6541
2425 6545
2426 6549
2427 6553
2428 6557
2429 6561
2430 6565
2431 6569
2432 6573
2433 6577
2434 6581
2435 6585
2436 6589
2437 6593
2438 6597
2439 6601
2440 6605
2441 6609
2442 6613
2443 6617
2444 6621
2445 6625
2446 6629
2447 6633
2448 6637
2449 6641
2450 6645
2451 6649
2452 6653
2453 6657
2454 6661
2455 6665
2456 6669
2457 6673
2458 6677
2459 6681
2460 6685
2461 6689
2462 6693
2463 6697
2464 6701
2465 6705
2466 6709
2467 6713
2468 6717
2469 6721
2470 6725
2471 6729
2472 6733
2473 6737
2474 6741
2475 6745
2476 6749
2477 6753
2478 6757
2479 6761
2480 6765
2481 6769
2482 6773
2483 6777
2484 6781
2485 6785
2486 6789
2487 6793
2488 6797
2489 6801
2490 6805
2491 6809
2492 6813
2493 6817
2494 6821
2495 6825
2496 6829
2497 6833
2498 6837
2499 6841
2500 6845
2501 6849
2502 6853
2503 6857
2504 6861
2505 6865
2506 6869
2507 6873
2508 6877
2509 6881
2510 6885
2511 6889
2512 6893
2513 6897
2514 6901
2515 6905
2516 6909
2517 6913
2518 6917
2519 6921
2520 6925
2521 6929
2522 6933
2523 6937
2524 6941
2525 6945
2526 6949
2527 6953
2528 6957
2529 6961
2530 6965
2531 6969
2532 6973
2533 6977
2534 6981
2535 6985
2536 6989
2537 6993
2538 6997
2539 7001
2540 7005
2541 7009
2542 7013
2543 7017
2544 7021
2545 7025
2546 7029
2547 7033
2548 7037
2549 7041
2550 7045
2551 7049
2552 7053
2553 7057
2554 7061
2555 7065
2556 7069
2557 7073
2558 7077
2559 7081
2560 7085
2561 7089
2562 7093
2563 7097
2564 7101
2565 7105
2566 7109
2567 7113
2568 7117
2569 7121
2570 7125
2571 7129
2572 7133
2573 7137
2574 7141
2575 7145
2576 7149
2577 7153
2578 7157
2579 7161
2580 7165
2581 7169
2582 7173
2583 7177
2584 7181
2585 7185
2586 7189
2587 7193
2588 7197
2589 7201
2590 7205
2591 7209
2592 7213
2593 7217
2594 7221
2595 7225
2596 7229
2597 7233
2598 7237
2599 7241
2600 7245
2601 7249
2602 7253
2603 7257
2604 7261
2605 7265
2606 7269
2607 7273
2608 7277
2609 7281
2610 7285
2611 7289
2612 7293
2613 7297
2614 7301
2615 7305
2616 7309
2617 7313
2618 7317
2619 7321
2620 7325
2621 7329
2622 7333
2623 7337
2624 7341
2625 7345
2626 7349
2627 7353
2628 7357
2629 7361
2630 7365
2631 7369
2632 7373
2633 7377
2634 7381
2635 7385
2636 7389
2637 7393
2638 7397
2639 7401
2640 7405
2641 7409
2642 7413
2643 7417
2644 7421
2645 7425
2646 7429
2647 7433
2648 7437
2649 7441
2650 7445
2651 7449
2652 7453
2653 7457
2654 7461
2655 7465
2656 7469
2657 7473
2658 7477
2659 7481
2660 7485
2661 7488
2662 7492
2663 7496
2664 7500
2665 7504
2666 7508
2667 7512
2668 7516
2669 7520
2670 7524
2671 7528
2672 7532
2673 7536
2674 7540
2675 7544
2676 7548
2677 7552
2678 7556
2679 7560
2680 7564
2681 7568
2682 7572
2683 7576
2684 7580
2685 7584
2686 7588
2687 7592
2688 7596
2689 7600
2690 7604
2691 7608
2692 7612
2693 7616
2694 7620
2695 7624
2696 7628
2697 7632
2698 7636
2699 7640
2700 7644
2701 7648
2702 7652
2703 7656
2704 7660
2705 7664
2706 7668
2707 7672
2708 7676
2709 7680
2710 7684
2711 7688
2712 7691
2713 7695
2714 7698
2715 7701
2716 7705
2717 7709
2718 7713
2719 7717
2720 7721
2721 7725
2722 7729
2723 7733
2724 7737
2725 7741
2726 7745
2727 7749
2728 7753
2729 7757
2730 7761
2731 7765
2732 7769
2733 7773
2734 7777
2735 7781
2736 7785
2737 7789
2738 7793
2739 7797
2740 7801
2741 7805
2742 7809
2743 7813
2744 7817
2745 7821
2746 7825
2747 7829
2748 7833
2749 7837
2750 7841
2751 7845
2752 7849
2753 7853
2754 7857
2755 7861
2756 7865
2757 7869
2758 7873
2759 7877
2760 7881
2761 7885
2762 7889
2763 7893
2764 7897
2765 7901
2766 7905
2767 7909
2768 7913
2769 7917
2770 7921
2771 7925
2772 7929
2773 7933
2774 7937
2775 7941
2776 7945
2777 7949
2778 7953
2779 7957
2780 7961
2781 7965
2782 7969
2783 7973
2784 7977
2785 7981
2786 7985
2787 7989
2788 7993
2789 7997
2790 8001
2791 8005
2792 8009
2793 8013
2794 8017
2795 8021
2796 8024
2797 8028
2798 8031
2799 8035
2800 8039
2801 8043
2802 8047
2803 8051
2804 8055
2805 8059
2806 8063
2807 8067
2808 8071
2809 8075
2810 8079
2811 8083
2812 8087
2813 8091
2814 8095
2815 8099
2816 8103
2817 8107
2818 8111
2819 8115
2820 8119
2821 8123
2822 8127
2823 8131
2824 8135
2825 8139
2826 8143
2827 8147
2828 8151
2829 8155
2830 8159
2831 8163
2832 8167
2833 8171
2834 8175
2835 8179
2836 8183
2837 8187
2838 8191
2839 8195
2840 8199
2841 8203
2842 8207
2843 8211
2844 8215
2845 8219
2846 8223
2847 8227
2848 8231
2849 8235
2850 8239
2851 8243
2852 8247
2853 8251
2854 8255
2855 8259
2856 8263
2857 8267
2858 8271
2859 8275
2860 8279
2861 8283
2862 8287
2863 8291
2864 8295
2865 8299
2866 8303
2867 8307
2868 8311
2869 8315
2870 8319
2871 8323
2872 8327
2873 8331
2874 8335
2875 8339
2876 8343
2877 8347
2878 8351
2879 8355
2880 8359
2881 8363
2882 8367
2883 8371
2884 8375
2885 8379
2886 8383
2887 8387
2888 8391
2889 8395
2890 8399
2891 8403
2892 8407
2893 8411
2894 8415
2895 8419
2896 8423
2897 8427
2898 8431
2899 8435
2900 8439
2901 8443
2902 8447
2903 8451
2904 8455
2905 8459
2906 8463
2907 8467
2908 8471
2909 8475
2910 8479
2911 8483
2912 8487
2913 8491
2914 8495
2915 8499
2916 8503
2917 8507
2918 8511
2919 8515
2920 8519
2921 8523
2922 8527
2923 8531
2924 8535
2925 8539
2926 8543
2927 8547
2928 8551
2929 8555
2930 8559
2931 8563
2932 8567
2933 8571
2934 8575
2935 8579
2936 8583
2937 8587
2938 8591
2939 8595
2940 8599
2941 8603
2942 8607
2943 8611
2944 8615
2945 8619
2946 8623
2947 8627
2948 8631
2949 8635
2950 8639
2951 8643
2952 8647
2953 8651
2954 8655
2955 8659
2956 8663
2957 8667
2958 8671
2959 8675
2960 8679
2961 8683
2962 8687
2963 8691
2964 8695
2965 8699
2966 8703
2967 8707
2968 8711
2969 8715
2970 8719
2971 8723
2972 8727
2973 8731
2974 8735
2975 8739
