0 399
1 411
2 423
3 435
4 447
5 459
6 471
7 483
8 495
9 506
10 518
11 530
12 541
13 553
14 565
15 577
16 589
17 601
18 610
19 622
20 634
21 643
22 653
23 665
24 677
25 687
26 695
27 706
28 718
29 730
30 741
31 750
32 762
33 774
34 786
35 798
36 810
37 822
38 834
39 846
40 858
41 869
42 881
43 893
44 905
45 917
46 929
47 941
48 953
49 965
50 977
51 988
52 999
53 1011
54 1022
55 1026
56 1038
57 1050
58 1062
59 1074
60 1086
61 1098
62 1110
63 1121
64 1133
65 1143
66 1154
67 1164
68 1175
69 1184
70 1190
71 1202
72 1214
73 1226
74 1238
75 1249
76 1261
77 1273
78 1285
79 1296
80 1307
81 1319
82 1329
83 1341
84 1353
85 1365
86 1377
87 1389
88 1401
89 1413
90 1425
91 1437
92 1449
93 1460
94 1468
95 1478
96 1488
97 1500
98 1512
99 1524
100 1535
101 1547
102 1559
103 1571
104 1583
105 1595
106 1606
107 1618
108 1630
109 1635
110 1642
111 1649
112 1660
113 1670
114 1675
115 1687
116 1699
117 1710
118 1720
119 1729
120 1739
121 1751
122 1763
123 1775
124 1787
125 1799
126 1810
127 1822
128 1834
129 1846
130 1858
131 1870
132 1882
133 1894
134 1906
135 1918
136 1930
137 1942
138 1954
139 1966
140 1978
141 1990
142 2002
143 2014
144 2026
145 2038
146 2050
147 2062
148 2074
149 2086
150 2095
151 2105
152 2117
153 2129
154 2140
155 2151
156 2162
158 2167
159 2176
160 2185
161 2195
162 2206
163 2215
164 2226
165 2236
166 2244
167 2252
168 2259
169 2270
170 2278
171 2281
172 2285
173 2296
174 2308
175 2317
176 2323
177 2327
178 2331
179 2341
180 2348
181 2359
182 2366
183 2374
184 2378
185 2389
186 2401
187 2410
188 2417
189 2425
190 2435
191 2445
192 2452
193 2459
194 2465
195 2473
196 2485
197 2495
198 2503
199 2511
200 2521
201 2530
202 2541
203 2553
204 2565
205 2577
206 2589
207 2601
208 2613
209 2625
210 2632
211 2643
212 2654
213 2662
214 2672
215 2678
216 2686
217 2696
218 2706
219 2717
220 2729
221 2741
222 2753
223 2765
224 2776
225 2788
226 2794
227 2803
228 2815
229 2827
230 2839
231 2851
232 2863
233 2875
234 2887
235 2899
236 2911
237 2923
238 2935
239 2944
240 2948
241 2959
242 2970
243 2982
244 2994
245 3006
246 3018
247 3030
248 3040
249 3049
250 3059
251 3069
252 3080
253 3092
254 3102
255 3111
256 3123
257 3135
258 3147
259 3159
260 3171
261 3183
262 3195
263 3207
264 3219
265 3231
266 3243
267 3255
268 3267
269 3279
270 3291
271 3303
272 3315
273 3327
274 3339
275 3351
276 3363
277 3375
278 3387
279 3399
280 3410
281 3420
282 3430
283 3440
284 3450
285 3457
286 3468
287 3478
288 3488
289 3498
290 3510
291 3522
292 3534
293 3546
294 3555
295 3567
296 3577
297 3588
298 3599
299 3611
300 3623
301 3635
302 3644
303 3654
304 3665
305 3675
306 3685
307 3693
308 3705
309 3712
310 3718
312 3726
313 3735
314 3747
315 3759
316 3771
317 3783
318 3795
319 3807
320 3818
321 3830
322 3842
323 3854
324 3866
325 3878
326 3890
327 3902
328 3914
329 3926
330 3938
331 3947
332 3958
333 3965
334 3972
336 3973
337 3977
338 3986
339 3998
340 4009
341 4021
342 4030
343 4042
344 4054
345 4066
346 4078
347 4090
348 4102
349 4114
350 4126
351 4138
352 4150
353 4162
354 4174
355 4186
356 4198
357 4210
358 4222
359 4234
360 4245
361 4256
362 4267
363 4279
364 4291
365 4303
366 4315
367 4327
368 4338
369 4350
370 4362
371 4374
372 4386
373 4397
374 4408
375 4418
376 4427
377 4437
378 4448
379 4459
380 4469
381 4481
382 4493
383 4505
384 4515
385 4525
386 4535
387 4545
388 4557
389 4569
390 4581
391 4593
392 4605
393 4617
394 4629
395 4641
396 4653
397 4665
398 4677
399 4689
400 4700
401 4704
402 4714
403 4725
404 4737
405 4749
406 4761
407 4773
408 4784
409 4793
410 4802
411 4812
412 4823
413 4834
414 4846
415 4858
416 4869
417 4879
418 4881
419 4888
420 4894
421 4903
422 4915
423 4927
424 4939
425 4950
426 4960
427 4968
428 4976
429 4987
430 4998
431 5009
432 5018
433 5026
435 5039
436 5050
437 5062
438 5074
439 5086
440 5098
441 5110
442 5122
443 5134
444 5145
445 5153
446 5160
449 5162
450 5164
451 5165
452 5168
453 5173
454 5177
455 5179
456 5182
457 5187
460 5191
461 5202
462 5214
463 5226
464 5238
465 5250
466 5262
467 5274
468 5286
469 5296
470 5303
471 5306
474 5308
475 5309
476 5316
479 5320
480 5329
481 5337
482 5347
486 5350
487 5357
488 5367
489 5376
490 5386
491 5393
492 5404
493 5416
494 5428
495 5440
496 5452
501 5460
502 5464
504 5466
508 5471
511 5478
512 5488
513 5500
514 5512
515 5524
516 5536
517 5548
518 5560
519 5572
520 5584
521 5595
522 5607
523 5619
524 5631
525 5640
526 5651
527 5661
528 5673
529 5685
530 5697
531 5709
532 5719
533 5729
534 5740
535 5747
536 5751
537 5761
538 5769
539 5781
540 5793
541 5803
542 5815
543 5827
544 5836
545 5848
546 5859
547 5871
548 5883
549 5895
550 5907
551 5919
552 5931
553 5943
554 5953
555 5963
556 5973
557 5982
558 5988
559 5990
562 5995
563 5999
564 6009
565 6021
566 6033
567 6045
568 6057
569 6069
570 6081
571 6093
572 6105
573 6117
574 6129
575 6141
576 6153
577 6165
578 6177
579 6189
580 6201
581 6213
582 6225
583 6237
584 6249
585 6261
586 6273
587 6285
588 6297
589 6309
590 6321
591 6333
592 6345
593 6357
594 6369
595 6381
596 6393
597 6405
598 6416
599 6427
600 6437
601 6447
603 6458
604 6467
605 6475
606 6479
607 6490
608 6500
609 6511
610 6521
611 6533
612 6544
613 6557
614 6569
615 6579
616 6591
617 6596
618 6601
619 6612
620 6622
621 6634
622 6646
623 6657
624 6667
625 6678
626 6690
627 6697
628 6702
629 6707
630 6711
631 6722
632 6729
633 6739
634 6747
635 6755
636 6758
637 6769
638 6781
639 6791
640 6803
641 6815
642 6827
643 6839
644 6851
645 6863
646 6875
647 6887
648 6899
649 6911
650 6923
651 6935
652 6945
653 6956
654 6959
655 6968
656 6975
657 6985
658 6992
659 6998
660 7008
661 7020
662 7032
663 7044
664 7056
665 7068
666 7080
667 7092
668 7104
669 7116
670 7128
671 7140
672 7152
673 7164
674 7176
675 7188
676 7200
677 7212
678 7224
679 7236
680 7247
681 7259
682 7271
683 7283
684 7295
685 7307
686 7319
687 7331
688 7343
689 7355
690 7367
691 7379
692 7391
693 7403
694 7415
695 7427
696 7439
697 7450
698 7460
700 7476
701 7486
702 7496
703 7508
704 7520
705 7532
706 7544
707 7556
708 7568
709 7580
710 7592
711 7604
712 7616
713 7628
714 7639
715 7651
716 7663
717 7673
718 7684
719 7695
720 7706
721 7718
722 7730
723 7742
724 7754
725 7766
726 7777
727 7789
728 7801
729 7813
730 7825
731 7837
732 7849
733 7861
734 7873
735 7885
736 7897
737 7909
738 7921
739 7933
740 7945
741 7957
742 7969
743 7981
744 7993
745 8005
746 8017
747 8029
748 8041
749 8053
750 8065
751 8077
752 8089
753 8101
754 8113
755 8125
756 8137
757 8149
758 8161
759 8173
760 8185
761 8197
762 8209
763 8221
764 8233
765 8245
766 8257
767 8269
768 8281
769 8293
770 8305
771 8317
772 8329
773 8341
774 8353
775 8365
776 8377
777 8389
778 8401
779 8413
780 8425
781 8437
782 8449
783 8461
784 8473
785 8485
786 8497
787 8509
788 8521
789 8533
790 8545
791 8557
792 8569
793 8581
794 8593
795 8605
796 8617
797 8629
798 8641
799 8653
800 8665
801 8677
802 8689
803 8701
804 8713
805 8724
806 8734
807 8745
808 8755
809 8767
810 8779
811 8791
812 8803
813 8815
814 8827
815 8839
816 8851
817 8862
818 8871
819 8883
820 8895
821 8907
822 8919
823 8931
824 8943
825 8955
826 8967
827 8979
828 8991
829 9003
830 9015
831 9027
832 9039
833 9051
834 9063
835 9075
836 9087
837 9099
838 9111
839 9123
840 9135
841 9147
842 9159
843 9171
844 9183
845 9195
846 9207
847 9219
848 9231
849 9243
850 9255
851 9267
852 9279
853 9291
854 9303
855 9315
856 9327
857 9339
858 9351
859 9363
860 9375
861 9387
862 9399
863 9411
