15 5
17 13
18 25
20 37
21 49
22 60
23 70
24 78
25 88
27 90
31 95
32 99
33 103
34 114
35 126
36 135
37 145
38 157
39 169
40 180
41 191
42 194
45 195
47 202
48 207
49 218
50 230
51 242
52 245
53 253
54 260
55 268
56 278
57 286
63 299
64 310
65 320
66 332
67 344
68 356
69 367
70 379
71 391
72 403
73 415
74 427
75 439
76 451
77 463
78 475
79 487
80 499
81 511
82 523
83 535
84 547
85 559
86 571
87 583
88 595
89 607
90 619
91 631
92 643
93 655
94 667
95 679
96 691
97 703
98 715
99 727
100 739
101 751
102 763
103 775
104 787
105 799
106 808
107 816
108 826
109 837
110 849
111 861
112 873
113 885
114 897
115 909
116 921
117 933
118 945
119 957
120 969
121 981
122 993
123 1004
124 1016
125 1028
126 1040
127 1049
128 1058
129 1070
130 1081
131 1093
132 1102
133 1113
134 1124
135 1133
136 1145
137 1155
138 1166
139 1178
140 1190
141 1202
142 1214
143 1226
144 1238
145 1250
146 1262
147 1274
148 1286
149 1298
150 1310
151 1322
152 1334
153 1346
154 1358
155 1366
156 1376
157 1388
158 1400
159 1412
160 1424
161 1436
162 1448
163 1460
164 1472
165 1484
166 1496
167 1508
168 1520
169 1532
170 1544
171 1556
172 1568
173 1580
174 1592
175 1604
176 1616
177 1628
178 1640
179 1652
180 1664
181 1676
182 1688
183 1700
184 1712
185 1723
186 1735
187 1747
188 1759
189 1770
190 1782
191 1794
192 1804
193 1807
194 1819
195 1830
196 1841
197 1850
198 1861
199 1873
200 1884
201 1894
202 1900
203 1907
204 1916
205 1925
206 1930
207 1933
208 1939
209 1944
210 1950
211 1958
212 1970
213 1982
214 1994
215 2006
216 2018
217 2030
218 2042
219 2053
220 2063
221 2072
222 2083
223 2093
224 2104
225 2112
226 2116
227 2125
228 2137
229 2149
230 2158
231 2169
232 2180
233 2192
234 2204
235 2216
236 2226
237 2238
238 2250
239 2262
240 2273
241 2285
242 2297
243 2309
244 2319
245 2330
246 2339
247 2350
248 2356
249 2368
250 2380
251 2392
252 2404
253 2416
254 2428
255 2439
256 2451
257 2463
258 2475
259 2487
260 2499
261 2511
262 2523
263 2535
264 2547
265 2559
266 2571
267 2583
268 2595
269 2607
270 2619
271 2630
272 2642
273 2651
274 2660
275 2668
276 2679
277 2691
278 2703
279 2715
280 2727
281 2739
282 2751
283 2763
284 2775
285 2787
286 2799
287 2811
288 2822
289 2832
290 2844
291 2856
292 2867
293 2872
294 2881
295 2893
296 2905
297 2917
298 2929
299 2937
300 2944
301 2956
302 2968
303 2980
304 2992
305 3004
306 3016
307 3028
308 3040
309 3052
310 3064
311 3076
312 3088
313 3100
314 3112
315 3124
316 3136
317 3148
318 3160
319 3172
320 3178
321 3184
322 3190
323 3199
324 3211
325 3223
326 3235
327 3247
328 3259
329 3271
330 3283
331 3295
332 3304
333 3315
334 3327
335 3339
336 3351
337 3362
338 3374
339 3386
340 3398
341 3410
342 3420
343 3432
344 3444
345 3454
346 3464
347 3475
348 3487
349 3499
350 3509
351 3520
352 3532
353 3544
354 3555
355 3565
356 3569
357 3573
358 3579
359 3585
360 3593
361 3605
362 3614
363 3622
364 3631
365 3642
366 3651
367 3653
368 3658
369 3663
370 3667
372 3671
373 3672
374 3678
375 3687
376 3699
377 3711
378 3723
379 3731
380 3742
381 3753
382 3756
383 3760
385 3762
386 3774
387 3786
388 3798
390 3805
393 3815
394 3826
395 3834
396 3841
397 3848
398 3855
400 3869
402 3876
403 3880
404 3888
405 3896
406 3900
407 3904
408 3912
409 3922
410 3934
411 3945
412 3957
413 3968
414 3980
415 3992
416 4004
417 4016
419 4022
420 4030
422 4040
424 4049
425 4061
426 4073
427 4085
428 4097
429 4107
430 4114
431 4123
432 4132
433 4144
434 4155
435 4167
436 4179
437 4191
438 4203
439 4215
440 4227
441 4239
442 4251
443 4263
444 4275
445 4287
446 4296
447 4308
448 4320
449 4330
450 4334
451 4344
452 4356
453 4368
454 4380
455 4392
456 4404
457 4416
458 4428
459 4440
460 4452
461 4464
462 4476
463 4488
464 4500
465 4512
466 4524
467 4536
468 4548
469 4560
470 4572
471 4584
472 4596
473 4608
474 4620
475 4631
476 4639
477 4648
478 4658
479 4669
480 4681
481 4693
482 4705
483 4717
484 4729
485 4741
486 4753
487 4763
488 4772
489 4784
490 4796
492 4808
493 4818
494 4830
495 4840
496 4848
497 4854
498 4866
499 4876
500 4888
501 4900
502 4912
503 4924
504 4936
505 4948
506 4959
507 4970
508 4980
509 4990
511 5001
512 5012
513 5021
514 5031
515 5043
516 5055
517 5066
518 5078
519 5090
520 5102
521 5113
522 5124
523 5136
524 5145
525 5157
526 5169
527 5181
528 5193
529 5202
530 5210
531 5221
532 5232
533 5243
534 5250
535 5258
536 5270
537 5282
538 5292
539 5302
540 5313
541 5325
542 5337
543 5349
544 5361
545 5373
546 5385
547 5397
548 5409
549 5421
550 5433
551 5445
552 5456
553 5465
554 5470
555 5479
556 5489
557 5500
558 5509
559 5516
560 5527
561 5537
566 5547
567 5552
568 5556
569 5564
570 5574
571 5580
572 5587
573 5592
574 5597
575 5603
576 5607
577 5616
578 5622
579 5631
580 5643
581 5652
582 5662
583 5670
584 5678
585 5686
586 5693
587 5700
588 5709
589 5717
593 5729
594 5735
595 5746
597 5757
598 5766
599 5771
600 5777
601 5786
602 5793
603 5800
604 5808
605 5817
606 5824
607 5829
608 5838
609 5849
610 5861
611 5869
612 5878
613 5887
614 5898
615 5906
616 5914
620 5919
624 5923
625 5932
626 5944
627 5956
628 5968
629 5980
630 5991
631 6003
632 6013
633 6024
634 6036
635 6048
636 6060
637 6072
638 6084
639 6096
640 6108
641 6118
642 6129
643 6140
644 6151
645 6163
646 6173
647 6185
648 6197
649 6209
650 6221
651 6233
652 6245
653 6256
654 6268
655 6277
656 6289
657 6301
658 6313
659 6325
660 6335
661 6347
662 6358
663 6370
664 6382
665 6394
666 6404
667 6415
668 6426
669 6436
670 6448
671 6459
672 6466
673 6476
674 6487
675 6499
676 6511
677 6522
678 6534
679 6546
680 6558
681 6570
682 6582
683 6594
684 6605
685 6617
686 6629
687 6641
688 6653
689 6665
690 6677
691 6689
692 6701
693 6713
694 6724
695 6736
696 6748
697 6760
698 6772
699 6783
700 6795
701 6807
702 6819
703 6831
704 6843
705 6855
706 6867
707 6879
708 6891
709 6903
710 6915
711 6927
712 6939
713 6951
714 6960
715 6966
716 6971
717 6982
718 6994
719 7006
720 7018
721 7030
722 7042
723 7054
724 7065
725 7076
726 7084
729 7090
730 7098
731 7102
732 7103
734 7112
735 7123
736 7134
737 7146
738 7158
739 7170
740 7181
741 7192
742 7202
743 7210
744 7219
745 7228
746 7238
747 7246
748 7258
749 7269
750 7280
751 7291
752 7303
753 7315
754 7327
755 7339
756 7349
757 7355
758 7366
759 7378
760 7388
761 7397
762 7409
763 7421
764 7433
765 7445
766 7456
767 7468
768 7480
769 7492
770 7504
771 7509
772 7516
773 7526
774 7534
775 7542
776 7552
777 7564
778 7575
779 7587
780 7599
781 7611
782 7621
783 7631
784 7642
785 7652
786 7662
787 7673
788 7680
789 7690
790 7701
791 7712
792 7724
793 7736
794 7748
795 7760
796 7772
797 7784
798 7796
799 7807
800 7819
801 7828
802 7834
803 7835
