0 324
1 328
2 332
3 336
4 340
5 344
6 348
7 352
8 356
9 360
10 364
11 368
12 372
13 376
14 380
15 384
16 388
17 392
18 396
19 400
20 404
21 408
22 412
23 416
24 420
25 424
26 428
27 432
28 436
29 440
30 444
31 448
32 452
33 456
34 460
35 464
36 468
37 472
38 476
39 480
40 484
41 488
42 492
43 496
44 500
45 504
46 508
47 512
48 516
49 520
50 524
51 528
52 532
53 536
54 540
55 544
56 548
57 552
58 556
59 560
60 564
61 568
62 572
63 576
64 580
65 584
66 588
67 592
68 596
69 600
70 604
71 608
72 612
73 616
74 620
75 624
76 628
77 632
78 636
79 640
80 644
81 648
82 652
83 656
84 660
85 664
86 668
87 672
88 676
89 680
90 684
91 688
92 692
93 696
94 700
95 704
96 708
97 712
98 716
99 720
100 724
101 728
102 732
103 736
104 740
105 744
106 748
107 752
108 756
109 760
110 764
111 768
112 772
113 776
114 780
115 784
116 788
117 792
118 796
119 800
120 804
121 808
122 812
123 816
124 820
125 824
126 828
127 832
128 836
129 840
130 844
131 848
132 852
133 856
134 859
135 863
136 867
137 871
138 875
139 879
140 883
141 887
142 891
143 895
144 899
145 903
146 907
147 911
148 915
149 919
150 923
151 927
152 931
153 935
154 939
155 943
156 947
157 951
158 955
159 959
160 963
161 967
162 971
163 975
164 979
165 983
166 987
167 991
168 995
169 999
170 1003
171 1007
172 1011
173 1015
174 1019
175 1023
176 1027
177 1031
178 1035
179 1039
180 1043
181 1047
182 1051
183 1055
184 1059
185 1063
186 1067
187 1071
188 1075
189 1079
190 1083
191 1087
192 1091
193 1095
194 1099
195 1103
196 1107
197 1111
198 1115
199 1119
200 1123
201 1127
202 1131
203 1135
204 1139
205 1143
206 1147
207 1151
208 1155
209 1159
210 1163
211 1167
212 1171
213 1175
214 1179
215 1183
216 1187
217 1191
218 1195
219 1199
220 1203
221 1207
222 1211
223 1215
224 1219
225 1223
226 1227
227 1231
228 1235
229 1239
230 1243
231 1247
232 1251
233 1255
234 1259
235 1263
236 1267
237 1271
238 1275
239 1279
240 1283
241 1287
242 1291
243 1295
244 1299
245 1303
246 1307
247 1311
248 1315
249 1319
250 1323
251 1327
252 1331
253 1335
254 1339
255 1343
256 1347
257 1351
258 1355
259 1359
260 1363
261 1367
262 1371
263 1375
264 1379
265 1383
266 1387
267 1391
268 1395
269 1399
270 1403
271 1407
272 1411
273 1415
274 1419
275 1423
276 1427
277 1431
278 1435
279 1439
280 1443
281 1447
282 1451
283 1455
284 1459
285 1463
286 1467
287 1471
288 1475
289 1479
290 1483
291 1487
292 1491
293 1495
294 1499
295 1503
296 1507
297 1511
298 1515
299 1519
300 1523
301 1527
302 1531
303 1535
304 1539
305 1543
306 1547
307 1551
308 1555
309 1559
310 1563
311 1567
312 1571
313 1575
314 1579
315 1583
316 1587
317 1591
318 1595
319 1599
320 1603
321 1607
322 1611
323 1615
324 1619
325 1623
326 1627
327 1631
328 1635
329 1639
330 1643
331 1647
332 1651
333 1655
334 1659
335 1663
336 1667
337 1671
338 1675
339 1679
340 1683
341 1687
342 1691
343 1695
344 1699
345 1703
346 1707
347 1711
348 1715
349 1719
350 1723
351 1727
352 1731
353 1735
354 1739
355 1743
356 1747
357 1751
358 1755
359 1759
360 1763
361 1767
362 1771
363 1775
364 1779
365 1783
366 1787
367 1791
368 1795
369 1799
370 1803
371 1807
372 1811
373 1815
374 1819
375 1823
376 1827
377 1831
378 1835
379 1839
380 1843
381 1847
382 1851
383 1855
384 1859
385 1863
386 1867
387 1871
388 1875
389 1879
390 1883
391 1887
392 1891
393 1895
394 1899
395 1903
396 1907
397 1911
398 1915
399 1919
400 1923
401 1927
402 1931
403 1935
404 1939
405 1943
406 1947
407 1951
408 1955
409 1959
410 1963
411 1967
412 1971
413 1975
414 1979
415 1983
416 1987
417 1991
418 1995
419 1999
420 2003
421 2007
422 2011
423 2015
424 2019
425 2023
426 2027
427 2031
428 2035
429 2039
430 2043
431 2047
432 2051
433 2055
434 2059
435 2063
436 2067
437 2071
438 2075
439 2079
440 2083
441 2087
442 2091
443 2095
444 2099
445 2103
446 2107
447 2111
448 2115
449 2119
450 2123
451 2127
452 2131
453 2135
454 2139
455 2143
456 2147
457 2151
458 2155
459 2159
460 2163
461 2167
462 2171
463 2175
464 2179
465 2183
466 2187
467 2191
468 2195
469 2199
470 2203
471 2207
472 2211
473 2215
474 2219
475 2223
476 2227
477 2231
478 2235
479 2239
480 2243
481 2247
482 2251
483 2255
484 2259
485 2263
486 2267
487 2271
488 2275
489 2279
490 2283
491 2287
492 2291
493 2295
494 2299
495 2303
496 2307
497 2311
498 2315
499 2319
500 2323
501 2327
502 2331
503 2335
504 2339
505 2343
506 2347
507 2351
508 2355
509 2359
510 2363
511 2367
512 2371
513 2375
514 2379
515 2383
516 2387
517 2391
518 2395
519 2399
520 2403
521 2407
522 2411
523 2415
524 2419
525 2423
526 2427
527 2431
528 2435
529 2439
530 2443
531 2447
532 2451
533 2455
534 2459
535 2463
536 2467
537 2471
538 2475
539 2479
540 2483
541 2487
542 2491
543 2495
544 2499
545 2503
546 2507
547 2511
548 2515
549 2519
550 2523
551 2527
552 2531
553 2535
554 2539
555 2543
556 2547
557 2551
558 2555
559 2559
560 2563
561 2567
562 2571
563 2575
564 2579
565 2583
566 2587
567 2591
568 2595
569 2599
570 2603
571 2607
572 2611
573 2615
574 2619
575 2623
576 2627
577 2631
578 2635
579 2639
580 2643
581 2647
582 2651
583 2655
584 2659
585 2663
586 2667
587 2671
588 2675
589 2679
590 2683
591 2687
592 2691
593 2695
594 2699
595 2703
596 2707
597 2711
598 2715
599 2719
600 2723
601 2727
602 2731
603 2735
604 2739
605 2743
606 2747
607 2751
608 2755
609 2759
610 2763
611 2767
612 2771
613 2775
614 2779
615 2783
616 2787
617 2791
618 2795
619 2799
620 2803
621 2807
622 2811
623 2815
624 2819
625 2823
626 2827
627 2831
628 2835
629 2839
630 2843
631 2847
632 2851
633 2855
634 2859
635 2863
636 2867
637 2871
638 2875
639 2879
640 2883
641 2887
642 2891
643 2895
644 2899
645 2903
646 2907
647 2911
648 2915
649 2919
650 2923
651 2927
652 2931
653 2935
654 2939
655 2943
656 2947
657 2951
658 2955
659 2958
660 2961
661 2962
662 2964
666 2965
668 2966
669 2967
670 2968
671 2969
672 2970
673 2972
674 2973
675 2976
676 2977
677 2978
679 2981
680 2984
681 2987
682 2991
683 2993
684 2996
685 3000
686 3002
687 3006
688 3010
689 3014
690 3017
691 3021
692 3025
693 3028
694 3031
695 3035
696 3038
697 3042
698 3046
699 3050
700 3054
701 3058
702 3062
703 3066
704 3070
705 3074
706 3078
707 3082
708 3086
709 3090
710 3094
711 3098
712 3102
713 3106
714 3110
715 3114
716 3118
717 3122
718 3126
719 3130
720 3134
721 3138
722 3142
723 3146
724 3150
725 3154
726 3158
727 3162
728 3166
729 3170
730 3174
731 3178
732 3182
733 3186
734 3190
735 3194
736 3198
737 3202
738 3206
739 3210
740 3214
741 3218
742 3222
743 3226
744 3230
745 3234
746 3238
747 3242
748 3246
749 3250
750 3254
751 3258
752 3262
753 3266
754 3270
755 3274
756 3278
757 3282
758 3286
759 3290
760 3294
761 3298
762 3302
763 3306
764 3310
765 3314
766 3318
767 3322
768 3326
769 3330
770 3334
771 3338
772 3342
773 3346
774 3350
775 3354
776 3358
777 3362
778 3366
779 3370
780 3374
781 3378
782 3382
783 3386
784 3390
785 3394
786 3398
787 3402
788 3406
789 3410
790 3414
791 3418
792 3422
793 3426
794 3430
795 3434
796 3438
797 3442
798 3446
799 3450
800 3454
801 3458
802 3462
803 3466
804 3470
805 3474
806 3478
807 3482
808 3486
809 3490
810 3494
811 3498
812 3502
813 3506
814 3510
815 3514
816 3518
817 3522
818 3526
819 3530
820 3534
821 3538
822 3542
823 3546
824 3550
825 3554
826 3558
827 3562
828 3566
829 3570
830 3574
831 3578
832 3582
833 3586
834 3590
835 3594
836 3598
837 3602
838 3606
839 3610
840 3614
841 3618
842 3622
843 3626
844 3630
845 3634
846 3638
847 3641
848 3645
849 3649
850 3653
851 3657
852 3661
853 3665
854 3669
855 3673
856 3677
857 3681
858 3685
859 3689
860 3693
861 3697
862 3701
863 3705
864 3709
865 3713
866 3717
867 3721
868 3725
869 3729
870 3733
871 3737
872 3741
873 3744
874 3748
875 3752
876 3756
877 3760
878 3764
879 3768
880 3772
881 3776
882 3780
883 3784
884 3788
885 3792
886 3796
887 3800
888 3804
889 3808
890 3812
891 3816
892 3820
893 3824
894 3828
895 3832
896 3836
897 3840
898 3844
899 3848
900 3852
901 3856
902 3860
903 3864
904 3868
905 3872
906 3876
907 3880
908 3884
909 3888
910 3892
911 3896
912 3900
913 3904
914 3908
915 3912
916 3916
917 3920
918 3924
919 3928
920 3932
921 3936
922 3940
923 3944
924 3948
925 3952
926 3956
927 3960
928 3964
929 3968
930 3972
931 3976
932 3980
933 3984
934 3988
935 3992
936 3996
937 4000
938 4004
939 4008
940 4012
941 4016
942 4020
943 4024
944 4028
945 4032
946 4036
947 4040
948 4044
949 4048
950 4052
951 4056
952 4060
953 4064
954 4068
955 4072
956 4076
957 4080
958 4084
959 4088
960 4092
961 4096
962 4100
963 4104
964 4108
965 4112
966 4116
967 4120
968 4124
969 4128
970 4132
971 4136
972 4140
973 4144
974 4148
975 4152
976 4156
977 4160
978 4164
979 4168
980 4172
981 4176
982 4180
983 4184
984 4188
985 4192
986 4196
987 4200
988 4204
989 4208
990 4212
991 4216
992 4220
993 4224
994 4228
995 4232
996 4236
997 4240
998 4244
999 4248
1000 4252
1001 4256
1002 4260
1003 4264
1004 4268
1005 4272
1006 4276
1007 4280
1008 4284
1009 4288
1010 4292
1011 4296
1012 4300
1013 4304
1014 4308
1015 4312
1016 4316
1017 4320
1018 4324
1019 4328
1020 4332
1021 4336
1022 4340
1023 4344
1024 4348
1025 4352
1026 4356
1027 4360
1028 4364
1029 4368
1030 4372
1031 4376
1032 4380
1033 4384
1034 4388
1035 4392
1036 4396
1037 4400
1038 4404
1039 4408
1040 4412
1041 4416
1042 4420
1043 4424
1044 4428
1045 4432
1046 4436
1047 4440
1048 4444
1049 4448
1050 4452
1051 4456
1052 4460
1053 4464
1054 4468
1055 4472
1056 4476
1057 4480
1058 4484
1059 4488
1060 4492
1061 4496
1062 4500
1063 4504
1064 4508
1065 4512
1066 4516
1067 4520
1068 4524
1069 4528
1070 4532
1071 4536
1072 4540
1073 4544
1074 4548
1075 4552
1076 4556
1077 4560
1078 4564
1079 4568
1080 4572
1081 4576
1082 4580
1083 4584
1084 4588
1085 4592
1086 4596
1087 4600
1088 4604
1089 4608
1090 4612
1091 4616
1092 4620
1093 4624
1094 4628
1095 4632
1096 4636
1097 4640
1098 4644
1099 4648
1100 4652
1101 4656
1102 4660
1103 4664
1104 4668
1105 4672
1106 4676
1107 4680
1108 4683
1109 4687
1110 4691
1111 4695
1112 4699
1113 4703
1114 4707
1115 4711
1116 4715
1117 4719
1118 4723
1119 4727
1120 4731
1121 4735
1122 4739
1123 4743
1124 4747
1125 4751
1126 4755
1127 4759
1128 4763
1129 4767
1130 4771
1131 4775
1132 4779
1133 4783
1134 4787
1135 4791
1136 4795
1137 4799
1138 4803
1139 4807
1140 4811
1141 4815
1142 4819
1143 4823
1144 4827
1145 4831
1146 4835
1147 4839
1148 4843
1149 4847
1150 4851
1151 4855
1152 4859
1153 4863
1154 4867
1155 4871
1156 4875
1157 4879
1158 4883
1159 4887
1160 4891
1161 4895
1162 4899
1163 4903
1164 4907
1165 4911
1166 4915
1167 4919
1168 4923
1169 4927
1170 4931
1171 4935
1172 4939
1173 4943
1174 4947
1175 4951
1176 4955
1177 4959
1178 4963
1179 4967
1180 4971
1181 4975
1182 4979
1183 4983
1184 4987
1185 4991
1186 4995
1187 4999
1188 5003
1189 5007
1190 5011
1191 5015
1192 5019
1193 5023
1194 5027
1195 5031
1196 5035
1197 5039
1198 5043
1199 5047
1200 5051
1201 5055
1202 5059
1203 5063
1204 5067
1205 5071
1206 5075
1207 5079
1208 5083
1209 5087
1210 5091
1211 5095
1212 5099
1213 5103
1214 5107
1215 5111
1216 5115
1217 5119
1218 5123
1219 5127
1220 5131
1221 5135
1222 5139
1223 5143
1224 5147
1225 5151
1226 5155
1227 5159
1228 5163
1229 5167
1230 5171
1231 5175
1232 5179
1233 5183
1234 5187
1235 5191
1236 5195
1237 5199
1238 5203
1239 5207
1240 5211
1241 5215
1242 5219
1243 5223
1244 5227
1245 5231
1246 5235
1247 5239
1248 5243
1249 5247
1250 5251
1251 5255
1252 5259
1253 5263
1254 5267
1255 5271
1256 5275
1257 5279
1258 5283
1259 5287
1260 5291
1261 5295
1262 5299
1263 5303
1264 5307
1265 5311
1266 5315
1267 5319
1268 5323
1269 5327
1270 5331
1271 5335
1272 5339
1273 5343
1274 5347
1275 5351
1276 5355
1277 5359
1278 5363
1279 5367
1280 5371
1281 5375
1282 5379
1283 5383
1284 5387
1285 5391
1286 5395
1287 5399
1288 5403
1289 5407
1290 5411
1291 5415
1292 5419
1293 5423
1294 5427
1295 5431
1296 5435
1297 5439
1298 5443
1299 5447
1300 5451
1301 5455
1302 5459
1303 5463
1304 5467
1305 5471
1306 5475
1307 5479
1308 5483
1309 5487
1310 5491
1311 5495
1312 5499
1313 5503
1314 5507
1315 5511
1316 5515
1317 5519
1318 5523
1319 5527
1320 5531
1321 5535
1322 5539
1323 5543
1324 5547
1325 5551
1326 5555
1327 5559
1328 5563
1329 5567
1330 5571
1331 5575
1332 5579
1333 5583
1334 5587
1335 5591
1336 5595
1337 5599
1338 5603
1339 5607
1340 5611
1341 5615
1342 5619
1343 5623
1344 5627
1345 5631
1346 5635
1347 5639
1348 5643
1349 5647
1350 5651
1351 5655
1352 5659
1353 5663
1354 5667
1355 5671
1356 5675
1357 5679
1358 5683
1359 5687
1360 5691
1361 5695
1362 5699
1363 5703
1364 5707
1365 5711
1366 5715
1367 5719
1368 5723
1369 5727
1370 5731
1371 5735
1372 5739
1373 5743
1374 5747
1375 5751
1376 5755
1377 5759
1378 5763
1379 5767
1380 5771
1381 5775
1382 5779
1383 5783
1384 5787
1385 5791
1386 5795
1387 5799
1388 5803
1389 5807
1390 5811
1391 5815
1392 5819
1393 5823
1394 5827
1395 5831
1396 5835
1397 5839
1398 5843
1399 5847
1400 5851
1401 5855
1402 5859
1403 5863
1404 5867
1405 5871
1406 5875
1407 5879
1408 5883
1409 5887
1410 5891
1411 5895
1412 5899
1413 5903
1414 5907
1415 5911
1416 5915
1417 5919
1418 5923
1419 5927
1420 5931
1421 5935
1422 5939
1423 5943
1424 5947
1425 5951
1426 5955
1427 5959
1428 5963
1429 5967
1430 5971
1431 5975
1432 5979
1433 5983
1434 5987
1435 5991
1436 5995
1437 5999
1438 6003
1439 6007
1440 6011
1441 6015
1442 6019
1443 6023
1444 6027
1445 6031
1446 6035
1447 6039
1448 6043
1449 6047
1450 6051
1451 6055
1452 6059
1453 6063
1454 6067
1455 6071
1456 6075
1457 6079
1458 6083
1459 6087
1460 6091
1461 6094
1462 6097
1463 6101
1464 6103
1465 6105
1466 6109
1467 6110
1468 6111
1469 6114
1470 6117
1471 6119
1472 6120
1473 6122
1475 6123
1476 6125
1477 6127
1478 6130
1482 6131
1483 6135
1484 6139
1487 6141
1488 6142
1489 6144
1490 6145
1491 6146
1503 6147
1508 6148
1515 6149
1516 6150
1520 6151
1522 6152
1523 6154
1524 6157
1525 6158
1526 6159
1528 6160
1530 6161
1531 6162
1532 6163
1534 6164
1535 6165
1537 6166
1541 6167
1553 6168
1555 6169
1556 6170
1557 6171
1558 6172
1560 6173
1561 6175
1562 6176
1563 6177
1564 6178
1569 6179
1570 6180
1571 6182
1572 6183
1573 6186
1574 6187
1575 6189
1576 6190
1578 6191
1579 6193
1584 6194
1585 6195
1586 6196
1591 6198
1593 6200
1594 6201
1596 6202
1601 6203
1602 6204
1604 6206
1605 6207
1606 6208
1607 6209
1608 6210
1609 6211
1610 6212
1611 6214
1613 6215
1614 6216
1615 6217
1616 6220
1617 6222
1619 6224
1620 6226
1621 6227
1622 6230
1623 6233
1624 6235
1625 6237
1626 6239
1627 6243
1628 6245
1630 6246
1631 6247
1632 6248
1633 6249
1635 6250
1636 6251
1638 6252
1640 6254
1641 6255
1642 6256
1643 6258
1645 6259
1647 6260
1649 6261
1650 6262
1651 6263
1652 6264
1653 6266
1654 6270
1655 6271
1656 6272
1657 6274
1658 6278
1659 6282
1660 6286
1661 6290
1662 6294
1663 6298
1664 6302
1665 6306
1666 6310
1667 6314
1668 6318
1669 6322
1670 6326
1671 6330
1672 6334
1673 6338
1674 6342
1675 6346
1676 6350
1677 6354
1678 6358
1679 6362
1680 6366
1681 6370
1682 6373
1683 6377
1684 6381
1685 6385
1686 6389
1687 6393
1688 6397
1689 6401
1690 6405
1691 6409
1692 6413
1693 6417
1694 6421
1695 6425
1696 6429
1697 6433
1698 6437
1699 6441
1700 6445
1701 6449
1702 6453
1703 6457
1704 6461
1705 6465
1706 6469
1707 6473
1708 6477
1709 6481
1710 6485
1711 6489
1712 6493
1713 6497
1714 6501
1715 6505
1716 6509
1717 6513
1718 6517
1719 6521
1720 6525
1721 6529
1722 6533
1723 6537
1724 6541
1725 6545
1726 6549
1727 6553
1728 6557
1729 6561
1730 6565
1731 6569
1732 6573
1733 6577
1734 6581
1735 6585
1736 6589
1737 6593
1738 6597
1739 6601
1740 6605
1741 6609
1742 6613
1743 6617
1744 6621
1745 6625
1746 6629
1747 6633
1748 6637
1749 6641
1750 6645
1751 6649
1752 6653
1753 6657
1754 6661
1755 6665
1756 6669
1757 6673
1758 6677
1759 6681
1760 6685
1761 6689
1762 6693
1763 6697
1764 6701
1765 6705
1766 6709
1767 6713
1768 6717
1769 6721
1770 6725
1771 6729
1772 6733
1773 6737
1774 6741
1775 6745
1776 6749
1777 6753
1778 6757
1779 6761
1780 6765
1781 6769
1782 6773
1783 6777
1784 6781
1785 6785
1786 6789
1787 6793
1788 6797
1789 6801
1790 6805
1791 6809
1792 6813
1793 6817
1794 6821
1795 6825
1796 6829
1797 6833
1798 6837
1799 6841
1800 6845
1801 6849
1802 6853
1803 6857
1804 6861
1805 6865
1806 6869
1807 6873
1808 6877
1809 6881
1810 6885
1811 6889
1812 6893
1813 6897
1814 6901
1815 6905
1816 6909
1817 6913
1818 6917
1819 6921
1820 6925
1821 6929
1822 6933
1823 6937
1824 6941
1825 6945
1826 6949
1827 6953
1828 6957
1829 6961
1830 6965
1831 6969
1832 6973
1833 6977
1834 6981
1835 6985
1836 6989
1837 6993
1838 6997
1839 7001
1840 7005
1841 7009
1842 7013
1843 7017
1844 7021
1845 7025
1846 7029
1847 7033
1848 7037
1849 7041
1850 7045
1851 7049
1852 7052
1853 7056
1854 7060
1855 7064
1856 7068
1857 7072
1858 7076
1859 7080
1860 7084
1861 7088
1862 7092
1863 7096
1864 7100
1865 7104
1866 7108
1867 7112
1868 7116
1869 7120
1870 7124
1871 7128
1872 7132
1873 7136
1874 7140
1875 7144
1876 7148
1877 7152
1878 7156
1879 7160
1880 7164
1881 7168
1882 7172
1883 7176
1884 7180
1885 7184
1886 7188
1887 7192
1888 7196
1889 7200
1890 7204
1891 7208
1892 7212
1893 7216
1894 7220
1895 7223
1896 7227
1897 7231
1898 7235
1899 7239
1900 7243
1901 7247
1902 7251
1903 7255
1904 7259
1905 7263
1906 7267
1907 7271
1908 7275
1909 7279
1910 7283
1911 7287
1912 7291
1913 7295
1914 7299
1915 7303
1916 7307
1917 7311
1918 7315
1919 7319
1920 7323
1921 7327
1922 7331
1923 7334
1924 7338
1925 7341
1926 7345
1927 7349
1928 7353
1929 7356
1930 7360
1931 7364
1932 7368
1933 7372
1934 7376
1935 7380
1936 7384
1937 7388
1938 7392
1939 7396
1940 7400
1941 7404
1942 7408
1943 7412
1944 7415
1945 7418
1946 7420
1947 7423
1948 7427
1949 7431
1950 7435
1951 7439
1952 7443
1953 7447
1954 7451
1955 7455
1956 7459
1957 7463
1958 7467
1959 7471
1960 7475
1961 7479
1962 7483
1963 7487
1964 7491
1965 7495
1966 7499
1967 7503
1968 7507
1969 7511
1970 7515
1971 7519
1972 7523
1973 7527
1974 7531
1975 7535
1976 7539
1977 7543
1978 7547
1979 7551
1980 7555
1981 7559
1982 7563
1983 7567
1984 7571
1985 7575
1986 7579
1987 7583
1988 7587
1989 7591
1990 7595
1991 7599
1992 7603
1993 7607
1994 7611
1995 7615
1996 7619
1997 7623
1998 7627
1999 7631
2000 7635
2001 7639
2002 7643
2003 7647
2004 7651
2005 7655
2006 7659
2007 7663
2008 7667
2009 7671
2010 7675
2011 7679
2012 7683
2013 7687
2014 7691
2015 7695
2016 7699
2017 7703
2018 7707
2019 7711
2020 7715
2021 7719
2022 7723
2023 7727
2024 7731
2025 7735
2026 7739
2027 7743
2028 7747
2029 7751
2030 7755
2031 7759
2032 7763
2033 7767
2034 7771
2035 7775
2036 7779
2037 7783
2038 7787
2039 7791
2040 7795
2041 7799
2042 7803
2043 7807
2044 7811
2045 7815
2046 7819
2047 7823
2048 7827
2049 7831
2050 7835
2051 7839
2052 7843
2053 7847
2054 7851
2055 7855
2056 7859
2057 7863
2058 7867
2059 7871
2060 7875
2061 7879
2062 7883
2063 7887
2064 7891
2065 7895
2066 7899
2067 7903
2068 7907
2069 7911
2070 7915
2071 7919
2072 7923
2073 7927
2074 7931
2075 7935
2076 7939
2077 7943
2078 7947
2079 7951
2080 7955
2081 7959
2082 7963
2083 7967
